    2  9399
    8    16
   11  5278
   17  9399
   19    15
   19 18714
   20 18701
   22 17125
   25 18701
   38 18647
   38 18699
  120 10464
  449  4278
  644 18269
  780  5782
  788  5188
  795 11443
  854   744
  855  7767
  873  4867
  919  8069
 1068  5322
 1087  4475
 1181 12133
 1223  6456
 1280  6393
 1359  5675
 1436  7335
 1509  8662
 1628  2708
 1695 13476
 1776 11699
 1811 18274
 1822  7805
 1832   370
 2025  8662
 2068   914
 2083  1726
 2115 14934
 2142  5611
 2143  6754
 2159 17272
 2173 18503
 2280  5508
 2389 11051
 2476  7092
 2533  5720
 2535 18503
 2545  9003
 2576 18503
 2603  3435
 2605  5521
 2713  5370
 2851  4236
 2918 12131
 2999  2412
 3067  6119
 3192  5767
 3320   251
 3439 18443
 3566  5870
 3579  6064
 3590  5877
 3656  6065
 3680  6020
 3734 18694
 3738  3333
 3742  6306
 3753  5915
 3753  5916
 3760  6107
 3769  5923
 3786  9390
 3873 16643
 3904  6556
 3909  5980
 3946  2314
 3968 11774
 4081 17618
 4088  6180
 4154   239
 4275 12088
 4327 11675
 4355  5766
 4362  6082
 4367  1120
 4391  6075
 4404  1530
 4584  8211
 4606  5782
 4631  3386
 4633 11823
 4706  7338
 4799 12615
 4839   140
 4846  7341
 4905 17081
 4907  7247
 4931  7261
 4943  7856
 4954  7292
 4957  7292
 4961  7289
 4980  7313
 5000 14118
 5023  7351
 5027 18224
 5063  7367
 5100 10688
 5102 10216
 5138  7971
 5236  2010
 5323  5354
 5325  7805
 5342 11443
 5351  1175
 5358 12344
 5371  1704
 5376  5327
 5399  6787
 5413  3738
 5455  6097
 5465  6506
 5480 12910
 5482  5243
 5563  3045
 5597  8120
 5606  8134
 5631  8162
 5636  8164
 5664  8277
 5669  8264
 5677  8248
 5699  8257
 5707  8280
 5712  8284
 5722  8309
 5734  8297
 5739  8310
 5741  8355
 5742  8314
 5744  8338
 5756  8036
 5765  8333
 5770 18322
 5783  8463
 5788  8399
 5804  8373
 5807  8434
 5808  8090
 5810  8442
 5816  4011
 5817  8392
 5825  8485
 5828  5860
 5840  7985
 5852  8102
 5860  8447
 5869  8467
 5888  8431
 5914  8178
 5920 11019
 5927  8464
 5933  8518
 5938 12950
 5995  9079
 6023  9030
 6052 10531
 6080  9097
 6137 10772
 6140  8461
 6169  9326
 6177 12363
 6180  4541
 6247  2385
 6354  1385
 6376  8739
 6425  4150
 6441  9528
 6508 12369
 6511 12439
 6525  3233
 6531 10160
 6533 18245
 6542  9612
 6574  5454
 6574  8797
 6650  9718
 6656 10755
 6659 10062
 6668  1181
 6680  5704
 6681  7968
 6701  9610
 6733  9829
 6738  9950
 6745  9950
 6748  9946
 6758  5582
 6766  4582
 6771 17655
 6799  9054
 6853  9585
 6867 14020
 6891  6218
 6901 18647
 6905  9206
 6912  9796
 6913  9646
 6917 18503
 6918 18274
 6925  8752
 6940 10325
 6959  9264
 6963 17974
 6970  9786
 6972   673
 6974  9707
 6982 18416
 6989   795
 7029  3196
 7171  9985
 7176 11234
 7178  9434
 7202 11934
 7282  1068
 7286 18615
 7310  8551
 7325  4449
 7427 10730
 7446  8227
 7448  9704
 7449  6047
 7450  9847
 7514 17746
 7539  8955
 7554  1408
 7556  4565
 7570 11887
 7573  5875
 7631  7410
 7639  8051
 7680  2737
 7683  1451
 7686  8350
 7738 12305
 7794 10706
 7809 10747
 7817  8584
 7861 10933
 7880  6375
 7899 11152
 7903  4496
 7904 10975
 7916 11031
 7922 11023
 7926 11196
 7931 11069
 7938 11022
 7951  8208
 7964 10833
 7971 11134
 7973 11072
 7980 11079
 7981 11098
 7999 11130
 8000  9428
 8005 11132
 8026  1842
 8034 11165
 8036 11191
 8049 11195
 8109 11265
 8122 11361
 8130 11307
 8141 11322
 8154  5435
 8167 11379
 8172 11407
 8180 11406
 8225 11453
 8227 17051
 8246  7781
 8251  9216
 8283 11507
 8298 11896
 8301 11509
 8316 11536
 8317  4706
 8322  3722
 8358 11566
 8377 11133
 8425 12363
 8428  4573
 8495 13270
 8509 11220
 8512 11233
 8517  6031
 8519  7412
 8553 18301
 8572 12314
 8575 11374
 8611 12322
 8640 12363
 8664 10604
 8675 12484
 8683 12425
 8688 17957
 8691 12367
 8726 10604
 8735  7657
 8777 12623
 8923 11051
 8969  7974
 8979  5547
 8997   671
 9041 16105
 9058  7874
 9069 12007
 9099 10671
 9110  8080
 9115   289
 9199  2433
 9258 18359
 9292  5003
 9298 12363
 9304  7528
 9337 18503
 9358 18724
 9426  5101
 9431 18273
 9493  2462
 9515  4382
 9518    59
 9556    16
 9571 12781
 9579 12821
 9586 12820
 9588 12820
 9596  3316
 9612 12935
 9630     0
 9632 13726
 9633 18694
 9647  8625
 9685 13956
 9698   248
 9709 14334
 9725 13879
 9727  4515
 9751  4515
 9809 14728
 9833 14625
 9838 14157
 9856 14409
 9876 18046
 9877  2877
 9879 15009
 9881 14584
 9895 14522
 9898 18042
 9915 18042
 9919 14554
 9928  5365
 9937 14666
 9995  5886
10044 15491
10259 15246
10363 16265
10395 10361
10400 15438
10607  4050
10620 11235
10667  7060
10859 18196
10869  1473
11058  2907
11082 10483
11096  3561
11113 16705
11220  1064
11272  1267
11586 14658
11593 17713
11716 10390
11851 12058
11887  5675
11931  5675
12223  1910
12244 10507
12384  5059
12651  8836
12744   118
12766 18503
12887  6934
12924 11051
12945  8370
13001  9332
13002  6934
13094 14119
13245 16256
13256  9221
13348  3371
13400  6597
13446 13498
13464 14888
13618 18138
13808 18359
13984  6760
14150  3367
14170 10239
14229  6754
14251  7270
14271 16534
14299 18436
14332 18564
14488 10534
14522 12227
14543 18461
14671 13775
14736  6353
14781 16129
14818 16627
15065  4436
15312   335
15356  5607
15480 18610
15587  5344
15692  1556
15857 11051
15936  9164
16433 16168
16622 18446
16705 18639
16787 18678
16791 18138
16838 15785
16951  9465
17030  5581
17160 16782
17259 16093
17418 15944
17443 17257
17446 11282
17542 10264
17672  5952
17744  8085
17874  6508
17894   195
18018  3319
18420  6652
18586 18641
18775   195
18836  9184
18943 12158
18984  3367
19015 14020
19021 10828
19031  3472
19069  7610
19160 15063
19249 12815
19261 15317
19588  2001
19673 14682
19750  9345
19823  5183
19878  3560
19935  6700
19945  7767
20020  1888
20105  6375
20156 10289
20201    89
20522 11428
20548 18092
20663 17692
20716 12717
20730 10348
20800 16471
20813 18379
20910  1133
20954 13485
20962 15224
21004 12303
21009 11606
21022 16999
21031 14187
21290   998
21389  2028
21522 15513
21536 16775
21541   195
21612 14263
21753  9228
21977 18603
22099  7811
22150 15421
22241  7926
22309  4394
22547  4260
22702  7974
22737 18216
22799  1123
23166  1330
23176  3269
23212 14175
23393 18457
23563  2196
23802 16626
23812  8631
23832 12526
23862 10604
24006 16008
24048  5509
24049 10150
24077  4613
24172   644
24303 15271
24380  5033
24384 14037
24494  5646
24576  8045
24678 16472
24716 17509
24750  8232
24775 12466
24785  2778
24849  7974
24879 10243
24933 11377
24942  3656
25014  4574
25295 17750
25480  2486
25585 12135
25661 17012
25734  4841
25774   787
25796   491
25805 17509
25815  2012
25858  8177
25918 10124
25943    89
25967  1583
25986 13436
26006 12002
26030 13820
26056  5619
26085  2311
26087  2345
26110 17591
26199 10684
26233  6112
26395  9354
26590 12672
26671  8321
26724 18457
26785 18457
26955 11987
26999  8721
27023 14950
27109 18723
27255  1978
27291   627
27307 13521
27321  1501
27329  3630
27366 18132
27584 18130
27600  3518
27669 10285
27685 17555
27721   146
27732 14672
27758   195
27772  8206
27845   914
27846  4161
27850  5553
28060  5039
28080 16736
28145 10918
28198  3983
28228  6708
28266  9399
28291    15
