    1    29
    5 21078
   12    11
   13     7
   14  8171
   18 18285
   20     9
   22 18259
   25     9
   38    29
  426  2374
  496  4386
  501   350
  527  4333
  562  4408
  591 14654
  646  5714
  686    44
  717 19865
  769   112
  772   116
  776  1206
  799   193
  801   196
  813   219
  830   226
  831   223
  836   234
  844   241
  853 26344
  874   265
  878  1122
  900   286
  907    97
  912 26714
  915   309
  917   314
  930   311
  938   148
  943   341
  944   291
  947   301
  954   357
  957   157
  962   362
  974 11197
  985   396
  988   397
  989   398
  994   410
  995   400
  996   406
 1004   416
 1023   437
 1030   441
 1033   445
 1049   460
 1051   461
 1053   463
 1065   493
 1067 24186
 1068   507
 1073   501
 1076   993
 1089   523
 1090  9682
 1092   521
 1093   543
 1100   529
 1108   543
 1109   547
 1111 11159
 1116   570
 1119   574
 1130   590
 1132   591
 1141   623
 1142   594
 1147   623
 1164   628
 1170   631
 1179   644
 1180   637
 1196   657
 1198   658
 1202   671
 1205   677
 1213   683
 1215   691
 1216   688
 1217   687
 1218   686
 1219   754
 1220   694
 1227   705
 1230   759
 1234   698
 1238   702
 1248   706
 1252   750
 1255   715
 1258   743
 1267   750
 1269 27539
 1275   727
 1280   362
 1282   746
 1286   742
 1293   762
 1311   790
 1312   803
 1316   800
 1318   795
 1321   798
 1330   808
 1336   825
 1339   818
 1343   827
 1344   830
 1356  6650
 1362   849
 1363   846
 1366   855
 1367 20344
 1382   863
 1390   869
 1398  8264
 1419   898
 1423   904
 1450   924
 1451   923
 1455   930
 1460   926
 1462   932
 1469   945
 1470   951
 1471   938
 1473   954
 1475   983
 1479   958
 1482   960
 1499   986
 1506   987
 1507   993
 1508   998
 1509   989
 1516  1009
 1518  1023
 1520  1023
 1521  1018
 1522  1017
 1524  1021
 1532  1037
 1534  1040
 1535  1035
 1537  1041
 1538  1058
 1539  1058
 1540  1043
 1546  1059
 1548  1111
 1567  1099
 1575  1115
 1580  1128
 1582  1129
 1586  1149
 1592  1152
 1598  1167
 1624  1200
 1649  1305
 1653  1317
 1658  1340
 1674  1368
 1680  1366
 1688  1372
 1689  1374
 1699  1396
 1710  1419
 1713  1427
 1723  1442
 1733  1273
 1736  1407
 1742  1405
 1743  1405
 1746  1282
 1747  1279
 1757 11372
 1762  1436
 1773  1316
 1783  1331
 1794  1343
 1797  1342
 1800  1314
 1801  1348
 1802  1558
 1821  1443
 1823  1587
 1824   543
 1827  1528
 1831  1386
 1833  1410
 1851  1432
 1857  1567
 1859  1433
 1860  6572
 1862  1619
 1875  1448
 1896  1708
 1904  1483
 1905 11381
 1915 11339
 1923  1496
 1926  1494
 1929  1494
 1930  1604
 1934 11372
 1961  1937
 1966  1582
 1973  1556
 1974  1574
 1975  1553
 1977  1557
 1980  1693
 1985  1699
 1989  1563
 2013  1764
 2025  1755
 2026  1771
 2037  1774
 2041  1788
 2049  1801
 2062  1818
 2063  1821
 2068 23965
 2073  1873
 2077  1848
 2078  1856
 2081  1669
 2087  1834
 2088  1859
 2090  1855
 2096  1854
 2099  1678
 2105  1683
 2106  1876
 2112  1878
 2116  1927
 2127  1919
 2128  1906
 2129  1900
 2131  1704
 2138  1928
 2141  1728
 2142  1934
 2146  1719
 2151  1738
 2152  1752
 2158  1951
 2160  1754
 2165  1958
 2171  1952
 2173  1965
 2187  1807
 2189  1990
 2190  1999
 2196  1808
 2200  2009
 2202  1840
 2204  2002
 2207  1843
 2237  1898
 2249  2081
 2261  2096
 2267  2100
 2269  1946
 2275  2097
 2278  1957
 2279  1988
 2283  2110
 2285 11545
 2290  2116
 2296  2117
 2298  2122
 2314  2138
 2333  2028
 2336  2033
 2353  2153
 2358  2048
 2361  2063
 2370  2185
 2371  2184
 2373  2199
 2379  2208
 2384  2098
 2387  2213
 2388  2204
 2395  2299
 2407 11459
 2408  2220
 2420  2250
 2421  2236
 2437  2261
 2440  2156
 2444  2266
 2447 11629
 2448  2272
 2455  2311
 2456  2291
 2462  2285
 2463  2177
 2466  2285
 2467  2391
 2468  2308
 2469  2306
 2470  2313
 2479  2321
 2484  2309
 2485  2202
 2498 11473
 2503  7795
 2504  2212
 2508  2328
 2533  2373
 2534  2235
 2535 11657
 2546  2381
 2560  2375
 2571  2397
 2574  2281
 2575 10027
 2577  2295
 2578  2401
 2597  2427
 2601  2443
 2602  2449
 2605  2330
 2619  2472
 2620  2465
 2624  2453
 2635  7623
 2643  2473
 2649  2491
 2650  2503
 2666  2405
 2670  2524
 2671  2520
 2676  2537
 2682  2540
 2692  2445
 2693  2544
 2700  2583
 2707  2578
 2710  2501
 2712  2574
 2713  3185
 2714  2597
 2715  2589
 2718  2732
 2726  2599
 2727  2601
 2728  2508
 2733  2598
 2734  2612
 2736  2516
 2737  2620
 2741  2613
 2745  2616
 2747  2621
 2752  2624
 2765  2553
 2766  2643
 2771  2551
 2772  2663
 2776  2669
 2787  2677
 2789  2698
 2794  2717
 2798  4547
 2802  2726
 2803  2728
 2806  2738
 2810  2729
 2812  2619
 2825  2756
 2827  6819
 2828 20509
 2839  2764
 2840  2664
 2849 11783
 2860  2801
 2867  2799
 2870  2794
 2877 24637
 2879  2802
 2885  3833
 2888 11021
 2897  2816
 2914  2829
 2915  2750
 2919  2593
 2926  2724
 2932  2765
 2935  2873
 2939 24103
 2941  2775
 2943  2848
 2946  2867
 2950  2864
 2954  2870
 2955  2874
 2977  2913
 2987  2922
 2991  2923
 2997  2832
 3007  2593
 3008  2835
 3009  2936
 3011  2841
 3013  2941
 3017  2943
 3021  2947
 3023  2957
 3034  2967
 3036  2982
 3047  2889
 3057  2905
 3067  3016
 3069  2921
 3074  3018
 3086  3083
 3099  3055
 3104  3063
 3106  3113
 3119  2976
 3124  3109
 3125  3099
 3128  2992
 3135  3001
 3143  3125
 3144  3129
 3149  3150
 3156  3027
 3157  3000
 3158  3137
 3164  3035
 3170  3169
 3178  3186
 3179  3171
 3180  3191
 3187  3076
 3190  3200
 3191  3088
 3192  3081
 3193  3203
 3196  3197
 3197  3209
 3201  3216
 3205  3226
 3206  3225
 3207  3103
 3208  3230
 3216  3133
 3220  3131
 3221  3123
 3224  3249
 3226  3146
 3228  3255
 3237  3266
 3243  3152
 3244  3156
 3245  3258
 3249  3157
 3252  3276
 3253  3281
 3258  3284
 3259  3283
 3263  3271
 3264  3168
 3273  3273
 3285  3287
 3287  3295
 3297  3313
 3307  3204
 3314  3222
 3319  3326
 3320  3236
 3323  3354
 3324  3336
 3329  3346
 3330  3233
 3334  3366
 3335  3371
 3336  3362
 3339  3252
 3340  3372
 3344  3357
 3347  3383
 3349  3385
 3353  3393
 3357  3403
 3361  3387
 3376  3430
 3378  3442
 3381  3312
 3383  3317
 3388  3453
 3389  1144
 3397  3319
 3424  3492
 3427  3500
 3431  3493
 3440  3515
 3450  3509
 3451  3523
 3455  5270
 3456  3535
 3459  3534
 3467  3547
 3470  3541
 3471  3439
 3476  3553
 3478  3444
 3480  3552
 3483  3564
 3497  3560
 3503  3474
 3506  3597
 3516  3621
 3523  3623
 3538  3631
 3539  3526
 3543  3638
 3545  3652
 3551  3665
 3552  3653
 3557  3662
 3558  3567
 3561  3562
 3566  3576
 3567  3577
 3569  3680
 3574  3690
 3579  3699
 3583  3691
 3584  3704
 3590  3591
 3592  3722
 3608  3734
 3611  3739
 3614  3743
 3622  3747
 3626  3742
 3630  3767
 3633  3762
 3637  3765
 3643  3778
 3648  3793
 3652  3796
 3656  3797
 3657  3785
 3663  3803
 3669  3800
 3676  3829
 3681  3811
 3682  3812
 3683  3820
 3684  3824
 3691  3833
 3693  3853
 3704  3849
 3712  3866
 3713  3753
 3714  3744
 3718  3871
 3722  3869
 3726  3880
 3729  3883
 3745  3911
 3746  3912
 3751  3917
 3753  3786
 3754  3915
 3755  3908
 3759  3783
 3760  3919
 3761  3924
 3766  3943
 3768  3826
 3769  3809
 3772  3946
 3773  3921
 3777  3949
 3793  3965
 3796  3840
 3797  3847
 3801  3975
 3806  3980
 3810  3985
 3812  3991
 3813  3995
 3823  3999
 3824  7933
 3831  3906
 3832  4002
 3833  4000
 3841  4016
 3843  3930
 3846  4018
 3858  4032
 3859  4040
 3869  3954
 3872  4059
 3879  4053
 3893  4069
 3896  4083
 3904  4073
 3906  4089
 3909  3997
 3911  4096
 3913  4090
 3915  4117
 3917  4115
 3929  4122
 3932  4124
 3934  4144
 3953  4153
 3955  4031
 3956  4152
 3972  4178
 3973  4237
 3980  4181
 3981  4187
 3988  4266
 3995  4210
 3997  4201
 3998  4218
 4006  4091
 4007  4217
 4008  4224
 4015  4222
 4025  4325
 4031  4250
 4060  4351
 4061  4255
 4073  4382
 4075  4301
 4079  4308
 4087  4304
 4092  4404
 4094  4186
 4098  4309
 4099  4317
 4103  4321
 4112  4341
 4131  4793
 4132  4345
 4147 24186
 4152  4391
 4181  4441
 4189  4417
 4192  5730
 4194  4447
 4196  4446
 4221  4460
 4224  4496
 4226  4464
 4236  4358
 4263  4558
 4274  4548
 4281  4959
 4285  4425
 4298  4591
 4304  4592
 4313  4611
 4317  4859
 4322  4505
 4328  4574
 4336  4645
 4339  5157
 4345  4661
 4347  4666
 4366  4565
 4391  4569
 4393  5066
 4409  4566
 4418  1938
 4432  4765
 4433  5213
 4439  5209
 4443  4680
 4444  5316
 4454  5229
 4457  1986
 4465  5240
 4466  5246
 4476  5235
 4486  4713
 4491  5269
 4496  5275
 4505  5320
 4509  5288
 4512  5279
 4518  4766
 4525  5355
 4531  5304
 4538  5324
 4540  4793
 4543  5327
 4546  5338
 4553  5398
 4562  5384
 4572  5377
 4574  5378
 4577  5370
 4587  5397
 4597 14413
 4614  5436
 4627  5417
 4628  5472
 4632  5426
 4633  5429
 4640  5430
 4641  4165
 4643  5434
 4644  5446
 4647  5445
 4661  5464
 4675  5479
 4680    45
 4680  5482
 4681  5478
 4687  5484
 4697  2000
 4713  5031
 4722 27702
 4734  1101
 4738  5560
 4757  5585
 4759  5595
 4761  5600
 4762  4533
 4766  5602
 4776  5609
 4789  5638
 4794  4254
 4804  5589
 4805  2000
 4807  5646
 4815  5656
 4821  5659
 4822  5607
 4840  5683
 4853  5699
 4863  7336
 4868  5657
 4869  5667
 4873  5666
 4878  5675
 4900 11140
 4901  5751
 4912  5809
 4916  5776
 4920  5535
 4926  2255
 4938  5886
 4943  5903
 4944  5850
 4951  7844
 4954  5845
 4957  5845
 4969  5969
 4986  5874
 4995  5774
 4996  5960
 5000  5887
 5023  5913
 5032  5922
 5034  5916
 5050  6038
 5051  5939
 5083  5313
 5129  6444
 5131  6145
 5134  6126
 5142  6126
 5143  6134
 5153  6166
 5158  6136
 5164  6188
 5167  6181
 5169  6185
 5174  6183
 5189  6215
 5204  6220
 5210  6252
 5213  6293
 5235  6235
 5236  6296
 5244  6290
 5251  6218
 5258  6335
 5259  6329
 5261  6328
 5262  6360
 5263  6341
 5264  6336
 5266  6363
 5268  6346
 5272  6349
 5280  6372
 5294  6374
 5301  6380
 5319  6397
 5331  6442
 5354  6045
 5355  6449
 5358  6402
 5360  6430
 5369  6483
 5371  6459
 5376  6516
 5379  6510
 5380  6434
 5383  9858
 5386  6441
 5388  6430
 5392  6492
 5393  6524
 5404  6519
 5414  6562
 5418  6507
 5428  6559
 5432  6479
 5435 17219
 5438  6504
 5444  6555
 5449  6502
 5450 11834
 5454  6596
 5455 23844
 5473  6556
 5475  6589
 5480  6573
 5482  6581
 5485  6601
 5490  6636
 5492  6602
 5498  6614
 5502  6611
 5503  6605
 5504  6666
 5507  6616
 5509  6622
 5513  6642
 5515  6662
 5517  6699
 5518  6628
 5519  6446
 5520  6683
 5525  6692
 5526  6484
 5531  6681
 5533  6680
 5535  6709
 5536  6693
 5547  6743
 5553  6710
 5557  6471
 5559  6716
 5560  6460
 5562  6718
 5564  6511
 5566  6749
 5569  6737
 5572  6754
 5576  6756
 5577  6726
 5580  6541
 5583  6738
 5589  6750
 5594  6598
 5597  6786
 5601  6584
 5607  6770
 5615  9086
 5619  6788
 5624  6797
 5625  6808
 5629  6814
 5630  6813
 5631  6838
 5634  6700
 5636  6845
 5638  6824
 5639  6817
 5641   235
 5643  6820
 5645  6701
 5656  6842
 5660  6833
 5661  6841
 5663  6860
 5664  6859
 5669  6897
 5670  6854
 5672  6853
 5677  6906
 5678  6882
 5686  6895
 5696  6924
 5699  6923
 5705  6965
 5707  6942
 5710  6959
 5711  6966
 5712  6937
 5717  6962
 5718  6921
 5719  7117
 5722  6957
 5733  6893
 5734  6968
 5737  6868
 5739  6983
 5741  6943
 5742  6987
 5744  7000
 5746  6967
 5764  7007
 5765  7030
 5767  7031
 5772 11956
 5774  7035
 5777  7028
 5782  7053
 5784  7065
 5788  7072
 5790  7043
 5793  7060
 5798  7143
 5801  7053
 5804  7076
 5805  7024
 5807  7064
 5810  7075
 5815  7068
 5816  6939
 5822  7136
 5825  7097
 5827  7073
 5829  7091
 5830  7088
 5832  7130
 5845  7081
 5849  7103
 5852  7037
 5856  7115
 5860  7142
 5867  7131
 5871  7109
 5873 10090
 5877  7137
 5890  7167
 5892  7250
 5893  7070
 5895  7180
 5896  7163
 5898  6798
 5900  7250
 5907  6783
 5908  7169
 5911  7203
 5913  7436
 5914  7118
 5925  7214
 5932  2502
 5934  7238
 5968  7579
 5969  7320
 5976  7292
 5995  7385
 5996  2406
 6007  7434
 6014  7410
 6023  7475
 6028  7608
 6031  7376
 6037  7483
 6038  7485
 6039  7488
 6040  7487
 6049  7419
 6050 20189
 6058  7513
 6065  7765
 6074  7545
 6076  7536
 6080  8884
 6084  7750
 6088  7585
 6092  7807
 6093  7776
 6121  6389
 6128  7647
 6129 11786
 6133  7863
 6135  7638
 6137  7665
 6140  7476
 6144  7665
 6149  7627
 6160  7626
 6172  6162
 6189  7822
 6193 11396
 6198  7727
 6205  7671
 6211  7745
 6230  7669
 6233  7788
 6235  8053
 6237  7678
 6260  7846
 6266  8059
 6281  8059
 6284  7150
 6285  7620
 6289  6543
 6297  7868
 6300  7620
 6304  8101
 6306  8096
 6310  7730
 6319  7881
 6328  7898
 6336  7911
 6339  7787
 6342  8158
 6343  7929
 6350  7682
 6355  6484
 6362  6755
 6364 25431
 6376  8015
 6378  7843
 6383  8015
 6384  8209
 6389  7950
 6397  7960
 6406  7864
 6417  8011
 6419  8069
 6422  8063
 6424  8069
 6431  7892
 6433  7708
 6442  7917
 6446  8301
 6447  8128
 6453  8115
 6457  7944
 6463  8482
 6480  3388
 6491  8404
 6493  8187
 6508  8045
 6511  8212
 6515  8062
 6517  8057
 6520  8034
 6527  8220
 6534  8087
 6537  8199
 6542  8213
 6543  8236
 6544  5766
 6546  8368
 6547  8095
 6551  8104
 6555  8249
 6556 25002
 6558  8239
 6580 20162
 6590  8522
 6599  8368
 6603  8315
 6606 25290
 6613  4404
 6629  8198
 6633  8325
 6650  8338
 6651  8632
 6653 11659
 6656  8638
 6659  8454
 6663  3580
 6664  8240
 6671  8254
 6673  7576
 6690  8528
 6693  8277
 6707  8438
 6710  5799
 6728  8357
 6738  8505
 6744  8391
 6748  8513
 6751  8572
 6759  8553
 6760  8288
 6761  8279
 6769  8418
 6772  8434
 6776  8548
 6781  8440
 6786  8589
 6787  8597
 6790  8455
 6793  8633
 6801  8302
 6806 11077
 6812  8688
 6818  8489
 6824  8487
 6826  8484
 6836  8508
 6853  8584
 6856  8529
 6857  8728
 6867 21275
 6880  8963
 6893  8502
 6896  7906
 6900  2658
 6904  5891
 6905  8531
 6908 16910
 6913  8693
 6922  8634
 6931  8658
 6940  8813
 6943  8606
 6945  8326
 6950  8719
 6958  8741
 6961  8742
 6965  8739
 6974  8756
 6981  8760
 6985  8893
 6987  8708
 7012  9116
 7019  9182
 7034  8769
 7037  8968
 7040  8872
 7050  8834
 7056  8514
 7068  9150
 7070  8898
 7074  8887
 7078  9104
 7086  8928
 7091  8940
 7093  8877
 7097  8927
 7098  8931
 7100  8849
 7105  8869
 7110  8870
 7111  8894
 7121  8987
 7128  8982
 7133  9234
 7138  8888
 7140  4724
 7141  9122
 7146  8912
 7150  9151
 7153  8853
 7166  8970
 7167  9171
 7169  9178
 7176 10316
 7190 12077
 7205  8989
 7209  9016
 7225  9044
 7227  9235
 7233  9224
 7240  9217
 7250  9222
 7256  9169
 7257  9260
 7260  5019
 7263  9172
 7264  8244
 7271  9181
 7279  9409
 7280  9278
 7290  9286
 7296  9285
 7299  9305
 7303  9153
 7304  9202
 7305  9209
 7309  5212
 7311  9299
 7315  9320
 7317  9320
 7327  9333
 7331  9339
 7336  9430
 7337  9338
 7338  9263
 7341  9349
 7348  9443
 7351  9335
 7354  9240
 7357  9250
 7364  9366
 7369  9509
 7384  9398
 7389  9203
 7401  9223
 7403  9389
 7404  9442
 7405  9417
 7417  9419
 7422  9421
 7426  9346
 7427  9432
 7442  9465
 7450  9277
 7456  9520
 7459  9463
 7466  9478
 7469  9549
 7471  9479
 7473  9476
 7477  9546
 7478  9405
 7480  9481
 7483  9568
 7488  9488
 7490  9503
 7497  9563
 7498  9597
 7499  9459
 7506  9537
 7510  9573
 7518  9611
 7522  9520
 7524  9604
 7541  9399
 7545  9653
 7549  9659
 7553  9654
 7556  9619
 7559  9702
 7563  9670
 7564  9628
 7574  9669
 7578  9696
 7579  9709
 7582  9685
 7591  9718
 7594  9638
 7598  9654
 7601  9741
 7612  6272
 7616  9685
 7618  9743
 7622  9714
 7628  9648
 7629  9551
 7630  9685
 7636  9765
 7638  9756
 7640  9691
 7641  9764
 7646  9770
 7648  9781
 7650  9561
 7657  9574
 7668  9778
 7673  9780
 7676  9802
 7682  9799
 7683  9825
 7689  9828
 7698  4892
 7709  9843
 7710  9853
 7732  9854
 7767  9888
 7773 16207
 7777  9899
 7795  9882
 7801  9932
 7811  9927
 7816  9938
 7817  9940
 7838  9989
 7839 11639
 7843  9978
 7844 11781
 7848  9982
 7850  9992
 7862  9998
 7863  9994
 7865 10004
 7868 10000
 7876 10069
 7879 10017
 7885  8809
 7886 10007
 7887  9955
 7891 10032
 7899 10059
 7904 10047
 7906 10048
 7907 10009
 7908 10018
 7916 10054
 7918 10087
 7921 10068
 7922 10066
 7926 10090
 7927 24459
 7929 10078
 7931 10075
 7932 10033
 7938 10088
 7939 24569
 7941 10038
 7945  3580
 7946 10096
 7948 10089
 7964 10097
 7970 10093
 7972 10128
 7978 10093
 7979 10101
 7990 10095
 7992 22320
 7999 10168
 8003 10146
 8009 10177
 8021 10185
 8034 10212
 8036 10202
 8049 10229
 8053 10189
 8066 10238
 8079 10239
 8084 10235
 8090 10272
 8112 10268
 8113 10262
 8119 10310
 8121 10310
 8129 10279
 8130 10273
 8134 10286
 8136 10199
 8137 10298
 8141 10325
 8157 10352
 8162 26777
 8167 10372
 8168 10345
 8170 10369
 8174 10339
 8183 10398
 8192 10401
 8195 25287
 8199  3580
 8202 10412
 8208 10404
 8210 10418
 8211 10405
 8216 10417
 8220 10384
 8221 10432
 8222 10408
 8226 10450
 8233  5164
 8251 10070
 8261 18555
 8271 10514
 8283 10484
 8284 10449
 8287 10455
 8289 10392
 8294 10460
 8298 10470
 8313 11451
 8324 10496
 8325 10487
 8326 10370
 8334 10507
 8336 10505
 8339 10505
 8342 10515
 8344 10558
 8346 10503
 8347 10498
 8350 10537
 8351 10504
 8352 10531
 8358 10551
 8371 10541
 8373 10569
 8377 10441
 8387 10618
 8388 10567
 8393 10571
 8399  9456
 8402 10579
 8403 10625
 8404 10660
 8412 10610
 8418 10609
 8420 12077
 8434  7462
 8469 10663
 8472  7641
 8473 10644
 8474 10611
 8476  7462
 8478 10629
 8486 10682
 8497 10564
 8503 10584
 8505 10700
 8509 10591
 8512 10588
 8514  9116
 8518 10583
 8522  8438
 8528 10314
 8539 10619
 8554 10347
 8559 10750
 8567 10661
 8572 10766
 8575 10657
 8578 10400
 8581 10795
 8591 10747
 8603 10811
 8607 10813
 8611 10799
 8638 10861
 8639 10720
 8640 10846
 8641 10818
 8649 10743
 8675 10890
 8676  9130
 8677 10759
 8678 10899
 8691 10879
 8695 10864
 8698 10908
 8699 10900
 8719 10934
 8720 10767
 8724 10614
 8726  7978
 8735 10805
 8741  9839
 8742 10953
 8743 10956
 8746 10951
 8758 10925
 8775 10840
 8776 10836
 8780 10984
 8781 10834
 8783 10981
 8785 10990
 8825 10992
 8829 11049
 8834 11016
 8854 10416
 8859 26861
 8867 11027
 8870 11030
 8872 10722
 8874 11048
 8877 10894
 8881 11032
 8887 10374
 8902 11040
 8916 11050
 8924 11061
 8929 11079
 8938 11037
 8955 11098
 8958 10797
 8962  8948
 8963 26290
 8966 11071
 8976 10015
 8986 11122
 9010  8513
 9019 11149
 9024 11160
 9030 11139
 9032 11145
 9044 11150
 9055 11143
 9057 11148
 9067 10883
 9091 11173
 9094 11213
 9097  7714
 9107  7815
 9109 11185
 9112 11224
 9115  4023
 9125 11271
 9128  1874
 9129 11197
 9137 11200
 9142 11261
 9154 10813
 9157 11276
 9173 11291
 9186 11290
 9193 11297
 9195 11252
 9197 11245
 9198 11270
 9200 11231
 9222 10798
 9232 11329
 9234 11344
 9235 11335
 9236 11344
 9250 11334
 9261  3319
 9262 11340
 9265 11342
 9271 11353
 9274 11299
 9276 11386
 9278 11350
 9279 11418
 9285 11306
 9286 11420
 9287 11459
 9288 11333
 9290 11447
 9291 11448
 9292 11370
 9303 11327
 9311 11414
 9313 11395
 9314 11459
 9316 11332
 9318 11445
 9324 11437
 9326 11338
 9330 11351
 9332 11411
 9334 11455
 9337 17485
 9338 11452
 9345 11363
 9346 11365
 9347 11468
 9348 11498
 9353 11367
 9357 11499
 9366 11382
 9368 11393
 9372 11412
 9376 11381
 9378 11378
 9380 11468
 9384 11426
 9391 17083
 9395 11551
 9396  6502
 9398 11533
 9399 11449
 9400 11514
 9403 11560
 9406 11549
 9412 11560
 9414 11529
 9415 11482
 9418 11531
 9421 11527
 9425 11430
 9427 11569
 9430 11544
 9430 23758
 9431 11561
 9432 11558
 9437 11582
 9438 11556
 9442 11544
 9443 11607
 9446 11516
 9449 11505
 9452 11583
 9454 11581
 9456 11580
 9459 11642
 9460 11572
 9462 11596
 9463 11601
 9466 11510
 9467 11548
 9474 11557
 9477 11550
 9487 11629
 9489 10346
 9490 11648
 9492 11635
 9493 11639
 9495 11594
 9505 11592
 9507 11622
 9513 11630
 9522 11630
 9526 11632
 9527 11744
 9528  8273
 9530 11644
 9536 11681
 9540 11673
 9555  2134
 9556 27751
 9560 11672
 9562 11683
 9563 11676
 9576 11726
 9577  6912
 9586 11707
 9587 11711
 9588 11707
 9592 18043
 9596  9706
 9602 11404
 9604 11734
 9612 11740
 9615 11728
 9618  9805
 9632 11776
 9654 11815
 9660 11828
 9670 11802
 9674 11806
 9679 11099
 9680 11099
 9687 11852
 9701 11910
 9704 11918
 9706 11929
 9707 11933
 9708 11891
 9709 11946
 9719 11948
 9725 11931
 9726 11964
 9727 11951
 9730 11977
 9737 11970
 9743 11977
 9747 11944
 9749 11988
 9752 11984
 9754 11992
 9755 11969
 9759 11963
 9766 11993
 9767 12000
 9768 11998
 9771 12008
 9772 12077
 9778 12047
 9779 11999
 9782 12039
 9783 12027
 9786 12009
 9787  9861
 9788 12050
 9789 12052
 9790 12061
 9792 12063
 9795 12067
 9797 12083
 9798 12068
 9801 12048
 9802 12070
 9803 12060
 9810 11540
 9811 11540
 9817  8328
 9817  9215
 9818 12080
 9835 12121
 9837 12122
 9841 12129
 9856 12139
 9862 10959
 9865 12161
 9868 12146
 9877 10026
 9879 12180
 9881 12155
 9882 12157
 9883 12183
 9886 12164
 9890 12199
 9891 12179
 9892 12240
 9893 12227
 9895 12172
 9901 11809
 9902 12208
 9904 12175
 9905 12191
 9912 12169
 9916 12196
 9920 12240
 9937 12211
 9940 11759
 9953 12212
 9956 12232
 9958  8401
 9958  8680
 9991 12256
10008 12271
10044 12383
10052 12389
10054 12297
10073 10643
10081 12380
10096 12323
10099 12416
10101 12447
10128 12412
10146 12517
10171 12375
10174 12450
10181 12501
10191 12566
10197 12074
10211 12570
10299 12575
10316 12897
10341 12809
10363 12845
10388 12785
10430 12960
10437 12854
10441  9986
10445 12756
10544 12971
10620 13071
10626  1406
10631  9625
10659  6334
10723 11953
10775 13463
10780 26082
10817   125
10834 13440
10858  8506
10860 13589
10877  1064
10915 12257
10978  6291
10995 13721
11001 21487
11003 13750
11056  5738
11065 23915
11076 11919
11108  6826
11113 13921
11119 21183
11142 10812
11169 16010
11221 12320
11222 21970
11308 22137
11464 17417
11652 12312
11840 22837
11875  8890
11894  3948
11931 22993
11945 24128
12028 16204
12036 16204
12101 10432
12119 26435
12170 19718
12197 19629
12283 23673
12323  6902
12335 15895
12363 20352
12396 27095
12410 23818
12457 20483
12588 17057
12781 17397
12887 12830
12939 11477
12955 17294
13001 27711
13002 12830
13005 22902
13024 21907
13107 11630
13112 26969
13116 12803
13135  8165
13167  2374
13249  1482
13297 20070
13456 24075
13472  8638
13565 17573
13578  5294
13618  4724
13659  6367
13718 17848
13749 19688
13757 19704
13776  9319
13801 19761
13821 19781
13875 11781
13932 19962
13939 20754
14052 21233
14207  9009
14213 13231
14239  3683
14253  2082
14273 24040
14299 26661
14314 20599
14333  9248
14412 17907
14413 22692
14418  5327
14433 24959
14465  8946
14466 22699
14491  8151
14511   261
14537 22688
14560 10476
14588 22787
14618 25569
14699 21906
14734 22929
14746  8420
14803 21907
14807 23099
14834 21967
14850 25042
14880 25081
14893 24349
14920 25136
14926 23266
15015 23357
15017 21806
15025 16854
15037  8836
15070 25382
15100 23428
15112 23477
15121 23444
15157 23627
15219 23590
15255 26654
15257 23692
15310 25737
15315 23798
15328 15248
15363 23861
15403 25895
15404 23906
15411  6807
15422 23909
15439 25978
15529 26105
15566 24163
15582 23010
15593 26187
15600 26193
15621 26193
15635 23026
15706 22472
15744 25878
15754 24479
15758 26434
15797  9215
15839 20699
15850  9204
15906 24724
16015 24911
16037 26831
16068 14329
16097 25174
16186 25138
16188 27077
16189   268
16199 27095
16205 27076
16209 25162
16215 20544
16229 27140
16264 18700
16299 27202
16303 25289
16325 23783
16331  9270
16389 27358
16403 27372
16424 16514
16523 11419
16531 17356
16581 25946
16640 26118
16646 26059
16668  1338
16951 26384
16954 16000
17125 22325
17166 26773
17178 16122
17178 24481
17207 26933
17347 27061
17352 27070
17352 27090
17363 27090
17371 27119
17449 27225
17566 26327
17613 27488
17684 25368
17756 25371
17770 26593
17774  1047
17775 26593
17777 10932
17879  1127
17912 13145
17940 21754
18008 17020
18047 26472
18051  4466
18101 11228
18106  8240
18206 15928
18287 20775
18360 27104
18451  5833
18512 22690
18689 22727
19182 21502
19195 23697
19336 16910
19367 26911
19377 21157
19485   187
19545 25221
19687 21724
19784 16163
19940 21979
19983 22310
20091  5710
20119 25022
20121 11295
20239 27636
20274  1814
20301 24688
20315 13500
20326 24688
20337 25186
20359 19496
20390 25200
20406 16029
20451 24861
20521  9938
20545 22872
20558 22872
20608 16910
20661 23419
20671  5834
20726 16153
20739  1669
20863  5792
20887 18555
20908  8836
20957  9707
21021 18451
21109 18196
21215 26777
21225  2157
21335  2284
21362 11807
21370  8836
21443  9164
21531 24485
21532 16391
21545 10728
21559 26933
21577 11529
21687 22344
21701 27070
21825 27515
21836  9813
21836 10677
21911 27303
21942  9180
22222 13611
22286 14632
22319  6915
22497  7413
22578 22343
22626  2661
22663   547
22875 23493
22955 21939
22956 13247
22969 15189
22987 27293
23060  4473
23115 19697
23166 23908
23308 26777
23414 16533
23415 25892
23419 16533
23528 13097
23581  4089
23597  8836
23629 25394
23691  2660
23716 24736
24017 25720
24028 23347
24155 23991
24171 14725
24274 21837
24307  6266
24576  2651
24596 26143
24739 24344
24802 18432
24891  5179
24894 27076
25238 20709
25377 19850
25448 10690
25701  7456
25746  9814
25890 21885
25952 16114
25987   281
26030  7150
26065  9936
26238   542
26340  7527
26375 17605
26396 19697
26433 27699
26437 23451
26562 27699
26630  4957
26633 23039
26658 11871
26706  9128
26724   755
26731 26070
26765 12042
26765 13111
26782 16533
26791 12778
26802  1509
26846 27699
27210 19935
27335 10397
27492 24779
27523  9229
27535 22769
27611 14428
27631 16852
27717 23818
27778  4466
27933 22542
28026 27502
28060 13262
28088  6744
28127 13899
28233 18568
28233 27751
28236     9
28260     2
28291 27699
