    3 26250
    6 26243
   19 26201
   25 26274
   30 23029
   38 26292
  238 18555
  473  5773
  491  9056
  592  6783
  658  4172
  858  2377
  975 12785
  978 12192
  994 10878
 1067    52
 1068 20254
 1076   323
 1093   307
 1109 20084
 1117    51
 1122 25143
 1124  7056
 1127 13040
 1128  6262
 1145    54
 1206  3454
 1223   427
 1238   113
 1254   108
 1285 19487
 1287  1645
 1359  8464
 1375  6042
 1412 17602
 1423   229
 1475   307
 1480  2047
 1499   312
 1506   289
 1507   323
 1538   332
 1539   332
 1580   374
 1602  8525
 1633   553
 1654   609
 1708 16679
 1797 24409
 1821  8970
 1822  3647
 1836  9005
 1875   215
 1877  8294
 1900  8424
 1917  2212
 1973   288
 1975   296
 1988  9186
 2097  2104
 2097  3571
 2099   341
 2105   330
 2131   336
 2142   572
 2152   371
 2178   369
 2195   399
 2196   370
 2202   406
 2209 17911
 2244   396
 2288   693
 2301   663
 2323  1749
 2336   465
 2351   474
 2361   459
 2370   691
 2384   481
 2455   758
 2466   737
 2471   741
 2484   749
 2491  7123
 2507  9300
 2533   772
 2534   528
 2547  9392
 2560   780
 2577   555
 2578   791
 2605   598
 2676   856
 2692   658
 2694  3829
 2727   879
 2736   672
 2750   908
 2768  1132
 2805  3068
 2806   979
 2840   771
 2858   774
 2859   978
 2861  1029
 2865   801
 2896   797
 2904  1009
 2926   748
 2941   816
 2943  1042
 3008   864
 3022  1138
 3027   860
 3036  1152
 3049   886
 3052  1170
 3093 21147
 3124  1152
 3128   953
 3151 23628
 3164   982
 3178  1241
 3180  1237
 3191  1011
 3192  1010
 3197  1266
 3206  1271
 3226  1028
 3237  1278
 3239  1281
 3279  1088
 3285  1302
 3307  1067
 3314  1076
 3320  1116
 3330  1078
 3353  1347
 3383  1125
 3401  1377
 3406  1137
 3424  1404
 3429 24435
 3440  1403
 3471  1184
 3498   305
 3503  1226
 3516  1444
 3538  1460
 3539  1253
 3558  1236
 3561  1239
 3579  1508
 3586  1279
 3590  1256
 3622  1531
 3642  1549
 3644  1552
 3656  1545
 3657  1302
 3753  1350
 3760  1625
 3769  1360
 3831  1411
 3833  1661
 3851  1415
 3897  8638
 3904  1717
 3909  1446
 3932  1736
 3955  1484
 3961 20566
 3985  1603
 3989  1791
 3998  1799
 4006  1530
 4036  1817
 4052  3543
 4112  1883
 4128  1854
 4134  1859
 4148  6442
 4195  9471
 4199  1632
 4199 25702
 4227  1679
 4250  1923
 4260  1928
 4281  2448
 4285  1657
 4324 22222
 4362  1760
 4391  1739
 4409  1787
 4444 18564
 4461  2956
 4514  1866
 4518  1863
 4573 14128
 4578  3325
 4632  3085
 4692 11147
 4706  3139
 4757  3181
 4789  3219
 4804  3009
 4809  3227
 4835  3265
 4837  4740
 4878  3067
 4901  3105
 4907  3119
 4914 22878
 4916  3125
 4931  3157
 4951  3188
 4954  3203
 4957  3203
 4961  3209
 4972  3208
 4990  3779
 5002  3286
 5023  3334
 5044  3362
 5051  3373
 5063  3380
 5080 13239
 5090 13968
 5134  3820
 5139  3839
 5142  3820
 5146   487
 5167  3864
 5214  3901
 5272  3989
 5280  3937
 5301  3653
 5321 26123
 5325  3647
 5354 18589
 5370  8631
 5386  6607
 5400  1724
 5425  5518
 5427  4072
 5456 22143
 5467  3394
 5482  4656
 5570  4100
 5596 17837
 5631  4094
 5636  4093
 5641  2383
 5654  4111
 5664  4240
 5666  4222
 5669  4169
 5671  4153
 5672  4241
 5677  4156
 5686  4285
 5696  4184
 5699  4176
 5712  4192
 5722  4220
 5734  4217
 5739  4234
 5742  4237
 5744  4254
 5749  4356
 5756  4098
 5763  4264
 5765  4258
 5788  4328
 5789  4438
 5797  4447
 5804  4306
 5810  4466
 5812  4325
 5825  4485
 5834  4504
 5837  3763
 5845  4415
 5852  4226
 5869  4432
 5873 15866
 5888  4489
 5890  4445
 5905  4298
 5913  7056
 5927  4550
 5933  4554
 5945  6754
 5949   253
 5953  4235
 5970   228
 6015 11219
 6019 23812
 6023  5131
 6025 16669
 6049  4856
 6084  5749
 6088  5366
 6090  5760
 6090 25789
 6093  5730
 6149  5287
 6177  8703
 6193  6468
 6209  5558
 6242  6921
 6353  5235
 6441  5486
 6446 22062
 6476  1408
 6483  5334
 6495  6392
 6507  6754
 6537  5720
 6542  5724
 6559   280
 6580 22655
 6587 13551
 6599  6261
 6605  6476
 6646  1292
 6647  1292
 6650  5873
 6654  6138
 6659  6142
 6661  5884
 6663  6873
 6673  6754
 6673  6778
 6690  6127
 6691  6632
 6707  6105
 6710 11514
 6714  5604
 6729  7106
 6738  6115
 6748  6105
 6760  5433
 6776  6136
 6779  6146
 6853  5854
 6893  5546
 6906  6181
 6912  6102
 6970  6230
 6974  6103
 6976  6103
 6993   405
 7009 24900
 7020  6211
 7021  2273
 7030  5836
 7074  6078
 7078  6667
 7105  6012
 7107  6253
 7110  5986
 7115  8703
 7123  2049
 7150  6784
 7225  3443
 7259 10260
 7295  3412
 7322 21334
 7335  1292
 7344  7857
 7352 11840
 7400 22221
 7431  5612
 7471  6846
 7482  6846
 7520 18191
 7541  8340
 7580 24900
 7594  7178
 7613  6873
 7628  7173
 7681  7422
 7686  5190
 7741  3644
 7757  2887
 7763  7749
 7862  7182
 7865  7139
 7868  7134
 7877  6873
 7891  7214
 7907  7074
 7939  9631
 7981  7638
 7983  7459
 7993 16423
 7999  7485
 8006  5299
 8006  7063
 8034  7543
 8036  7488
 8044  7726
 8047  7142
 8059  8989
 8107  7665
 8111 13008
 8154   559
 8157  7716
 8225  7830
 8243 24653
 8252  6873
 8274  8525
 8323 13566
 8324  8615
 8361   730
 8377  7911
 8405  6682
 8425  8703
 8426 24900
 8486  8323
 8487  8531
 8497  3976
 8512  7975
 8517  9749
 8539  8008
 8567  8146
 8571  6873
 8575  8113
 8607  8628
 8611  8652
 8619  4295
 8635  8231
 8640  8703
 8641  8617
 8642  4803
 8660  8679
 8681  6873
 8682  8687
 8691  8746
 8709  8716
 8735  3412
 8742  8767
 8746  8791
 8757  1935
 8760  6873
 8763  8777
 8781  8392
 8860 19682
 8861  3051
 8875 24333
 8877 24073
 8929  8946
 8978  8904
 9010  6105
 9024 15340
 9032  8770
 9040 21196
 9104  6115
 9117  3647
 9123   535
 9179  4013
 9181  6262
 9188  2794
 9276 12360
 9279  7974
 9297 20640
 9298  8703
 9310 25798
 9318   564
 9404   261
 9409  4140
 9446  8934
 9449  8955
 9462  9292
 9481 11767
 9495  8998
 9524   689
 9530  9048
 9553   643
 9564  3788
 9569 20544
 9571  9076
 9586  9147
 9588  9147
 9596   223
 9612  9239
 9632  9769
 9644    47
 9654  9850
 9657  6262
 9670  9696
 9674  9719
 9685  9962
 9745 25942
 9747 10082
 9765  4728
 9766 10324
 9771 10327
 9788 10395
 9795 10442
 9809 10450
 9817  5558
 9833 10486
 9838 10336
 9841 10553
 9851 10632
 9865 10677
 9895 10398
 9901  6937
 9902 10750
 9915 11185
 9953  1987
 9972 10854
10044 10929
10059  5741
10096 10629
10174 10851
10259 10745
10310 11228
10355 19949
10374 22998
10567 13849
10701  1001
10703   995
10805 19791
10838 24339
11562  1823
11563  1823
11568  1823
11606 12666
11685 17837
11760 18705
11791 17094
11887  8464
11901  8464
11931  8464
12129  2180
12248 25980
12269 21334
12365 24073
12384  1988
12423  2626
12664 24328
12672  4865
12707  7543
12844  7660
12851  5885
12887  5829
12962 13388
13002  5829
13123 20161
13152 19682
13191 17884
13348  1659
13409 17424
13621 22435
13666 17111
13750 12986
13914 22878
13967  6265
13983 23356
13984    88
14097  6517
14103 19375
14181 11263
14229 24580
14230 14919
14235 10227
14253 13551
14630  5716
14684  1232
14736  2001
14831  9360
14879  1195
14908  4172
15070 18103
15163  3051
15255 24900
15315 23371
15324  5547
15405 23548
15581 25541
15587  9646
15724 19786
15955  4975
16105  6804
16197 24580
16254  3794
16319 19855
16612 24909
16692 19377
16801 16203
16943  4936
17009  9756
17030 18765
17122 20871
17139 24770
17142 19621
17219 24441
17381 22892
17411 16246
17483 12746
17561  5952
17730 13633
17797  6176
18026 22690
18083 24376
18189 24900
18331  9624
18360 24704
18984  1656
19010 13354
19015   223
19413 11625
19460 23535
19744 26284
19767 16924
19810  6037
20066 12218
20091  6317
20091  7239
20269  9754
20291 10850
20331 25631
20341 24169
20345 24971
20386 10533
20390  3709
20393 26012
20412 21944
20502 17519
20541  8396
20548 10198
20753 11559
20994 16945
21046  3763
21077  5074
21121  9780
21215  2833
21245  6571
21305 26142
21322  3635
21518   399
21541 23724
21603 21905
21957 10454
21984 24498
22112  4326
22147 11767
22350  1130
22576 21118
22695 21051
22799 17896
22875  9681
22950  3959
23015  1804
23106  3564
23172 11474
23188  4721
23591   553
23673    36
23952 24900
24061  3935
24074  6667
24205  4466
24336 19988
24350   256
24369 13103
24494 23230
24600 20123
24649 17188
24700 23577
24758  2917
24823  4728
24864  6638
25267  2731
25298 23577
25313 23650
25419 26255
25448 16477
25486 24489
25487  9728
25586 25549
25596  8410
25683  2469
25715  8670
25744 24575
25859  8158
25878 21097
25919 13850
25920  6160
25961 24440
25976  9199
26017 24636
26210 15465
26260  8936
26280  6211
26343 17408
26390  5079
26495 19656
26613 22658
26626 22690
26646   609
26765  2462
26782  2334
26962  3339
27015   793
27069  3935
27094  5375
27204  5079
27211 12354
27288 19863
27496  3935
27526 20744
27536 20567
27538 24123
27550 19682
27626 23068
27713 25469
27717  8940
27744 25791
27763  5885
27778 20132
27815 15353
27915  3627
27929  6427
27962  3591
28166 10960
28220 17037
28236 26179
28267 12330
28280    14
28281     9
28291 26201
