    2     9
    3     9
    8    14
   26    51
   30    67
   74  1054
  105    92
  110 15322
  112   174
  116   116
  117   113
  130   261
  138   164
  150   301
  159   909
  165   427
  177   155
  202 19693
  266 14910
  305  5247
  316   229
  354 26248
  401   307
  404   289
  414   312
  432   323
  459   412
  483   332
  490  8357
  504  3874
  604 23767
  641 24441
  645 20484
  646   164
  729   553
  760   609
  783    20
  797   215
  814  8970
  856 19110
  861  9024
  869  9032
  883   296
  903  9066
  939  9106
  959   338
  977   361
  999   371
 1005   371
 1021 25105
 1028  9145
 1030   370
 1054   392
 1057   406
 1093  6489
 1128  3571
 1153  9256
 1164   572
 1166   611
 1187  3416
 1202 23476
 1206   633
 1206  4086
 1233   465
 1251   459
 1279   481
 1338   693
 1370  9240
 1481   555
 1504   737
 1518   737
 1532   758
 1533   755
 1566  9591
 1570  9658
 1580   772
 1582  9658
 1598   780
 1617   629
 1618   618
 1629   795
 1630  9575
 1632   792
 1644  9584
 1655   658
 1658  9738
 1676  9627
 1682 11911
 1700  2641
 1715  9575
 1743   962
 1797  9658
 1804 21461
 1813 21019
 1816   856
 1818   849
 1880  3381
 1886   735
 1898   879
 1957   929
 1992   748
 2040   979
 2045   816
 2054   826
 2057  1597
 2105 17754
 2126  1009
 2132   864
 2157  1042
 2174 20388
 2175   886
 2212 23673
 2255  1238
 2301  1152
 2341   982
 2385  1010
 2396  1190
 2438  1152
 2447  1028
 2458  1212
 2459  1064
 2499  1084
 2504  1088
 2513  1067
 2524  1070
 2527  1241
 2530  1237
 2544  1081
 2546  1078
 2557  1266
 2558  1116
 2588  1261
 2595  1110
 2635  1278
 2665  1302
 2676  1146
 2694  1137
 2758  1173
 2763  2607
 2767  1339
 2770  1347
 2775  1183
 2776  1184
 2787  1344
 2801 10566
 2813  1197
 2814  1377
 2826  1226
 2866  1389
 2869  3981
 2875  1253
 2880  1401
 2894  1403
 2906  1239
 2913  1236
 2914  1246
 2922  1279
 2938  1256
 2941  1427
 3007  1460
 3125 17260
 3128  1531
 3149  1350
 3169  1360
 3196  1538
 3207  1563
 3252  4631
 3264 25341
 3278  1411
 3288  1601
 3314  1415
 3341  1610
 3342  1625
 3389   263
 3436  1661
 3491  1688
 3524  1530
 3537  1711
 3580  1736
 3583  1738
 3584  1752
 3640  1774
 3660  1791
 3774  8043
 3791  1651
 3804  1850
 3822  8148
 3837   448
 3846  4107
 3867  1714
 3873  1657
 3889  1875
 3926 20132
 3932  4107
 3942  4120
 3984  8148
 4017  1923
 4019  1928
 4027  1787
 4032  1739
 4102  2761
 4106 17071
 4121  3714
 4168 13239
 4256  1863
 4315  1947
 4340  4553
 4362  1918
 4363 17841
 4367  3642
 4527  2776
 4608  2448
 4629  2813
 4634  2813
 4637  2810
 4644  5079
 4652  2824
 4676  2526
 4721  2857
 4763  5314
 4775  2757
 4798  2768
 4852  2940
 4868  2947
 4945  3002
 4975  3022
 5001  2890
 5025  3056
 5043  2919
 5053  3284
 5054  2921
 5070  3079
 5076  3085
 5078  2934
 5084  3090
 5092  2953
 5113  2938
 5132  2958
 5146  3098
 5149  2980
 5195  3206
 5197  3139
 5226  3009
 5236  3007
 5245  3181
 5260  3026
 5273  6416
 5280  3205
 5288  9508
 5313  3061
 5319  3247
 5324  3067
 5334  3057
 5388  3145
 5415  3105
 5438  3125
 5450  3127
 5475  7498
 5479  3154
 5487  3157
 5516  3208
 5519  3203
 5520  3201
 5527  3652
 5535 24580
 5540  3616
 5550   417
 5552  7560
 5553 21586
 5556  3673
 5580  3700
 5592  3299
 5603  3306
 5616  3334
 5621  3348
 5625  3704
 5636  3364
 5642  3373
 5644  3377
 5653  3380
 5704 13239
 5718  2126
 5726  3000
 5740  3736
 5756  3543
 5759  8724
 5777  3758
 5819  3803
 5819  7836
 5852  3820
 5860  4335
 5866  3832
 5874 14763
 5905  3856
 5912  3864
 5916  7023
 5918  1408
 5926   430
 5934  1408
 5936  1469
 5944  1469
 6006  4007
 6013 19682
 6015  3868
 6033  5334
 6063  3989
 6070  3937
 6080  3653
 6114  4016
 6116  2642
 6150  8754
 6171 11508
 6235  2693
 6242  7432
 6254  3949
 6275  3290
 6307  3979
 6315  4003
 6322  9681
 6337  8328
 6352  4086
 6356  4143
 6364  4030
 6365  4033
 6374  9066
 6397  4046
 6400  4025
 6405  4158
 6413  4198
 6424  4232
 6435  4227
 6443  4206
 6449  4091
 6452  4240
 6455  4094
 6459  4222
 6461  4093
 6466  4101
 6477  5085
 6483  4098
 6485  4126
 6488  4285
 6496  4169
 6511  4156
 6512  4153
 6517 25912
 6520  4147
 6530  4176
 6531  4184
 6532  4275
 6541  4179
 6542  4332
 6552  8340
 6561  4220
 6574  4217
 6583  4213
 6584  4237
 6589  4372
 6593  4242
 6595  4255
 6596  4226
 6598  4254
 6599  4338
 6605  4268
 6607  7838
 6610  4266
 6615   682
 6625  4365
 6626  4258
 6630  4405
 6634  4401
 6651  4454
 6653  4392
 6657  4466
 6658  4438
 6659  4386
 6664  4434
 6665  4415
 6670  4331
 6671  4415
 6673  4328
 6676  4447
 6681  4306
 6683  4416
 6685  4420
 6694  4325
 6698  4336
 6699  4482
 6706  4485
 6722  4504
 6724  4339
 6730  9422
 6742  4522
 6749  4381
 6751  4384
 6756  4389
 6789  4588
 6801  4445
 6805  4575
 6809  4604
 6810  4458
 6828  4620
 6857  4665
 6895  4554
 6924  4529
 6932  8642
 6952  4542
 6960  5030
 6968  1633
 7012  5112
 7013  4738
 7015 16729
 7016 16467
 7041  6363
 7042  4883
 7051  6756
 7066  4125
 7072  5113
 7080  4679
 7104  5144
 7108  5131
 7111  5622
 7116  5262
 7128  6628
 7133  5144
 7148  5162
 7152  6544
 7167  5334
 7170  4796
 7175  6434
 7183  5552
 7200  6363
 7205  7496
 7224  6754
 7226  5557
 7231  6074
 7233  5123
 7234  5558
 7234  6557
 7250  5417
 7259  6796
 7271  8557
 7298  5410
 7310  5296
 7316  5308
 7332  8149
 7355  5339
 7359  5079
 7368  6846
 7376 13980
 7388  5705
 7407  5254
 7429  5749
 7431  6756
 7433  6468
 7443  6960
 7446  5807
 7448  6778
 7449  6048
 7451  5558
 7452  5730
 7459  5486
 7462  8779
 7467  6575
 7473  5558
 7479   737
 7499  4173
 7513  5855
 7514 15209
 7537  5746
 7545  3747
 7569 13505
 7590  5515
 7617  5312
 7621  4162
 7635  5972
 7638  5972
 7669  6343
 7690  5887
 7709  3711
 7793  1523
 7794 15822
 7809  6284
 7852  5399
 7853  5724
 7863  5720
 7873  5372
 7893 19840
 7928  5795
 7930  5459
 7932 16522
 7941 11248
 7959  5423
 7961  5139
 7973  1235
 7990  5675
 7998  5873
 7998  6702
 8003  5884
 8014  6138
 8024  6105
 8030  6239
 8047  9753
 8055  6126
 8072  6260
 8078  5546
 8082  6105
 8085  6390
 8091  6074
 8099  5557
 8105  5971
 8117  6534
 8131  5615
 8137  6142
 8142  5579
 8145 20256
 8165  6105
 8166  6117
 8171  6115
 8175  6500
 8175  6679
 8212  5854
 8217  6136
 8220  1935
 8232  1935
 8239  6117
 8255  6469
 8257  6469
 8258  5935
 8268  5908
 8303  6127
 8304  6476
 8311  6169
 8320  5978
 8321  6168
 8325  6586
 8329  6563
 8330  6230
 8336  6560
 8337  6569
 8348  6181
 8351  6575
 8355  6570
 8356  6548
 8359  6061
 8385 11324
 8387  6087
 8391  6097
 8393  6103
 8394  6100
 8413  6113
 8423 15493
 8424  5874
 8426  6120
 8435  6459
 8438  6099
 8454  6534
 8476  5986
 8478  5989
 8478  6043
 8481 17896
 8486  6012
 8510  6041
 8523  4934
 8526  5637
 8534  5979
 8538  6078
 8542  6434
 8553  6566
 8554  5998
 8555  6754
 8560  6566
 8561  6095
 8587  6253
 8592  6263
 8598  6603
 8603  6299
 8605  6603
 8613  6128
 8634  6795
 8647  6521
 8651  6503
 8674  6864
 8675 18576
 8687 20154
 8689  6669
 8701 19881
 8759  6619
 8760  6622
 8761  6461
 8767 12637
 8780  6898
 8787  6492
 8797   223
 8811  5575
 8818  5612
 8821  6542
 8828  6702
 8859  6445
 8869  6893
 8875  6761
 8906  6437
 8908 15226
 8913  5612
 8915  6940
 8918  6944
 8924  6634
 8961  5381
 8979  7011
 8985  7062
 9060  6891
 9088  6912
 9138  5552
 9182  7232
 9195  6973
 9220  8396
 9237  7178
 9252  7173
 9259  7047
 9264   238
 9270  3763
 9310  5262
 9329  7091
 9372  5340
 9379  7422
 9417 13107
 9421  7224
 9446  7074
 9497  5588
 9502  9161
 9508  5974
 9520  5612
 9532  6031
 9539  7182
 9542  7134
 9548  7139
 9557  7162
 9560  7167
 9562  7539
 9575  7183
 9577  7214
 9578  6374
 9580  7261
 9586  6088
 9595 23628
 9599  7236
 9600  7551
 9604  7245
 9608  7500
 9614  7669
 9616  7638
 9619  7620
 9626  7309
 9627  7318
 9630  7328
 9633  7639
 9638  7567
 9648  7356
 9652  7365
 9662  7431
 9666  7438
 9672  7465
 9673  7464
 9680  7546
 9683  7554
 9693  7753
 9698  7485
 9705  7528
 9711  7518
 9713  7488
 9715  7726
 9722  7761
 9726  7542
 9727  7579
 9730  7543
 9731  7624
 9734  7759
 9741  7571
 9746  7831
 9753  7845
 9754 21153
 9768  7635
 9778  7622
 9779  7646
 9780  7622
 9792  7720
 9799  7692
 9802 13239
 9804  7683
 9808  9871
 9818  7923
 9820  7711
 9825  7904
 9835  7785
 9838  7716
 9839  7796
 9840  7739
 9847  7748
 9856  7980
 9859  7770
 9867  7940
 9870  6472
 9882  7911
 9885  8032
 9901  3969
 9919  7449
 9938  7900
 9941  8247
 9948  7873
 9952 17118
 9953  7883
 9957 11170
 9967 19526
 9968  4120
 9977  7898
 9980  7897
 9983  7899
10001  7915
10006  7975
10008  6593
10012  3953
10013 10833
10029  8257
10034  8008
10037  7942
10039  7947
10045  7989
10052  8378
10080  8014
10087  8449
10088  8113
10089  8146
10098  8396
10119  6733
10137  8426
10143  6775
10152  8231
10188 22874
10191  8503
10193  6883
10203  8549
10205  8562
10207  1823
10210  1823
10224  8587
10231  8576
10237  8629
10244  8652
10246  8617
10256  8613
10265  8628
10266  8596
10268  8614
10272  8622
10277  8614
10281  2481
10282  8703
10283  8703
10291  8645
10293  8632
10296  8746
10310  8679
10312  8701
10317  8745
10324  8740
10329  8687
10344  8716
10350  8738
10356  8732
10357  8800
10359  8766
10366  8791
10368  8760
10369  8749
10370  8767
10379  7715
10382  8752
10383  8777
10391    52
10393  8764
10398  8764
10399  5506
10407  4723
10422  8781
10433  8892
10435 24333
10438  6191
10455  7648
10456  7661
10460  8956
10462  3672
10476  8946
10482  8981
10483  6442
10491  7733
10497  9043
10514 25754
10520  9068
10523  9067
10527  9078
10547  3953
10552  9120
10572  9072
10574  7903
10604  8736
10636  7977
10699  9514
10787  8915
10812 24559
10828   158
10829  8955
10849  8934
10852 14923
10858  9582
10876  2469
10878  6986
10890  8963
10921  8961
10929  9292
10944  8998
10955  8990
10962  6466
10974  9709
10982  9029
10991  9048
10994  9049
10995  9062
10996  9053
11002  9048
11018  9393
11024  9300
11032  9426
11034  9090
11037  9103
11043  9076
11048  9139
11052  9147
11053  9140
11054  9144
11073  9218
11082  9239
11091  6937
11092  9285
11110  9387
11112  2933
11134  9769
11135  9696
11143  9334
11144  9719
11147  9811
11151  9817
11162  9850
11179  8706
11189  9523
11206  9497
11227 18119
11228 10252
11240  9694
11252  9730
11277 10023
11289 10072
11318 10132
11321  9896
11328 10082
11331  9814
11332  6249
11339  9867
11346 10212
11352 10186
11357  9908
11369 10236
11382  9959
11383  9958
11387 10324
11394 10258
11396 10329
11406 10001
11419 10301
11422 10327
11426 10287
11431 10351
11435 10332
11440 10379
11449 10404
11454 10412
11456 10102
11463 10424
11465  4522
11467 10429
11472 10097
11476 10336
11478 10442
11481 10155
11490 10450
11492 10135
11493 10200
11494 10467
11497 10478
11499 10486
11504 10507
11505  2554
11506  4097
11526 10607
11535 10553
11541 10306
11554 10586
11556 10298
11558 10334
11577 10677
11578 10679
11579 10563
11584 10675
11587 10398
11599 10347
11607 21700
11608 10418
11617 10728
11623 10647
11625 10582
11633 10750
11637 10448
11648 10735
11651 10791
11652 10633
11668  1479
11672  8076
11697 10668
11698 10835
11724 10854
11760  6063
11852 10929
11864 10941
11907 10629
11912 10851
11938  5829
11942 10986
12105 10388
12124 11005
12135 10745
12147 10373
12170 10975
12182 11140
12221 11176
12232 11028
12283  7713
12304 11237
12323 10859
12329 11068
12360 11402
12419 19737
12421  2201
12423 11224
12426  2201
12427 10893
12469 10937
12512 19374
12563 11029
12580 11073
12765 21374
12852 20400
12887 11508
13095 11277
13101 24236
13124 17648
13156 11462
13179 22234
13247  8325
13278 11388
13316   390
13389 13258
13477 16569
13530  6111
13534 15822
13714   107
13715 19863
13888  4660
13944 24441
14082  6160
14349 20424
14439 23724
14512  6469
14531  2107
14731 10319
14899 20564
14933  9735
14969  1855
15074   405
15163 25888
15222 24152
15242  2139
15282  6468
15295 22171
15510 20484
15551 12576
15605  5634
15647 19372
15870 13551
15889  2550
16012 25908
16024 16241
16209  6610
16422 15543
16428 17771
16498  7043
16557 24610
16563 10445
16671 18246
16721 17822
16854 13748
17016 24425
17019  2644
17199  2243
17267 12824
17385   460
17386  6665
17386 19264
17524 22919
17609 24393
17738 19653
17890 10106
17924 20100
17948 19372
17992 13761
18046  1613
18366 17612
18632 15611
18639 24770
18795  4962
18943   761
18946 24451
18966 24163
19072 17896
19086 24048
19129 13429
19134 24596
19449  4326
19703 17643
19718  6790
19955 14878
20015 24624
20335 17911
20346 15640
20544 24900
20654 13367
20973  2087
21332  1631
21402 12694
21772 15442
22127 22448
22499  9886
22508 12246
22756  1561
23102 23577
23149 15691
23263 19080
23269  4520
23304 13576
23314  7503
23533 25105
23601 17369
23778 24522
23895 19582
23998 25932
24011 16387
24017  2165
24018 26007
24089 11198
24151  8464
24169  8464
24170  8464
24195  4177
24197 18470
24254 26060
24292 10173
24340  1797
24359  6640
24375 19372
24707 14298
24782 21639
24876  4553
24999  5661
25049  9084
25066  1724
25224  3444
25328 21884
25337  8247
25442  7773
25583 19304
25810 19484
25910  5477
25916  9377
26106  5624
26174 22599
26184 19807
26188  8247
26302  3816
26426  9939
26430 24900
26730 17080
26786 10652
26937 21561
26984  8390
27062 14583
27082 12717
27176  1549
27183 25447
27235 17074
27277  3256
27309  8048
27345 23305
27387  2757
27392  1703
27498  2363
27695  1370
27713 21017
27764 14863
27832 25638
27863   368
27954 11416
28019 19863
28023 18672
28181 20961
28277     9
28290  2399
28305 19416
28375 26258
28385 26292
