    5     3
    6     4
    8 27860
    9  4086
   11  7533
   21  1539
   24 15674
   36  1556
   37  8808
   40  1561
   71  1592
   77  1596
   79  1595
   93  1613
  109  1629
  111  1631
  116  1640
  120  1659
  136  1668
  141  1605
  153  1679
  158  1681
  161  1678
  173  1685
  177  1686
  181  1691
  202  1669
  203  1243
  205  1669
  211  1705
  216  1700
  217  1709
  267  1738
  288  1737
  310  1760
  316  1762
  329  1776
  334  1621
  336  1784
  338  1779
  341  1778
  343  1782
  361  1798
  363  1780
  366  1792
  367  1799
  368  1795
  371  1800
  379  1797
  395  1814
  401  1786
  404  1818
  413  1823
  414  1820
  425  1830
  432  1820
  436  1831
  440  1833
  456  1840
  460  1850
  467  1852
  474  1842
  479  1858
  483  1866
  505  1872
  520  1880
  531  1888
  553  8638
  556  1899
  557  1899
  578  1930
  583  1898
  628  1914
  669  2080
  678  1929
  695  2085
  702  2104
  705  2103
  715  1944
  718  1942
  721  1944
  734  2132
  742 25422
  746  1947
  765  1974
  766  1979
  774 14194
  775  2159
  780 27649
  783  2009
  813  2191
  817  2008
  832  2020
  846  2245
  849  2246
  851  2247
  853  2243
  877  2013
  884  2304
  885  2309
  889  2316
  906  2279
  907  2166
  919  2068
  920  2378
  923  2315
  927  2133
  941  2099
  942  2414
  947   450
  949  2408
  955  2156
  960 20358
  963 17343
  972  2445
  974  2334
  977  2437
  978  2455
  990  2289
  999  2448
 1005  2448
 1011  2306
 1023  2326
 1030  2476
 1047  2320
 1054  2487
 1057  2480
 1087  2674
 1094  2358
 1097  2357
 1105  2361
 1112  2361
 1114  2372
 1121  2391
 1124  2364
 1135 18251
 1140  2377
 1155  2393
 1156  2534
 1164  2428
 1170  2434
 1178  2426
 1185  2429
 1189  2432
 1196  2577
 1197  2441
 1201  2419
 1206  2420
 1206  5310
 1208  2452
 1209  2418
 1210  2446
 1211  6766
 1215  2451
 1218  2454
 1222  2593
 1230  2235
 1232  2590
 1233  2587
 1236  2463
 1239  2465
 1241  2469
 1243  2614
 1251  2617
 1254  2479
 1294  2499
 1319 25015
 1324  2512
 1325  2509
 1331  2523
 1338  2519
 1340  2527
 1341  2532
 1347  2533
 1354  2539
 1359  2542
 1370  2586
 1372  3972
 1373  2702
 1378  2694
 1387  2715
 1389  2710
 1400  2709
 1403  2564
 1405  2722
 1411  2600
 1413  2725
 1421  2735
 1429  2612
 1431  2606
 1448  2604
 1453  2625
 1463  2638
 1466  2642
 1467  2758
 1476  2766
 1481  2770
 1492  2661
 1504  2673
 1518  2673
 1528  2678
 1529  2682
 1531  2682
 1532  2674
 1534  2679
 1537  2685
 1539  2584
 1544  2686
 1548  2591
 1598  2731
 1604  2729
 1617  2847
 1618  2835
 1626  2840
 1629  2741
 1634  2741
 1643  2652
 1647  2863
 1650  2760
 1672  2765
 1699  2776
 1712  2785
 1717  2683
 1726  2683
 1727  2790
 1731  2787
 1732   898
 1745  2911
 1748  2900
 1757  2578
 1766  2909
 1778  2914
 1779 27675
 1799 19480
 1800  8499
 1807  2935
 1816  2832
 1823  2833
 1824  2929
 1825  2750
 1832  2843
 1856  2857
 1898  2894
 1900  2875
 1902   231
 1909  2877
 1910  2948
 1915  2878
 1923  2887
 1928  2893
 1929  2899
 1930  2902
 1938  2906
 1946  3001
 1949  2912
 1957  2896
 1959 24481
 1960  2918
 1963  2917
 1965  3034
 1974  3059
 2001  2943
 2031  2856
 2032  3085
 2040  2946
 2045  3093
 2046   568
 2048  2975
 2063  2980
 2067  2983
 2080  3004
 2082  2992
 2095  3007
 2128  3138
 2132  3126
 2144  3151
 2152  3048
 2168  3079
 2170  3066
 2174  3073
 2176  3072
 2181  3183
 2183  3078
 2198  3190
 2200  3186
 2201  3089
 2213 20679
 2217  3096
 2224 27712
 2231  3109
 2241  3108
 2246  3110
 2255  3114
 2259  3119
 2273  3253
 2293  3134
 2301  3139
 2306  3246
 2310  3250
 2326  3149
 2337  3268
 2341  3268
 2343  3159
 2346  3162
 2351  3177
 2353  3161
 2360  3173
 2366  3182
 2376 16353
 2378  3192
 2381  3166
 2385  3306
 2387 25353
 2392  3196
 2395  3200
 2396  3198
 2398  3332
 2404  3199
 2426  3339
 2430  3204
 2442  1987
 2446  3350
 2447  3373
 2452  3220
 2458  3240
 2466  3219
 2467  3230
 2476  3249
 2491  3247
 2492  3248
 2502  3256
 2506  3265
 2524  3423
 2527  3270
 2530  3276
 2540  3260
 2542  3275
 2546  3447
 2557  3284
 2559  3281
 2583  1318
 2599 23884
 2617  3319
 2620  3333
 2623  3331
 2624  3325
 2625  3326
 2631  3327
 2634  3327
 2635  3338
 2637  3334
 2641  3353
 2645  3490
 2646  3352
 2658  3495
 2665  3358
 2666  3369
 2667  6864
 2671  3364
 2675  3376
 2676  3480
 2676  3496
 2678  3387
 2686  3387
 2694  3515
 2696 22269
 2701  3399
 2715  3413
 2717  3409
 2721  3411
 2723  3527
 2733  3534
 2747  3425
 2760  3433
 2770  3439
 2776  3556
 2779  3559
 2790  3454
 2799  3450
 2813  3589
 2814  3475
 2821  3467
 2826  3571
 2838  3468
 2854  3489
 2857  3488
 2867  3486
 2872  3508
 2873  3494
 2880  3505
 2886  3644
 2900  3514
 2901  3517
 2906  3638
 2913  3635
 2916  3651
 2926  3526
 2931  3533
 2938  3656
 2964  3551
 2968  3555
 3007  3570
 3022  3578
 3031  3592
 3036  3591
 3046  3599
 3050  3733
 3061  3607
 3064  3609
 3072  3612
 3082  3210
 3084  3617
 3089  3620
 3093  3625
 3096  3629
 3116  3633
 3119  3636
 3126  3637
 3128  3648
 3129  3645
 3136  3650
 3139  3646
 3142  3778
 3144  3654
 3149  3782
 3150  3659
 3163  3663
 3169  3790
 3178  3666
 3179  3667
 3181  3802
 3184  3670
 3196  3677
 3199  3678
 3202  3812
 3203  3812
 3204  3690
 3206  3685
 3207  3684
 3208  3814
 3209  3687
 3231  3704
 3244  3706
 3247  3713
 3248 12672
 3265  3714
 3282  3730
 3288  3726
 3294  3737
 3297  3731
 3300  3736
 3311  3852
 3314  3859
 3317  3744
 3332  3753
 3343  3875
 3352  3756
 3360  3756
 3364 22480
 3374  3771
 3386  3776
 3393  3918
 3401  3786
 3414  3787
 3431  7406
 3432  3794
 3435  3803
 3440  3798
 3449  3804
 3452  3805
 3465  3545
 3513  3831
 3514  3832
 3515  3833
 3522  3836
 3534  3838
 3541  3846
 3548  3858
 3562  3872
 3564  3869
 3578  3880
 3580  3882
 3584  3883
 3586  3886
 3594  3891
 3616  3914
 3630  3976
 3638  3915
 3640  3921
 3656  3936
 3660  3941
 3678  3961
 3679  3952
 3687 27798
 3700 24404
 3743  4111
 3744  3998
 3745  5821
 3746  3864
 3759  3999
 3762  4002
 3775  4006
 3784  4018
 3788  4022
 3791  4134
 3802  4021
 3804  4031
 3815 22541
 3822  3603
 3846  4803
 3850  7676
 3857   914
 3877  4046
 3882  4053
 3912  4057
 3931  4061
 3942  7676
 3951  4066
 3972  4076
 3984 22541
 3994  4256
 3999 27457
 4000  4803
 4013  4098
 4023  4101
 4027  4225
 4032  4292
 4050  4123
 4064  4124
 4078 24514
 4080  4126
 4081  4141
 4086  4140
 4087  4139
 4094  4156
 4181  4385
 4195 16454
 4256  4407
 4263  4328
 4296  6291
 4315  4367
 4324 25040
 4362  4444
 4381  9936
 4388  4464
 4416  4488
 4474 26205
 4531  4565
 4539 26656
 4550 19441
 4572  5743
 4598  4089
 4608  4005
 4676  4218
 4756  8896
 4795  5740
 4884  4272
 4910  4307
 4933  4327
 4950  4338
 4959  4343
 4975  4358
 4982  4364
 4983  9680
 5014  4383
 5033  1939
 5050  4402
 5053  4283
 5070  4415
 5085  4429
 5086  4424
 5094  4439
 5103  4437
 5117  4448
 5127  4465
 5130  4466
 5134  4467
 5143  4472
 5145  4476
 5155   914
 5174  4497
 5175  4506
 5180  4506
 5228  1832
 5245  4525
 5258  4540
 5276  4553
 5279  4556
 5285  4554
 5301  4570
 5307  4680
 5321  4585
 5324  4690
 5344  1148
 5345  4594
 5363  4602
 5374  4595
 5415  4728
 5438  4740
 5450  4743
 5452  4778
 5477  2613
 5519  4781
 5525  4786
 5545  4561
 5550  4546
 5562  4809
 5588  6199
 5596  8387
 5603  4836
 5621  4847
 5625  4738
 5636  4861
 5651  4870
 5653  4868
 5658  7581
 5679  8453
 5683  4879
 5697  4763
 5705  4783
 5724  4495
 5748  6444
 5767  7766
 5794  2053
 5852  4887
 5866  4922
 5891 20459
 5911  4963
 5972  4966
 5995  5002
 6018  5009
 6025  5018
 6033  5012
 6041  5029
 6043  5601
 6044  5020
 6055  5048
 6062  5043
 6063  5042
 6070  5028
 6080  5065
 6101  5070
 6109 14027
 6112  5087
 6113  5050
 6114  5090
 6119 23789
 6128  5225
 6131  5254
 6134  5053
 6139  5248
 6140  5112
 6150  5113
 6157  5099
 6158  5253
 6166  5257
 6178  5232
 6184  5275
 6185  5292
 6192  5141
 6196  5295
 6202  5185
 6210  5151
 6214  5088
 6225  5179
 6226  5143
 6228  5170
 6243  5310
 6248  5168
 6249  5329
 6252  5169
 6253  8230
 6261  5157
 6267  5202
 6269  5205
 6270  5315
 6271  5303
 6272  5219
 6278  5325
 6292  5213
 6301  5197
 6302  5327
 6305  5335
 6313  5342
 6324  5323
 6328  5215
 6331  5250
 6333  5230
 6337  5264
 6341  5273
 6350  5276
 6356  5293
 6358  5297
 6360  5258
 6368  5341
 6371  5300
 6372  5382
 6374  5347
 6380  5367
 6391  5265
 6395  5395
 6397  5404
 6400  7229
 6404  5338
 6408  6004
 6412  5349
 6413  5336
 6424  5348
 6427  5361
 6428  4958
 6428  5356
 6429  5364
 6431  5363
 6434  5366
 6435  5360
 6446  5373
 6449  5425
 6452  5378
 6462  5383
 6474  5421
 6481  5391
 6483  5457
 6488  5399
 6496  5468
 6507 10255
 6511  5490
 6513  5427
 6515  5429
 6532  5444
 6542  5432
 6555  5528
 6559  5450
 6564  5481
 6570  5489
 6572  5482
 6574  5541
 6584  5553
 6589  5477
 6595  5549
 6596  5547
 6598  5550
 6604  5495
 6616  7105
 6620  5494
 6625  5521
 6626  5585
 6630  5503
 6633  5508
 6634  5509
 6651  5531
 6673  5601
 6681  5617
 6699  5567
 6700  5557
 6702  5620
 6706  5573
 6715  5576
 6718  5649
 6719  5561
 6724  5644
 6729  5630
 6749  5667
 6751  5666
 6756  5670
 6763  5669
 6801  5711
 6805  7197
 6857  5665
 6895  5752
 6910  5682
 6951 13741
 6952 23286
 6966  5679
 6972  5801
 6975  5801
 7006  5809
 7012  5762
 7038  5623
 7066  5698
 7080  5849
 7113  5675
 7114  6513
 7115  5676
 7120 24295
 7185  5739
 7213  6172
 7250  5928
 7254  5863
 7262  5796
 7284  5946
 7298  7137
 7306  5974
 7339  5986
 7354  6005
 7377  6037
 7379  5878
 7381  4671
 7383 15551
 7387  5811
 7394  5913
 7426  5821
 7433  8436
 7435  6127
 7446  5835
 7448  5863
 7455  5872
 7457  7938
 7459  6409
 7464  5645
 7466  5982
 7469  5880
 7476  6048
 7507  3682
 7536  5916
 7541  5916
 7549  7270
 7551  5917
 7568  6216
 7576  5969
 7586  6015
 7598  5966
 7606  5987
 7610  6248
 7619  5998
 7631  6021
 7632 16025
 7650  6074
 7664  6272
 7673  7321
 7690  6086
 7691  6288
 7704  5871
 7713  6319
 7745  6313
 7766  6155
 7770  6134
 7782  5970
 7791  6369
 7795  6444
 7803  6354
 7807  6175
 7813  6378
 7814  6194
 7821  6189
 7823  6158
 7838  6225
 7853  6321
 7854  6219
 7858  6187
 7861  6226
 7863  6316
 7886  6572
 7896  6520
 7911  6547
 7912 20336
 7926  6465
 7948  6259
 7948  6307
 7958  6245
 7962  6569
 7976  6256
 7984  6511
 7990  6505
 7993  6513
 7998  6451
 8000  6515
 8016  6529
 8017  6294
 8021  6299
 8027  6310
 8029  6548
 8030  6309
 8045  6416
 8071  6427
 8078  6658
 8084  6348
 8087  6500
 8098  6361
 8102  6585
 8108  6370
 8113 24946
 8125  6607
 8137  6491
 8143  6405
 8147  6609
 8149  6539
 8166  6583
 8171  6562
 8175  6422
 8187  6417
 8189  6611
 8190  6683
 8201  6422
 8209  6572
 8223  6446
 8239  6583
 8242  6675
 8250  6468
 8252  6667
 8254 18032
 8255  7725
 8257  7725
 8264  6468
 8272  6510
 8273  6486
 8286  6724
 8302  6699
 8303  6479
 8319  6535
 8320  6701
 8346  6373
 8348  6705
 8352  6522
 8367  6536
 8383 15497
 8393  6719
 8402  6564
 8423  5139
 8424  6791
 8434 17545
 8437  6599
 8444  6856
 8472  6637
 8476  6827
 8478  6830
 8480  6655
 8484  6624
 8486 26399
 8488  7047
 8489  6821
 8494  6648
 8498  6849
 8499  6862
 8506  7856
 8510  6868
 8534  6905
 8537  6825
 8538  6798
 8545  6392
 8561  6894
 8570  7766
 8571  4888
 8577  2212
 8583  6854
 8588 25210
 8596  6925
 8598  6746
 8605  6746
 8606  6799
 8607  6885
 8618  8629
 8629  6936
 8647  6752
 8649  6898
 8652  5213
 8664 12952
 8689  6788
 8695  6934
 8709  2053
 8720  6812
 8725  6957
 8741  7643
 8766  6986
 8775  6992
 8779  6820
 8780  6782
 8808  7073
 8809  7029
 8813  7075
 8814  7027
 8828  6988
 8829  7098
 8831  6901
 8837  6920
 8840  6913
 8841  6931
 8842  7062
 8853  6896
 8862  7054
 8869  6946
 8871  6926
 8881  7068
 8895  8114
 8901  6937
 8905  6958
 8911  6945
 8915  6904
 8924  7086
 8939  6966
 8941 18668
 8942 18668
 8944  6959
 8953  7099
 8955  6969
 8956  7103
 8968  7002
 8983  7127
 8996  7005
 9028  7019
 9031  7133
 9041  7031
 9045  7030
 9051  7085
 9059  7043
 9064  7048
 9078  7040
 9080 14565
 9082  7126
 9087  7094
 9090  7069
 9092  7068
 9094  7080
 9099  7077
 9112  7084
 9117  7030
 9121  7088
 9123  7088
 9131  7095
 9157  7128
 9166  7158
 9182  7136
 9190  7178
 9191  7159
 9200  7183
 9202  7169
 9210  7153
 9211  7180
 9225  7217
 9232  7207
 9237  7216
 9238  7204
 9243  7212
 9245  7230
 9247  7204
 9249  7226
 9250  7272
 9252  7229
 9254  7243
 9255  7224
 9266  7268
 9269  7286
 9276  7264
 9282  7270
 9292  7248
 9300  7282
 9302  7325
 9308  7340
 9313  7275
 9332  7312
 9335  7301
 9336  7302
 9339  7309
 9342  7309
 9361  7326
 9364  7326
 9369  7314
 9374  7329
 9378  7307
 9384  7362
 9388  9869
 9398  7379
 9410  7377
 9411 23358
 9418  7361
 9422  7368
 9428  7392
 9430  7392
 9436 20949
 9444  7387
 9449 18481
 9471  3795
 9479  7465
 9482  7433
 9487  7436
 9494  7505
 9502  7447
 9516  7514
 9524  7463
 9533  7477
 9538  7541
 9539  7548
 9548  7566
 9549  7562
 9560  7570
 9566  7494
 9567  1983
 9569  7492
 9577  7579
 9598  7578
 9599  7596
 9600  7522
 9605  7521
 9606  7491
 9608  7557
 9609  7517
 9610  7603
 9611  7574
 9613  7588
 9619  7526
 9623  7595
 9624  7600
 9630  7615
 9635  7613
 9636  7613
 9637  7620
 9648  7630
 9651  7544
 9652  7619
 9653  7638
 9661  7547
 9684  7561
 9699  7675
 9709  7587
 9713  7681
 9722  7591
 9724  7686
 9730  7696
 9731  7707
 9733  7671
 9744  7705
 9745  8762
 9746  7612
 9753  7623
 9756  5521
 9760  7727
 9764  5509
 9772  7722
 9779  7733
 9792  7726
 9796  6753
 9799  7763
 9800  4826
 9816  3795
 9819  7672
 9822  7672
 9825  7715
 9831  7678
 9836  7688
 9843  7802
 9845  7689
 9848  7784
 9863  7709
 9880  7714
 9881  7712
 9882  7746
 9887  7851
 9895  7721
 9899  7725
 9901  5355
 9904  7730
 9907  7741
 9917  7791
 9919  6571
 9921  7796
 9922  7715
 9922  7772
 9924 26490
 9936  4884
 9937   914
 9942  7817
 9947  7750
 9948  7904
 9954  7788
 9959  7800
 9962  7790
 9967  5928
 9967  7813
 9971  4803
 9975  7862
 9977  7916
 9986  7806
 9992  7881
10001  7933
10006  7874
10009  7867
10012  4446
10024  7856
10029  7863
10032  7793
10034  7898
10058  7951
10059  5987
10079  7978
10088  7928
10089  7926
10098  7903
10111  7902
10126  1213
10128  8836
10148  7991
10152  7985
10163  9024
10173  8008
10177  8009
10181  7909
10187  8018
10190  8028
10194 23047
10203  8016
10205  2030
10216  8046
10217  8042
10243  8063
10246  8027
10253  8074
10254  5817
10256  8055
10261  8061
10265  8056
10270  8098
10280  3795
10283  8047
10287  8125
10291  8110
10296  8062
10304 12030
10310  8122
10316  8081
10324  8114
10336  8135
10342  8170
10344  8172
10350  8167
10366  8154
10368  8185
10370  8180
10382  8193
10399  8174
10400  8198
10418  8176
10419  8216
10421  8206
10433  8202
10440  8215
10442  8218
10443  8169
10447  8211
10452  8228
10453  8220
10458  8233
10462  8236
10468  8229
10470  8236
10474  8254
10476  8256
10491  8725
10493  8275
10500  8253
10507 13744
10515  8257
10518  8376
10520  8274
10531  8293
10533  8182
10537  8302
10548  8308
10550  8424
10553  8399
10558  8453
10564  8471
10572  8367
10575  8313
10576  8314
10581  8321
10583  8414
10584  8289
10585  8519
10595  8493
10606 24580
10607  8491
10609  8391
10630  8230
10633  8450
10634  8420
10635  8571
10639  8425
10645  8433
10656  8588
10657  8588
10667  8445
10668  8592
10669  8455
10670  8418
10671  8599
10672  8258
10675  8484
10676  8459
10677  2195
10677  8508
10682  8588
10685  8392
10687  8452
10688  8498
10706  8336
10707  8506
10714  8381
10721  8485
10729  8477
10731  8485
10739  2589
10740  8298
10741  8520
10757  2205
10757  8372
10760  8345
10761  8351
10764 27306
10768  8351
10769 16438
10770  8325
10771  8554
10787  8634
10792  8339
10794  8331
10795  8551
10799  8553
10800  8544
10811  6098
10812  8578
10817  8660
10825  6862
10829  8653
10830  8330
10846  8579
10849  8668
10850  8584
10852  8542
10854  8323
10857  8670
10859  8628
10861  8569
10867  8594
10868  8441
10869  8403
10874  8403
10877  8340
10878  8601
10883  8672
10891  8609
10892  2652
10900  8597
10901  8669
10902  8577
10908  8602
10912  2681
10917  8467
10926  5750
10927  8614
10929  8598
10940  8397
10944  8683
10946  8458
10948  8686
10951  8386
10953  8468
10954  5421
10958  8613
10961  8687
10962  8532
10966  8604
10970  8439
10986  8552
10991  8712
10996  8711
10999  5674
11002  8712
11003  8439
11005  8713
11015  8700
11029  8733
11032  8656
11033  8760
11053  8751
11054  8750
11057 21184
11082  8779
11087   574
11115  8658
11117  8658
11134  8761
11135  8766
11162  8788
11221  8857
11222  8856
11228  8785
11229  8785
11264  8745
11281  8767
11283  8772
11285  8746
11289  8839
11303  8828
11306  8867
11315 24952
11318  8861
11323  8913
11327  8828
11328  8879
11337  8830
11346  8884
11354  8975
11372  8889
11373  8892
11378  8918
11387  8906
11392  8912
11397  8829
11406  9025
11417  8936
11436  8953
11449  8946
11450  8947
11455  8959
11456  9073
11460  8816
11461  8982
11472  9118
11474  9013
11475  8986
11476  8991
11478  8995
11479  8989
11499  9007
11521  9079
11538  9064
11551  8922
11554  9100
11575  9126
11577  9110
11590  9345
11592  9181
11598  8911
11608  9384
11612  8911
11626  9174
11633  9198
11637  9457
11640 10152
11641  8997
11642 16934
11668  9430
11672  7158
11697  9400
11724  9286
11750 25364
11781 18678
11808  9319
11831  9546
11845  9628
11852  9378
11857 26056
11885  9428
11957 10255
12009  9464
12042  9500
12083  9571
12146  9822
12191  1185
12197  1185
12231  9677
12311  9970
12329  9865
12371  4077
12387  9782
12581  4848
12618   394
12658  9936
12753  8615
12757 26839
12852  1466
12854 10082
12967 10469
12999 27436
13095 10532
13099 10424
13239 10637
13436 10654
13501 26056
13507 23281
13538  5853
13699 11164
13734 24566
13749 10825
13794  6371
13809 15574
13933 19090
13958 18939
13991 17974
14005 12717
14019  5814
14029  4152
14086  2129
14248 19250
14265 18975
14407  8254
14439 13744
14668  2319
14789 26570
15041  7946
15065   179
15122 20417
15370  8230
15549  7766
15627  4092
15987  1231
16001 17669
16297 20513
16325 22415
16326  6905
16388  7658
16417  3290
16671 13540
16943 13967
16969 13900
17016  2334
17035  2448
17051 10370
17099  4437
17239  1148
17613  9871
17657  9532
17802 26399
17853 15068
17859 15157
17883 16704
17961  2430
18007 18670
18152  2237
18355 24010
18527 22804
18593 14194
18762  6481
18776 22066
18862 18975
18954  5551
19028 20679
19037 14733
19079  7715
19151 25016
19177  8767
19332  2591
19473 21606
19492 15046
19543 17888
19544 22127
19559 20012
19648 13315
19669 19180
19887 18670
19909 27801
19984 13266
19986 13266
19998 15846
20009 13266
20084 16306
20164  7943
20389  5068
20431 26659
20747 24090
20864 25153
20959  1571
20963  2894
21627  2334
21792  1148
21937 15420
21980 13011
22237  2491
22263  2246
22280  8262
22293 21762
22307 24200
22415 12222
22606 19852
22614  7969
22921  1836
22959 14860
23063 10356
23252 12113
23254 10320
23288 22999
23325  3075
23383  6812
23395 25953
23399  2089
23503 14295
23568 20158
23570  5023
23593 15154
23689 17431
23714 20340
23787 12312
23833 26662
23845 13423
23915 26807
24098 24058
24099 15570
24260 12500
24334  2737
24355  1603
24356 15737
24408 12798
24408 20222
24412 20512
24464 11442
24479 14975
24548 12417
24619  6001
24737 20765
24783 11163
24789 13596
24936  7687
25028  7138
25203  5014
25207  8495
25374 19988
25375 21144
25449 17347
25474 25918
25509 26082
25613 17981
25737  7157
25777 15647
25783 25217
25829 18286
25830 12598
25926 20945
26476 17225
26512 23119
26529 23187
26660  3922
26707 19221
26887  4114
26960 14569
26989 20881
27042 14624
27079 14642
27125 17854
27159 14696
27226 14748
27289 27749
27324 14871
27346 17597
27356  4724
27463  3174
27470  5802
27687 27544
27717 23794
27764 12521
27766 27202
27787  4387
27900 16943
27951  3465
27978 15420
28017 19771
28019 13596
28065 13612
28111 25404
28131   662
28139 26293
28269  7413
28278 27831
28310 12344
28320 27350
28329  4086
28385 27870
28386     5
28390 27859
28396 12521
