   11 27751
   20   570
   21   574
   26   577
   34   590
   36   591
   40   594
   54   610
   57   609
   58   607
   66   603
   69   631
   71   637
   73   641
   76   643
   77   650
   78   645
   79   644
   84   657
   87  8541
   89   658
   94   673
   95   671
  101  8522
  104   684
  105   686
  107   687
  108   691
  109   688
  111   694
  116   705
  117   702
  120   715
  121   706
  122   709
  128   721
  130   711
  135   731
  135 25932
  136   737
  137   712
  138   742
  139   723
  142   728
  143   746
  153   762
  158   772
  160   759
  162   778
  164   754
  169   759
  172   761
  173   790
  177   794
  181   798
  183   595
  197   812
  199   807
  205   362
  211   826
  212   821
  214   827
  216   825
  217   830
  232   834
  243   848
  250   856
  253   844
  263   915
  292   973
  295   999
  298  1064
  310   898
  316   904
  320  5104
  328   912
  330  1191
  336   926
  338   922
  341   924
  343   932
  354   930
  356   595
  357  1255
  361   945
  363   935
  365  1162
  366   938
  367   955
  370  1207
  371   958
  372   948
  376   963
  377   960
  379   954
  380   961
  383  1195
  401   983
  404   987
  405 15069
  411   989
  413  1002
  414   986
  418   995
  424  1296
  425  1009
  426   998
  428  1017
  431  1005
  432   993
  436  1014
  440  1015
  441  1020
  443  1021
  449  4108
  453  1023
  455  1035
  458  6962
  460  1041
  463  1344
  464  1140
  467  1043
  468  1044
  472  1150
  474  1037
  483  1058
  485  1116
  498  1059
  500  1199
  507  1094
  509  1078
  520  1097
  525  1100
  531  1115
  545  1251
  554  1129
  556  1149
  557  1149
  569  1221
  577  1228
  578  1200
  579  1169
  581  1167
  589  1183
  596  1176
  602  1247
  606  1249
  607 26260
  616  1267
  622  1273
  628  1203
  629  1278
  634  1265
  647  1293
  651  1301
  655  1300
  661  1312
  664  1266
  669  1316
  678  1269
  680  1315
  697  1287
  702  1342
  705  1343
  706  1348
  709  1346
  712  1347
  715  1317
  718  1305
  720  1336
  721  1317
  722  1359
  727  1336
  734  1371
  735  1369
  745  1386
  751  1393
  759   137
  765  1366
  766  1372
  767  1374
  768  1377
  769  1368
  773  1600
  775  1432
  782  1433
  783  1389
  786  1399
  789  1394
  791  1396
  796  1407
  797  1448
  799  1449
  805  1445
  807  1462
  812  1419
  813  1463
  814  1443
  817  1427
  829  1480
  830  1442
  839  1739
  840 10824
  846  1496
  851  1494
  853  1497
  861  1485
  862 10608
  866  1464
  870  1539
  871  1499
  873  9974
  874  1489
  879  1552
  880  1537
  881 23594
  883  1553
  884  1556
  885  1557
  889  1563
  891  1528
  893  1544
  897  1534
  900  1582
  901  1579
  903  1573
  906  1574
  907  1567
  910 26584
  911  1581
  912  1595
  919  1558
  920  1639
  922  1617
  923  6943
  925  1592
  927  1583
  933  1622
  937  1633
  938  1640
  941  1587
  942  1683
  949  1678
  955  1619
  956  1643
  959  1704
  963 24475
  967 18077
  969  1641
  972  1719
  977  1728
  978  1740
  979  1669
  981   686
  985  1693
  991  1659
 1002  1711
 1005  1752
 1006  1754
 1008   538
 1011  1713
 1012  1687
 1015  1731
 1019  1725
 1021  1732
 1024  1787
 1030  1808
 1033  1737
 1037  1743
 1039  1828
 1041  1766
 1044  1768
 1045  1789
 1048  1771
 1050  1750
 1053  1774
 1054  1843
 1057  1840
 1058  1788
 1059  1783
 1060  1794
 1064  1797
 1066  1801
 1071  1811
 1079  1814
 1081  1821
 1082  1803
 1083  1822
 1087  1898
 1088  1848
 1093  1842
 1094  1836
 1097  1849
 1103  1851
 1106  1855
 1107  1854
 1113  1862
 1114  1856
 1116  1861
 1118  1866
 1121  1878
 1123  1875
 1124  1873
 1125  1883
 1127  1886
 1128  1894
 1131  1892
 1150  1893
 1151  1957
 1154  1916
 1155  1912
 1157  1919
 1161  1925
 1164  1934
 1165  1933
 1169  1932
 1175  1940
 1178  1949
 1190  1947
 1191  1952
 1197  1962
 1201  1958
 1204  1988
 1206  1960
 1208  1979
 1210  1975
 1216  1989
 1218  1996
 1221  1990
 1222  2028
 1223  1970
 1225  1999
 1230  1937
 1232  2042
 1233  2033
 1236  2002
 1239  2005
 1241  2011
 1242  2008
 1243  2052
 1247  2014
 1251  2063
 1257  1983
 1264  2044
 1268  2050
 1269  2031
 1272  2049
 1278  2057
 1288  2058
 1298  2074
 1304  2070
 1309  2080
 1312  2054
 1315  2083
 1316  2086
 1319  2125
 1320  2092
 1323  2091
 1324  2096
 1326  2100
 1329  2137
 1330  2141
 1332  2118
 1336  2115
 1338  2113
 1341  2124
 1346  2108
 1350  2122
 1351  2156
 1357  2138
 1359  2127
 1361  2146
 1366  2176
 1369  2150
 1370  2153
 1373  2179
 1374  2157
 1377  2144
 1378  2177
 1379  2165
 1389  2198
 1391  2166
 1394  2170
 1400  2203
 1401  2171
 1402  2174
 1403  2172
 1404  2180
 1405  2212
 1411  2189
 1412  2184
 1413  2221
 1426  2201
 1429  2208
 1435  2234
 1436  2204
 1438  2213
 1440  2211
 1445  2210
 1446  2190
 1451 13515
 1452  2222
 1453  2220
 1463  2236
 1467  2269
 1476  2281
 1479  2248
 1481  2295
 1488  2228
 1489  2727
 1491  2225
 1493  2224
 1498  2263
 1499  2272
 1504  2285
 1509  2279
 1513  2291
 1518  2285
 1520  2333
 1521  2298
 1523  2302
 1525  2275
 1528  2308
 1532  2311
 1533  2313
 1534  2309
 1537  2318
 1544  2321
 1548  2299
 1559  2334
 1561  2340
 1564  2315
 1570  2336
 1574  2319
 1577  2324
 1580  2373
 1582  2336
 1584  2335
 1591  2372
 1597  2377
 1598  2375
 1603  2380
 1604  2376
 1607  2381
 1615  2385
 1616  2408
 1621  2358
 1622  2360
 1624  2388
 1626  2416
 1630  2364
 1636  2434
 1639  2397
 1643  2383
 1645  2407
 1647  2441
 1650  2415
 1651  2417
 1655  2445
 1656  2396
 1657  2391
 1658  2394
 1660  2461
 1665  2406
 1666  2424
 1668  2400
 1672  2427
 1676  2406
 1680  2418
 1681  2422
 1683  2410
 1684  2420
 1688  2358
 1689  2443
 1690  2444
 1691  2439
 1699  2449
 1700  2350
 1701  2454
 1703  2429
 1704  2459
 1705  2460
 1708  2464
 1712  2462
 1715  2364
 1717  2440
 1718  2465
 1721  2463
 1723  2466
 1724  2500
 1726  2440
 1727  2467
 1731  2472
 1732  2374
 1736  2433
 1737  2447
 1738 17057
 1739  2473
 1742  2477
 1743  2456
 1748  2508
 1749  2451
 1751  2516
 1751 24508
 1756  2488
 1767  2491
 1777  2503
 1779  2502
 1786  2504
 1799  2520
 1800  2496
 1807  2551
 1808  2523
 1810  2526
 1816  2537
 1822  2540
 1823  2541
 1824  2553
 1832  2544
 1842  2555
 1845  2940
 1850  2558
 1854  2569
 1859  2565
 1862  2583
 1865  2567
 1866  2570
 1871  2571
 1872  2575
 1876  2580
 1877  2578
 1881  2597
 1884  2585
 1887  2617
 1891  2587
 1897  2589
 1898  2601
 1900  2591
 1901  2594
 1904  2625
 1907  2600
 1909  2596
 1910  2619
 1915  2598
 1918  2605
 1919  2604
 1920 26381
 1923  2612
 1927  2615
 1928  2618
 1929  2621
 1930  2624
 1935  2630
 1936  2628
 1939  2666
 1941  2666
 1944  2637
 1945  2632
 1946  2664
 1949  2643
 1950  2673
 1955  2650
 1957  2616
 1963  2663
 1965  2701
 1972  2706
 1979  2681
 1980  2677
 1981  2680
 1987  2718
 1988  2688
 1992  2724
 1994  2698
 2002  2712
 2003  2713
 2005  6786
 2006  2719
 2009  2749
 2011  2720
 2012  2725
 2015  2727
 2016  2726
 2017  2750
 2018  2728
 2021  2729
 2022  2542
 2023  2755
 2031  2732
 2036  2745
 2039  2746
 2040  2738
 2042  2752
 2045  2775
 2048  2756
 2054  2779
 2058  2785
 2061  2762
 2063  2764
 2076  2776
 2080  2781
 2093  2793
 2095  2794
 2099  2797
 2102  2801
 2108  2804
 2109  2805
 2118  2809
 2121  2814
 2123  2816
 2125  2834
 2126  2821
 2128  2841
 2131  2824
 2132  2835
 2133  3005
 2138  2827
 2144  2860
 2146  2863
 2149  2840
 2151  2865
 2157  2848
 2159  2880
 2162  2879
 2165  2852
 2166  2855
 2168  2864
 2172  2889
 2174  2867
 2178  2870
 2181  2909
 2183  2868
 2188  2882
 2198  2921
 2200  2924
 2203  2891
 2217  2904
 2218  2873
 2219  2907
 2226  2915
 2227  2913
 2229  2922
 2234  2923
 2242  2955
 2244  2931
 2245  2962
 2246  2929
 2249  2932
 2253  2934
 2255  2938
 2257  2939
 2259  2941
 2261  2943
 2266  6535
 2269  2957
 2273  2976
 2286  2966
 2287  2967
 2289  2968
 2291  3331
 2293  2972
 2301  2971
 2305  2980
 2306  2992
 2310  3001
 2330  2993
 2337  3035
 2345  3027
 2346  3008
 2347  3018
 2348  3047
 2349  3019
 2351  3022
 2353  3016
 2354  3028
 2356  3023
 2359  3029
 2360  3031
 2369  3079
 2370  3078
 2372  3076
 2375  3046
 2376  3050
 2378  3052
 2385  3081
 2389  3059
 2392  3060
 2394  3455
 2395  3063
 2398  3103
 2401  3070
 2404  3069
 2406  3043
 2408  3082
 2417  3043
 2418  3131
 2425  3135
 2426  3127
 2430  3099
 2431  3123
 2433  3096
 2434  3100
 2438  3109
 2447  3146
 2451  3148
 2452  3118
 2455  3157
 2458  3125
 2462  3130
 2465  3129
 2466  3120
 2467  3137
 2468  3150
 2469  3134
 2470  3163
 2472  3113
 2476  3138
 2477  3166
 2482  3174
 2488  3151
 2490  3102
 2491  3153
 2493  3154
 2498  3159
 2499  3183
 2502  3160
 2506  3169
 2509  3171
 2513  3204
 2516  3177
 2519  3180
 2520  3391
 2522  3208
 2525  3214
 2527  3190
 2529  3187
 2530  3191
 2532  3192
 2533  3193
 2536  3596
 2540  3198
 2542  3200
 2546  3233
 2557  3209
 2559  3205
 2563  3213
 2570  3223
 2572  3219
 2574  3252
 2579  3229
 2580  3225
 2598  3244
 2600  3241
 2610  3251
 2611  3246
 2613 11100
 2617  3249
 2618  3256
 2620  3253
 2623  3257
 2624  3259
 2625  3255
 2627  3264
 2629  3261
 2634  3260
 2635  3266
 2637  3271
 2638  3270
 2641  3273
 2644  3278
 2645  3312
 2647  3276
 2653  3269
 2655  3282
 2656  3281
 2657  3286
 2658  3317
 2664  3295
 2665  3287
 2668  3302
 2674  3305
 2676  3319
 2677  3307
 2678  3313
 2679  6300
 2680  3721
 2681  3311
 2686  3313
 2688  3316
 2691  3322
 2694  3355
 2700  3324
 2701  3326
 2703  3329
 2706  3336
 2707  3333
 2708  3335
 2713  3341
 2715  3342
 2718  3350
 2721  3354
 2722  3346
 2730  3357
 2731  3360
 2732  3356
 2733  3392
 2740  3399
 2743  3530
 2747  3371
 2748  3373
 2753  3385
 2758  3418
 2759  3382
 2764  3383
 2766  3387
 2770  3393
 2775  3435
 2776  3439
 2777  3403
 2779  3444
 2783  3415
 2790  3423
 2792  3427
 2799  3430
 2802  3437
 2808  3445
 2812  3446
 2813  3469
 2814  3450
 2816  3448
 2820  3451
 2821  3453
 2825  3457
 2826  3474
 2834  3459
 2851  3475
 2852  3479
 2854  3481
 2861  3490
 2867  3492
 2871  3497
 2872  3496
 2873  3493
 2875  3526
 2880  3529
 2881  3499
 2883  3504
 2886  3548
 2888  3509
 2894  3515
 2895  3511
 2897  3518
 2900  3522
 2901  3523
 2906  3562
 2908  3534
 2912  3537
 2913  3567
 2914  3576
 2916  3577
 2921  3547
 2926  3552
 2936  3560
 2938  3591
 2945  3579
 2948  3582
 2952  3585
 2954  3616
 2957  3629
 2961  3592
 2963  3593
 2968  3597
 2975  3635
 2976  3604
 2980  3646
 2981  3608
 2982  3611
 2983  3607
 2986  3641
 2987  3645
 2988  3650
 2990  3620
 2992  3612
 2993  3647
 2997  3623
 3007  3631
 3011  1931
 3012  3636
 3015  3638
 3016  3639
 3018  3652
 3023  3653
 3027  3658
 3028  3660
 3031  3662
 3040  3696
 3044  3671
 3046  3672
 3049  3675
 3050  3711
 3057  3681
 3061  3680
 3063  3684
 3068  3691
 3072  3704
 3074  3699
 3078  3709
 3089  3715
 3090  3717
 3095  3720
 3096  3722
 3103  3727
 3106  3753
 3115  3758
 3119  3733
 3120  3734
 3123  3735
 3126  3737
 3128  3747
 3129  3742
 3131  3745
 3132  3746
 3135  3748
 3140  3783
 3146  3756
 3147  3790
 3149  3786
 3150  3759
 3152  3764
 3154  3760
 3156  3765
 3159  3801
 3163  3774
 3164  3714
 3169  3809
 3171  3780
 3178  3778
 3179  3779
 3181  3826
 3188  3793
 3192  3794
 3196  3797
 3199  3800
 3202  3840
 3203  3840
 3204  3812
 3206  3811
 3207  3820
 3208  3847
 3209  3815
 3210  3817
 3211  3818
 3212  3819
 3215  3821
 3219  3855
 3220  3829
 3224  3833
 3225  3831
 3228  3835
 3231  3837
 3237  3878
 3243  3882
 3246  3849
 3247  3854
 3250  3848
 3253  3884
 3259  3918
 3261  3866
 3264  3895
 3268  3869
 3273  3871
 3278  3906
 3284  3880
 3286  3883
 3291  3881
 3294  3888
 3297  3898
 3299  3892
 3301  3897
 3304  3926
 3308  3899
 3311  3930
 3313  3900
 3315 27345
 3317  3901
 3323  3905
 3324  3911
 3327  3908
 3330  3914
 3331  3912
 3332  3917
 3336  3916
 3341  3921
 3342  3919
 3343  3954
 3349  3958
 3352  3943
 3354  3936
 3355  3937
 3356  3938
 3357  3934
 3360  3943
 3361  3942
 3362  3946
 3366  3948
 3370  3981
 3373  3951
 3374  3952
 3378  3961
 3379  3960
 3382  3966
 3386  3970
 3393  3997
 3394  3975
 3395  3971
 3398  3977
 3399  3979
 3401  3980
 3403  3982
 3404  3983
 3416  7598
 3422  4031
 3426  3995
 3428  3998
 3432  4002
 3435  3999
 3436  4000
 3437  4165
 3439  4005
 3450  4056
 3451  4009
 3452  4008
 3454  4011
 3455  4052
 3457  4013
 3462  4017
 3465  4029
 3468  4024
 3471  4018
 3473  4026
 3475  4022
 3476  4032
 3477  4036
 3479  4039
 3481  4042
 3482  4014
 3486  4043
 3491  4047
 3494  4065
 3498  4049
 3499  4048
 3511  4131
 3515  4059
 3517  3492
 3522  4062
 3524  4091
 3525  4064
 3529  4069
 3534  4070
 3537  4075
 3539  4073
 3548  4080
 3551  4082
 3552  4083
 3553  4089
 3554  4087
 3557  4090
 3561  4113
 3562  4093
 3564  4095
 3571  4114
 3572  4106
 3573  4107
 3578  4112
 3580  4124
 3581  4120
 3584  4122
 3587  4160
 3594  4135
 3600 22832
 3605  4152
 3607  4151
 3609  4154
 3610  4155
 3611  4153
 3614  4157
 3620  4164
 3623  4166
 3624  4163
 3627  4264
 3629  4167
 3630 10567
 3635  4171
 3636  4175
 3638  4176
 3640  4178
 3641  4179
 3642  4177
 3647  4226
 3653  4194
 3654  4200
 3656  4201
 3658  4199
 3659  4207
 3662  4208
 3668  4213
 3673  4217
 3679  4222
 3684  4221
 3685  4205
 3690  4203
 3691  4218
 3692  4228
 3693  4216
 3696  4233
 3698  4231
 3700  4235
 3701  4241
 3706  4239
 3710  4255
 3713  4256
 3722  4258
 3727  4262
 3730  4278
 3731  4265
 3732  4249
 3736  4402
 3737  4253
 3738  4271
 3739  4268
 3745  4249
 3746  4260
 3747  9122
 3748  4263
 3749  4280
 3753  4279
 3754  4287
 3756  4286
 3760  4282
 3762  4290
 3763  2383
 3770  4304
 3771  4312
 3772  4303
 3773  4330
 3775  4309
 3777  4311
 3778  4315
 3784  4321
 3787  4354
 3788  4323
 3791  4358
 3795  4421
 3802  4341
 3804  4337
 3810  4319
 3813  4343
 3815  4391
 3816  4339
 3818  4345
 3819  4408
 3823  4349
 3824  4383
 3833 10479
 3837  7790
 3841  4340
 3843  4512
 3846  4331
 3849  4340
 3861  4365
 3862  4424
 3866  4389
 3870  4427
 3873  4425
 3874  4367
 3878  4425
 3889  4409
 3893  4404
 3896  4292
 3901  4411
 3904  4417
 3905  4452
 3906  4394
 3907  4382
 3915  4459
 3917  4429
 3919  4430
 3921  4436
 3926  4466
 3929  4435
 3930  4408
 3931  4441
 3932  4438
 3937  7286
 3941  4416
 3954  4464
 3961  4465
 3965  4470
 3967  4505
 3971  4467
 3984  4405
 3988  4474
 3989  4490
 3994  4516
 4000  4331
 4003  4325
 4006  4528
 4011  4508
 4016  4514
 4020  4518
 4021  4517
 4024  4524
 4027  4566
 4032  4569
 4033  4565
 4036  4545
 4037  4532
 4040  4531
 4044  4547
 4046  4548
 4050  4552
 4052  4542
 4055  4557
 4058  4551
 4059  4574
 4064  4561
 4070  4578
 4073  4577
 4074  4540
 4075  4770
 4078  4606
 4081  4582
 4086  4592
 4087  4591
 4093  4602
 4097  4611
 4120  4631
 4125  4634
 4143  4652
 4148  4680
 4161  4671
 4170  4713
 4171 26391
 4188 10490
 4246  4765
 4247  4985
 4256  4766
 4267  4779
 4294  5035
 4295  5040
 4305 11848
 4315  4793
 4351  4720
 4362  4834
 4363  5270
 4373  4735
 4374  4848
 4382  4887
 4383  4750
 4385  4874
 4387  4747
 4388  4866
 4401  4756
 4407  4767
 4409  4768
 4416  4893
 4419  4849
 4420  4778
 4421  6162
 4422  4781
 4427  4785
 4429  4807
 4431  4912
 4433  4907
 4434  4787
 4449  4859
 4452  4804
 4454  4805
 4457  4809
 4458  4810
 4459  4858
 4460  4815
 4464  4859
 4467  4822
 4475  4825
 4482  4829
 4486  4830
 4487  4883
 4490  4891
 4491  4969
 4492  4840
 4494  4974
 4497  4972
 4499  4839
 4507  4852
 4511  4862
 4513  4988
 4516  4937
 4517  4864
 4519  4865
 4521  4873
 4526  4876
 4531  5003
 4532  5033
 4536  4882
 4537  4886
 4541  4894
 4544  4889
 4545  4890
 4546  4900
 4552  4901
 4557  4903
 4560  4906
 4568  4913
 4570  4920
 4586  4927
 4589  4851
 4597  4939
 4598  4859
 4600  4946
 4601  4940
 4605  4941
 4608  4959
 4609  5072
 4610  4949
 4619  8780
 4625  4956
 4629  4953
 4631  4966
 4634  4953
 4637  4963
 4647  4976
 4649  4980
 4652  4984
 4659  5105
 4660  4989
 4662  4992
 4666  4996
 4668  4997
 4676  5066
 4680  5004
 4682  5008
 4684  5005
 4688  4999
 4689  5010
 4690  5009
 4692  5014
 4695  5015
 4699  5021
 4706  4851
 4711  5037
 4719  5041
 4720  5140
 4724  5051
 4732  5057
 4745  5076
 4748  5077
 4749  5079
 4758  5096
 4766  5103
 4770  5104
 4779  5111
 4788  5117
 4790  5205
 4793  5127
 4797  5134
 4799  5136
 4805  5139
 4807  5137
 4815  5148
 4823  5157
 4825  5159
 4826  5160
 4828  5162
 4830  5313
 4832  5176
 4835  5166
 4839  5188
 4852  5181
 4854  5187
 4860  5196
 4863  5198
 4864  5199
 4865  5202
 4869  5211
 4875  5214
 4886  5229
 4890  5235
 4891  5231
 4894  5262
 4898  5244
 4899  5240
 4901  5245
 4904  5255
 4908  5259
 4909  5267
 4911  5280
 4916  5271
 4917  5282
 4923  5275
 4928  5281
 4932  5299
 4933  5284
 4939  5288
 4943  5293
 4945  5300
 4948  5298
 4950  5304
 4958  5308
 4959  5311
 4965  5317
 4966  5331
 4976  5324
 4977  5328
 4980  9123
 4981  5327
 4982  5326
 4989  5360
 4990  5337
 4992  5332
 4995  5338
 5005  5358
 5013  5369
 5014  5370
 5018  5392
 5020  5377
 5021  5355
 5025  5385
 5027  5378
 5028  5379
 5029  5382
 5033  5384
 5034  5389
 5043  5403
 5045  5395
 5047  5888
 5049  5380
 5050  5400
 5051  5409
 5053  5398
 5054  5414
 5057  5408
 5060  5418
 5069  5405
 5070  5417
 5076  5426
 5078  5443
 5079  5918
 5080  5429
 5085  5430
 5086  5434
 5089  5436
 5092  5450
 5094  5445
 5095  5442
 5100  5444
 5103  5446
 5110  5440
 5112  5451
 5121  5471
 5123  5469
 5124  5465
 5125  5478
 5126  5500
 5127  5479
 5130  5484
 5132  5498
 5134  5486
 5140  5491
 5142  5490
 5145  5494
 5150  5510
 5151  5488
 5153  5489
 5156  5616
 5160  5506
 5163  5511
 5168  5497
 5171  5546
 5173  5513
 5176  5488
 5182  5533
 5185  5515
 5187  5515
 5195  5543
 5197  5538
 5199  5566
 5201  5536
 5202  5557
 5203  5559
 5204  5550
 5205  5556
 5206  5561
 5209  5755
 5210  5555
 5213  4559
 5215  5569
 5216  5570
 5219  5575
 5223  5573
 5225  5577
 5226  5589
 5231  5592
 5233  5594
 5236  5597
 5243  5581
 5245  5585
 5247  5584
 5249  5587
 5250  5605
 5255  5607
 5256  5602
 5257  5600
 5258  5595
 5260  5610
 5261  5599
 5265  5606
 5267  5609
 5269  5619
 5271  5712
 5278  5622
 5279  5621
 5282  5617
 5286  5626
 5294  5629
 5301  5636
 5302  5637
 5304  5641
 5306  6076
 5307  5657
 5310  5646
 5313  5666
 5315  5667
 5316  5654
 5319  5659
 5321  5656
 5324  5675
 5325  5663
 5328  5662
 5332  5664
 5336  5770
 5339  5676
 5344  5686
 5345  5683
 5347  6077
 5348  5705
 5350  5687
 5352 21692
 5359  5692
 5364  5826
 5366  5699
 5368  5702
 5369  5961
 5373  5836
 5374  5698
 5375  5836
 5377  5727
 5389  5718
 5390  5720
 5393  5720
 5398  5722
 5403  5731
 5409  5756
 5414  7551
 5415  5751
 5417  5738
 5429  5744
 5433  5765
 5434  5815
 5437  5758
 5438  5776
 5441  5734
 5450  5778
 5454  6109
 5455  5762
 5464  5882
 5468  6121
 5469  5786
 5478  5788
 5487  5798
 5488  5801
 5502  5805
 5503  6042
 5505  5809
 5511  5834
 5512  5837
 5516  5846
 5519  5845
 5520  5842
 5528  5840
 5530  5850
 5535 10159
 5536  5851
 5549  6004
 5554  5860
 5555  5859
 5556  5864
 5557  5862
 5558  5859
 5562  5874
 5566  5879
 5571  5878
 5574  5861
 5576  5883
 5583  5881
 5584  5889
 5591  5894
 5592  5897
 5594  6059
 5595  5901
 5602  6179
 5603  5905
 5608  5923
 5609  5906
 5611  5886
 5617  5916
 5621  5920
 5625  5903
 5626  5922
 5631 26518
 5632  5930
 5636  5936
 5637  5933
 5639  6069
 5642  5939
 5643  5912
 5644  5942
 5649  6210
 5651  5947
 5653  5946
 5667  5954
 5672  5958
 5675  5964
 5676  5962
 5677  5959
 5680  6082
 5681  5967
 5684  5971
 5686  5968
 5689  5978
 5690  5980
 5694  6237
 5697  5969
 5705  5960
 5706  6212
 5715  6002
 5720  6101
 5731  6231
 5739  6053
 5741  6036
 5745  6266
 5747  6117
 5750  6047
 5751  6075
 5762  6038
 5763  6090
 5765  6039
 5767  6254
 5786  6064
 5788  6309
 5790  6267
 5811  6092
 5814  6094
 5815  6306
 5817  6138
 5820  6303
 5839  6118
 5841  6131
 5847  5218
 5849  6133
 5852  6126
 5860  6134
 5868  6184
 5882  6167
 5885  6198
 5900  6166
 5904  6206
 5906  6183
 5912  6181
 5922  6653
 5930  6481
 5941  6209
 5952  6220
 5958  6535
 5959  6235
 5976  6238
 5982  6246
 5989  6271
 5994  6255
 5995  6258
 5998  6758
 6006  6274
 6007  6275
 6011  6529
 6014  6280
 6018  6290
 6025  6293
 6041  6329
 6042 20950
 6045  6522
 6046  6543
 6047  6328
 6048  6330
 6055  6346
 6057  6335
 6062  6360
 6063  6349
 6065  6367
 6070  6372
 6076  6381
 6078   970
 6080  6380
 6082  6374
 6085  6973
 6089  6382
 6092  6392
 6093  6861
 6101  6404
 6102  6409
 6105  6408
 6106  6399
 6109  1415
 6112  6426
 6114  6402
 6115  6446
 6116  6430
 6117  6441
 6118  6416
 6123  6471
 6126  7016
 6128   611
 6133  6469
 6137  6473
 6138  6437
 6139  6488
 6141  6437
 6142  6436
 6146  6442
 6148  6484
 6157  6459
 6158  6511
 6159  6453
 6162  6454
 6166  6527
 6168  6463
 6171  6541
 6178  6551
 6180  6506
 6183  6564
 6184  6563
 6185  6502
 6187  6499
 6190  6501
 6192  6483
 6193  6501
 6195  6507
 6196  6584
 6200  6498
 6201  6500
 6202  6519
 6205  6512
 6208  6515
 6210  6510
 6211  6536
 6214  6516
 6217  6549
 6220  6533
 6222  6545
 6223  6603
 6225  6555
 6226  6540
 6227  6532
 6228  6552
 6232  6556
 6233  6557
 6234  6558
 6236  6571
 6237  6553
 6239  6574
 6240  6581
 6242  6580
 6243  6573
 6244  6579
 6246  6572
 6250  6561
 6251  6568
 6252  6565
 6253  6562
 6256  6575
 6261  6589
 6262  6597
 6263  6581
 6264  6593
 6265  6588
 6267  6601
 6268  6596
 6269  6600
 6270  6605
 6271  6598
 6272  6602
 6273  6613
 6274  6617
 6275  6614
 6277  6599
 6278  6616
 6279  6594
 6282  6612
 6284  6622
 6287  6624
 6289  6620
 6290  6639
 6292  6632
 6294  6621
 6295  6647
 6297  6647
 6299 19066
 6300  6636
 6301  6635
 6302  6642
 6304  6633
 6305  6700
 6308  6630
 6310  6649
 6311  6648
 6312  6663
 6313  6701
 6314  6668
 6317  6677
 6319  6696
 6321  6656
 6322 11362
 6324  6662
 6325  6670
 6326  6661
 6327  6658
 6331  6680
 6336  6674
 6338  6679
 6339  6683
 6340  6681
 6341  6704
 6342  6689
 6345  6692
 6346  6705
 6350  6712
 6352  6699
 6354  6702
 6356  6718
 6358  6742
 6359  6709
 6360  6737
 6361  6734
 6362  6733
 6363  6716
 6364  6719
 6366  6740
 6368  6725
 6371  6747
 6372  6738
 6373  6764
 6374  6743
 6376  6765
 6378  6757
 6380  6749
 6381  6756
 6383  6770
 6387  7079
 6389  6753
 6391  6754
 6392  6778
 6394  6778
 6396  6779
 6397  6775
 6399  4346
 6400  6835
 6404  6788
 6411  6801
 6412  6803
 6413  6797
 6414  6794
 6416  6808
 6418  6810
 6419  6796
 6421  6815
 6424  6817
 6426  6799
 6427  6814
 6428  6813
 6429  6820
 6431  6823
 6434  6824
 6443  1095
 6444  6833
 6446  6841
 6449  6868
 6452  6859
 6455  6838
 6461  6845
 6462  6860
 6466  6849
 6472  6941
 6473  7322
 6475  6888
 6476  6876
 6477  6858
 6478  6874
 6479  6893
 6481  6882
 6483  6908
 6485  6873
 6488  6895
 6490  6896
 6493  6900
 6496  6897
 6498  6903
 6501  6904
 6502  6905
 6507  6939
 6509  6914
 6511  6906
 6513  6921
 6514 24623
 6515  6919
 6520  6951
 6528  6933
 6530  6923
 6532  6944
 6536  6935
 6538  7025
 6541  6928
 6549  6950
 6551  6948
 6553  6985
 6555  6942
 6559  6964
 6561  6957
 6564  6966
 6567  6978
 6569  6988
 6570  6965
 6572  6962
 6573  6972
 6574  6968
 6577  6989
 6581  6995
 6584  6987
 6585  6990
 6587  7591
 6589  7007
 6593  6998
 6595  7002
 6596  7037
 6599  7020
 6601  7024
 6603  7022
 6604  7028
 6605  7012
 6606  7021
 6607  7026
 6610  7015
 6612  7034
 6617  8115
 6618  7041
 6620  7035
 6625  7048
 6626  7030
 6627  7311
 6630  7053
 6632  7049
 6633  7047
 6634  7043
 6635  7045
 6643  7150
 6646  7060
 6648  7062
 6649  7573
 6650  7218
 6651  7068
 6653  7073
 6657  7075
 6659  7080
 6660  7344
 6665  7081
 6669  7598
 6670  7065
 6671  7090
 6673  7072
 6677  7082
 6681  7076
 6684  7085
 6688  7091
 6690  7391
 6693  7084
 6694  7087
 6695  7098
 6698  7093
 6702  7118
 6703  7095
 6704  7101
 6706  7097
 6709  7109
 6715  7110
 6719  7140
 6721  7146
 6723  7113
 6724  7102
 6729  7145
 6732  7138
 6738  7126
 6742  7122
 6747  7141
 6753  7117
 6754  7153
 6756  7142
 6759  7136
 6765  7158
 6774 22344
 6775  7163
 6776  7162
 6782  7155
 6799  7175
 6800  7168
 6801  7167
 6805  7172
 6810  7179
 6828  7201
 6833  7227
 6839  7186
 6840  7231
 6845  7221
 6849  7238
 6852  7234
 6854  7214
 6857  7232
 6858  7250
 6866  7199
 6873  7424
 6874  7204
 6876  7234
 6878  7206
 6880  7209
 6886  7215
 6902  7265
 6903  7263
 6906  7243
 6907  7241
 6910  7292
 6913  7228
 6922  7260
 6925  7263
 6926  7251
 6928  7260
 6930  7261
 6939  7260
 6941  7267
 6945  7299
 6951  7288
 6952  7289
 6960  7295
 6961  7331
 6965  7307
 6971  7320
 6978  7332
 6979  7355
 6981  7333
 6982  7348
 6984  7336
 6986  7327
 6996  7641
 7002  7341
 7006  7359
 7007   196
 7012  7385
 7013  7411
 7023  7387
 7026  7946
 7034  7392
 7037  7380
 7038  7421
 7039  7423
 7043  7425
 7044  7410
 7048  7400
 7053  7427
 7060  7416
 7061  7887
 7066  7436
 7078  7566
 7081  7452
 7082  7459
 7083  7446
 7085  7444
 7089  7481
 7097  7468
 7108  7475
 7110  7485
 7111  7482
 7113  7487
 7115  7488
 7116  7491
 7118  7493
 7119  7489
 7121  7495
 7122  7501
 7123  7499
 7124  7503
 7125  7516
 7126  7520
 7128  7506
 7136  7513
 7138  7489
 7141  7493
 7143  7526
 7147  7524
 7154  7545
 7157  7532
 7161  9205
 7170  7604
 7171  7569
 7172  7614
 7175  7561
 7179  7624
 7183  7596
 7187  7585
 7189  7609
 7199  7620
 7207  7527
 7234  8659
 7239  7639
 7247  7635
 7250  7626
 7258  7656
 7260  7637
 7262  7638
 7266  7669
 7268  7649
 7272  7655
 7273  7682
 7278  7650
 7284  7678
 7285  4573
 7292  7665
 7295  7694
 7303  7699
 7306  7702
 7307  7725
 7309  7683
 7320  7890
 7321  7704
 7325  7714
 7328  7730
 7336  7719
 7339  7739
 7343  7715
 7345  7727
 7348  7751
 7354  7760
 7356  7742
 7377  7787
 7378 18007
 7379  7745
 7380  7794
 7387  7706
 7388  7707
 7394  7792
 7397  7721
 7397  8353
 7400   330
 7402  7718
 7407  7816
 7413  7733
 7423  7718
 7425  7748
 7429  7750
 7433 27748
 7435  7843
 7440  7740
 7441  7765
 7442  7830
 7444  7819
 7445  7772
 7446  7779
 7448  7576
 7450  7445
 7450  7820
 7451  8835
 7452  7776
 7464  7776
 7466  7730
 7468  7845
 7474  1714
 7479  7859
 7484  7922
 7495  7807
 7500  8105
 7501  7810
 7502  7868
 7506  7814
 7509  7811
 7511  7892
 7513  7835
 7515  7879
 7516  7817
 7527  7907
 7528  7881
 7529  7878
 7534  7837
 7536  7848
 7537  7898
 7538  7917
 7539  7852
 7541  7811
 7543  7837
 7545  8142
 7547  7903
 7548  7925
 7551  7837
 7553  7900
 7555  7905
 7558  7914
 7561  7911
 7562  7930
 7565  7909
 7568  7948
 7569  8628
 7570  7863
 7573  7957
 7576  7929
 7583  7950
 7591  8050
 7593  7941
 7596  8022
 7597  7932
 7599  8033
 7601  8027
 7603  8026
 7604  8178
 7605  8554
 7608  8618
 7609  8011
 7610  8045
 7612  7891
 7616  7996
 7619  8015
 7622  8023
 7623  8057
 7624  7942
 7626  8071
 7630  7942
 7633  7933
 7636  6580
 7637  7942
 7644  8055
 7645  7942
 7651  7928
 7653  7951
 7659  8307
 7664  8087
 7670  7931
 7671  8095
 7678  8063
 7679  8459
 7686  8102
 7690  8069
 7691  8104
 7693  7998
 7706  8244
 7707  8152
 7709  8244
 7710  8114
 7715  8116
 7717  8010
 7718  8090
 7720  8120
 7724  8123
 7729  8018
 7732  8132
 7733  8083
 7740  8145
 7741  8021
 7743  8144
 7745  8149
 7747  8599
 7753  8172
 7756  8046
 7761  8115
 7762  8061
 7763  8836
 7764  8059
 7770  8128
 7771  8160
 7773  8161
 7774  8053
 7782  8153
 7786  8169
 7791  8175
 7792  8151
 7797  8181
 7803  8183
 7806  8192
 7807  8093
 7808  8190
 7810  8215
 7812  8179
 7813  8193
 7814  8096
 7821  8101
 7822  8795
 7825  8207
 7832  8187
 7833  8216
 7835  8804
 7836  8748
 7838  8100
 7839  8219
 7844  8203
 7845  8202
 7848  8223
 7849  8206
 7850 18595
 7852  8242
 7853  8213
 7860  8234
 7861  8220
 7863  8199
 7867  8227
 7871  8412
 7880  8224
 7885  8236
 7887  8844
 7889 17939
 7890  8254
 7892  8254
 7894  8247
 7896  8288
 7897  8236
 7907  8239
 7908  8266
 7911  8302
 7916  8272
 7917  8270
 7918  8274
 7924  8283
 7925  8251
 7926  8277
 7927  8251
 7931  8209
 7932  8285
 7933  8214
 7940  8300
 7947  8278
 7948  8290
 7950  8289
 7952  8284
 7954  8293
 7957  8276
 7958  8299
 7962  8363
 7964  8337
 7966  8326
 7973  8948
 7976  8311
 7978  8315
 7981  8324
 7982  8351
 7990  8373
 7993  8376
 7994  8323
 7995  8385
 7996  8414
 7997  8335
 7998  8338
 7998  9198
 7999  8642
 8000  8391
 8001   210
 8002  8503
 8009  9053
 8016  8418
 8017  8375
 8019  9053
 8020  8421
 8021  8301
 8022  8434
 8024  8438
 8030  8413
 8031  8319
 8033  8439
 8041  8448
 8043  8318
 8045  8435
 8047  9094
 8056  8426
 8066  8488
 8075  8354
 8076  8470
 8078  8502
 8081  8473
 8082  8438
 8090  8475
 8092  8392
 8100  8489
 8102  8480
 8104  8378
 8105  8459
 8115  8484
 8118  8381
 8121  8467
 8122  8487
 8123  8397
 8127  8447
 8130  6766
 8131  8531
 8137  8454
 8140  8420
 8141 27303
 8142  8557
 8144  8519
 8147  8520
 8149  8482
 8150  8054
 8151  8529
 8152  9105
 8154  8899
 8159  8506
 8165  8513
 8166  8572
 8168  8546
 8170  8514
 8171  8505
 8172  8547
 8176  8559
 8177  8563
 8183  8462
 8190  8606
 8192  8527
 8196  8571
 8200  8526
 8203  8553
 8204  8585
 8206 15232
 8207  8560
 8208  8562
 8210  8595
 8212  8584
 8214  8598
 8217  8548
 8223  8567
 8224  9773
 8233  8597
 8234 24977
 8236  8596
 8239  8572
 8242  8658
 8243  8426
 8244  8832
 8247  8515
 8248  8613
 8250  8524
 8252  8634
 8253  8620
 8255  8512
 8258  8643
 8260  8523
 8262  8649
 8263  8522
 8269  8734
 8273  8633
 8275  8679
 8277  8650
 8281  8569
 8286  8708
 8287  8668
 8289  8669
 8293  8678
 8295  8698
 8296  8574
 8301  8687
 8302  8693
 8303  8528
 8304  8587
 8305  8690
 8314  8688
 8317  8717
 8320  8706
 8321  8705
 8322  8721
 8326  8997
 8327  8631
 8329  8616
 8331  8730
 8334  8617
 8336  8647
 8337  8632
 8340  8718
 8342  8713
 8347  9259
 8350  8790
 8355  8638
 8359  8740
 8362  8675
 8365  7758
 8367  8728
 8368  8741
 8369  8739
 8370  8680
 8371  8039
 8372  8742
 8379  8671
 8383  9350
 8384  8613
 8385  8735
 8386  8760
 8388  8737
 8389  8662
 8390  8750
 8393  8756
 8400  8763
 8402  8747
 8403  8755
 8404  8821
 8405  8773
 8411  8761
 8412  8827
 8419  8774
 8420 24068
 8421  8788
 8423  8758
 8424  8796
 8426  8786
 8427  8782
 8429   950
 8435  8789
 8436  8783
 8437  8736
 8438  8797
 8441  8723
 8443  8794
 8444  8805
 8455  8799
 8457   698
 8460  8868
 8461  8826
 8464  8833
 8467  8834
 8468  8911
 8471  8824
 8472  8813
 8473  8841
 8475  8807
 8476  8870
 8478  8877
 8481  8815
 8482  8837
 8483  8875
 8484  8838
 8486  8869
 8488  8849
 8491  8843
 8494  8829
 8494 25354
 8498  8888
 8499  8897
 8500  8858
 8505  8872
 8510  8912
 8512  8876
 8520  8881
 8521  8930
 8523  8979
 8525  8904
 8526  8942
 8527  8810
 8528  8906
 8529  8941
 8534  8951
 8535  8917
 8537  8928
 8538  8887
 8542  7561
 8544  8878
 8546  8893
 8549  8940
 8550  8914
 8561  8970
 8563  9258
 8564  8918
 8565  8957
 8567  8962
 8569  8922
 8571  7599
 8574  8964
 8575  8966
 8580  8939
 8585  8955
 8586  8978
 8591  8987
 8594  8986
 8596  8989
 8597  9007
 8598  8968
 8603  8992
 8604  9022
 8605  8972
 8606  8853
 8607  9000
 8608  9019
 8612  8969
 8613  9016
 8614  8975
 8616  9069
 8618  8984
 8619  9068
 8620  9006
 8621  9008
 8625  9013
 8627  9029
 8628  9011
 8631  9018
 8637  9002
 8639  9025
 8641  9031
 8642  8994
 8652  9014
 8662  9334
 8663  9049
 8665  9021
 8668  9050
 8669  9238
 8671  9027
 8674  8963
 8676  9042
 8683  9047
 8689  9041
 8691  9045
 8694  9082
 8695  9088
 8696  9087
 8701  9362
 8705  1277
 8708  9107
 8713  9073
 8714 10129
 8715  9024
 8720  9108
 8724  9131
 8725  9124
 8728  9135
 8729  9360
 8731  9121
 8732  9139
 8735  9143
 8736  9122
 8737  9109
 8738  9156
 8742  9138
 8747  9132
 8754  9158
 8755  9148
 8758  9163
 8760  9142
 8764  9167
 8766  9169
 8774  9177
 8775  9172
 8776  9173
 8780  9113
 8783  9180
 8787  9181
 8793  9178
 8803  9415
 8804  9187
 8805  9186
 8809  9196
 8811  9210
 8812  9153
 8813  9223
 8814  9202
 8824  9220
 8825  9805
 8827  9206
 8828  9198
 8829  9225
 8833  9230
 8834  9214
 8836  9237
 8837  9217
 8840  9224
 8841  9222
 8842  9240
 8843  9630
 8846  9227
 8850  9922
 8851  9456
 8853  9235
 8854  9243
 8861  9242
 8862  9244
 8866  9255
 8868  8502
 8870 24588
 8871  9245
 8873  9253
 8874  9263
 8875  9241
 8877  9254
 8878  9252
 8881  9270
 8883  9260
 8886  9266
 8887  9347
 8888  9182
 8889  9288
 8896  9278
 8898  9273
 8899  9295
 8901  9285
 8904  9268
 8905  9286
 8906  9336
 8911  9299
 8912  9291
 8913  9312
 8915  9234
 8918  9293
 8921  9336
 8922  9326
 8924  9308
 8927  9316
 8928  9302
 8931  9322
 8935  9296
 8937  9228
 8940  4346
 8941  9228
 8943  9318
 8944  9320
 8945  9317
 8949  9343
 8950  9330
 8952  9329
 8953  9346
 8955  9335
 8956  9348
 8959  9338
 8961  9361
 8962  9340
 8963  9341
 8966  9344
 8968  9349
 8981  9374
 8982  9367
 8984  9358
 8985  9354
 8988  9373
 8989  9355
 8993  9363
 8996  9281
 8997  9435
 8998  9388
 8999  9379
 9004  9395
 9013  9383
 9014  9402
 9015  9413
 9018  9397
 9019  9320
 9020  9394
 9025 25666
 9027  9823
 9031  9418
 9034  9410
 9036  9866
 9042  9417
 9053  9378
 9056  9405
 9058  9433
 9059  9428
 9061  9365
 9066  9442
 9069  9441
 9070  9459
 9071  9445
 9073  9460
 9076  9752
 9078  9409
 9079  9453
 9080  9451
 9082  9432
 9087  9443
 9090  9463
 9092  9476
 9096  9478
 9099  9299
 9099  9481
 9101  9479
 9105  9483
 9112  9488
 9115  9495
 9116  9477
 9117  9490
 9120  9498
 9121  9503
 9123  9503
 9125  9511
 9131  9513
 9135  9846
 9141  9524
 9150 10232
 9152  9846
 9155  9552
 9156  9551
 9164  9555
 9165  9561
 9166  9537
 9167  9538
 9173  9565
 9176  9574
 9181  9907
 9182  9520
 9183  9871
 9185  9571
 9188  9587
 9190  9521
 9193  9567
 9194  9549
 9195  9591
 9197  9544
 9198  9530
 9200  9558
 9202  9573
 9210  9563
 9211  9586
 9215  9977
 9216  9606
 9225  9601
 9227  9596
 9232  9619
 9233  9959
 9235  9598
 9236  9595
 9237  9638
 9238  9627
 9239  9626
 9241  9614
 9243  9628
 9244  9608
 9245  9610
 9247  9629
 9250  9604
 9251  9698
 9252  9648
 9254  9611
 9256  9693
 9257  9600
 9265  9689
 9266  9650
 9268  9680
 9272  9700
 9274  9664
 9275  9683
 9276  9658
 9277  9680
 9278  9647
 9279  9654
 9283  9687
 9284  9699
 9288  9703
 9289 10015
 9290  9688
 9291  9668
 9295  9669
 9298  9653
 9300  9686
 9301  9718
 9303  9686
 9305  9663
 9307  9659
 9308  9677
 9309  9704
 9310  9685
 9311  9716
 9313  9697
 9315  9743
 9317  9732
 9319  9690
 9320  9733
 9322  9739
 9325  9990
 9327  9755
 9328  9709
 9333 10056
 9335  9753
 9338  9712
 9340  9731
 9341  9725
 9345  9742
 9347  9740
 9349  9742
 9352  9768
 9357  9757
 9361  9772
 9362  9741
 9363  9787
 9365  9776
 9367  9776
 9369  9779
 9371  9790
 9372  9756
 9373  9786
 9384  9781
 9392  9778
 9393  9804
 9395  9889
 9397  9814
 9398  9811
 9402  9818
 9405  9818
 9407  9819
 9408  9820
 9410  9828
 9412  9825
 9413 10077
 9418  9854
 9419  9841
 9420  9862
 9422  9865
 9425  9847
 9427  9853
 9428  9880
 9430  9883
 9431  6296
 9435 10174
 9437  9877
 9439  9903
 9444  9901
 9445  9887
 9450  9899
 9451  9988
 9452  9914
 9454  9917
 9458  9930
 9462  9939
 9466  9920
 9474 10393
 9476  9932
 9477  9938
 9479  9925
 9482  9951
 9487  9948
 9488  9940
 9490  9964
 9494  9944
 9495  9945
 9499  8943
 9502  9966
 9504  9970
 9505  9973
 9509  9967
 9510  9962
 9513  9957
 9514 10070
 9516  9968
 9520  9766
 9523  9974
 9524 10007
 9525 10267
 9528 10011
 9529  9978
 9533 10018
 9536  9992
 9538  9997
 9539  9998
 9540 10003
 9542 10000
 9544 10005
 9545 10033
 9546 10008
 9548 10004
 9551 10012
 9553 10038
 9555 10035
 9565 10124
 9566 10045
 9569 10053
 9573 10113
 9575 10030
 9576 10067
 9577 10032
 9578 10291
 9584 10037
 9587 10048
 9588 10072
 9591 10076
 9592 10047
 9594 10058
 9596 10074
 9597 18075
 9598 10054
 9600 10095
 9601 10309
 9602 10087
 9603 10082
 9605 10101
 9606 10094
 9608 10059
 9609 10097
 9610 10068
 9611 10078
 9613 10066
 9614 10065
 9622 10075
 9626 10085
 9629 10084
 9630 10081
 9631 10117
 9633 10127
 9635 10089
 9636 10089
 9638 10090
 9639 10088
 9642 10099
 9646 10096
 9647 10136
 9650 10110
 9651 10146
 9653 10128
 9658 10153
 9661 10154
 9665 10160
 9666 10140
 9667 10141
 9669 10231
 9672 10144
 9677 10152
 9682 10158
 9684 10189
 9686 10193
 9687 10182
 9688 10165
 9690  3465
 9698 10168
 9699 10170
 9700 10169
 9701 10213
 9703 10176
 9706 10177
 9706 10190
 9707 10190
 9709 10220
 9710 10192
 9711 10185
 9713 10202
 9714 10186
 9719 10280
 9721 10237
 9722 10235
 9724 10206
 9726 10205
 9728 10222
 9729 10239
 9730 10212
 9732 10257
 9733 10221
 9735 10314
 9739 10263
 9740 10250
 9741 10229
 9744 10238
 9746 10262
 9752 10248
 9753 10268
 9754 10274
 9756 10285
 9757 10286
 9758 10279
 9761 10283
 9763 10279
 9764  7043
 9765 10294
 9767 16975
 9768 10265
 9770 10299
 9772 10269
 9773 10354
 9775 10305
 9776 10302
 9779 10272
 9782 10316
 9787 10289
 9792 10303
 9794 10306
 9795 10307
 9797 26342
 9799 10315
 9802 10400
 9808 10353
 9811 10325
 9812 10410
 9818 10359
 9819 10362
 9820 10334
 9822 10362
 9824 10335
 9825 10392
 9826 10343
 9827 10344
 9831 10377
 9834 10388
 9836 10381
 9838 10352
 9840 10360
 9841 10384
 9843 10372
 9845 10405
 9847 10365
 9848 10369
 9850 10375
 9856 10408
 9857 10382
 9859 10378
 9863 10404
 9867 10402
 9868 10401
 9870 10480
 9871 10398
 9873 10526
 9877 10406
 9879 10399
 9880 10418
 9881 10417
 9882 10441
 9883 10420
 9887 10411
 9892 10429
 9894 10449
 9895 10437
 9897 10419
 9899 10445
 9902 10421
 9904 10460
 9906 10448
 9909 10424
 9915 10428
 9917 10438
 9921 10432
 9922 10499
 9926 10465
 9927 10479
 9928 10470
 9930 10478
 9932 10443
 9934 10474
 9935 10462
 9937 10497
 9938 10451
 9941 10477
 9942 10498
 9945 10493
 9947 10509
 9948 10455
 9953 10472
 9954 10567
 9959 10505
 9961 10521
 9962 10507
 9967 13421
 9972 10485
 9973 10527
 9975 10564
 9977 10484
 9980 10494
 9983 10501
 9985 10531
 9988 10554
 9989 10514
 9990 10541
 9994 10565
 9995 10537
10006 10588
10007 10525
10008 10614
10012 10584
10013 10529
10019 10566
10020 10543
10022 10540
10024 10571
10029 10579
10032 10618
10033 10545
10034 10619
10035 10549
10037 10552
10040 10558
10044 10570
10045 10591
10049 10581
10050 10569
10051 10621
10053 10562
10058 10585
10059  6644
10062 10594
10063 10593
10066 10604
10067 10598
10068 10597
10069 10589
10072 10697
10079 10610
10081 10607
10083 10617
10085 10633
10087 10611
10088  4173
10088 10657
10089 10661
10090 10623
10094 10656
10097 10602
10098 10644
10102 10636
10103 10646
10104 10634
10111 10663
10119 10704
10124 10651
10127 10660
10137 10684
10141 10672
10142 10682
10143 10722
10145 10669
10148 10720
10149 10714
10152 10719
10154 10959
10155 10686
10156 10687
10165 10798
10167 10760
10171 10700
10173 10743
10177 10745
10181 10747
10182 10716
10184 10756
10185 10713
10186 10765
10187 10759
10190 10767
10195 10584
10202 10736
10203 10733
10205 10735
10206 10796
10215 10802
10216 10805
10217 10803
10218 10755
10219 10816
10222 10766
10224 10761
10226 10834
10236 10771
10237 10780
10238 10750
10241 10836
10242 10775
10243 10840
10244 10799
10246 10818
10251 10945
10253 10795
10256 10801
10260  8514
10261 10809
10262 10825
10263 10811
10264 10864
10265 10813
10266 10807
10267 10883
10268 10828
10272 10810
10273 10832
10275 10876
10277 10828
10282 10846
10284 10843
10287 10894
10289 10924
10291 10850
10293 10848
10296 10879
10306 10871
10312 10898
10313 11853
10317 10886
10324 10925
10326 10890
10329 10895
10332 10927
10333 10899
10335 10900
10336 10905
10342 10908
10343 10910
10345 10923
10347 10957
10349 10929
10350 10934
10353 10950
10359 10940
10363 11084
10366 10951
10367 22563
10368 10956
10370 10953
10373 10948
10376 10992
10378 10971
10383 10968
10385 11099
10397 10976
10398 10981
10400 10990
10402 10984
10418 11016
10419 11001
10422 10998
10433 11037
10439 11024
10440 11027
10442 11030
10443 11042
10446 11032
10447 11049
10452 11048
10454 11142
10456 11119
10459 11050
10460 11071
10461 11073
10462 11065
10465 11080
10466 11058
10468 11088
10470 11085
10474 11101
10475 11733
10476 11079
10478 11075
10480 11103
10482 11106
10491 11163
10492 11098
10495 11107
10500 11122
10501 11136
10502 11134
10504  7437
10505 11118
10513 11148
10514 11154
10515 11140
10518 11138
10521 11139
10523 11142
10524 11145
10527 11152
10528 11150
10535 11168
10537 11160
10543 11172
10546 11183
10548 11185
10550 11173
10553 11179
10555 11210
10556 11193
10558 11197
10564 11200
10566 11225
10567 11211
10570 11318
10572 11252
10576 11224
10578 11231
10579 11238
10581 11233
10583 11266
10584 11240
10585 11235
10588 11245
10592 11242
10593 11256
10594 11234
10595 11255
10597 11259
10600 11264
10602 11250
10603 11251
10604 11247
10605 11268
10607 11270
10608 11207
10610 11277
10617 11273
10628 11297
10633 11290
10635 11306
10636 11404
10641 11303
10643 11333
10644 11313
10645 11329
10649 11319
10652 11310
10656 11315
10657 11315
10658 11338
10662 11631
10666 11330
10667 11343
10668 11320
10669 11319
10670 11340
10671 11332
10674 11350
10675 11372
10676 11342
10677 11378
10678 11327
10679 11381
10680 11339
10682 11325
10685 11353
10687 11349
10688 11335
10689 11372
10692 11352
10694 11341
10696 11326
10699 11358
10703 11406
10705 11766
10706 11355
10707 11344
10709 11345
10710 11373
10711 11365
10712 11367
10713 11363
10714 11386
10717 11360
10719 11371
10720 11357
10721 11395
10722 11387
10726 11430
10728 11376
10731 11395
10735 11393
10738 11400
10739 11441
10740 11468
10741 11389
10744 11477
10747 11431
10747 11444
10751 11456
10752 11427
10754 11424
10755 11453
10756 11420
10757 11418
10758 11401
10758 11412
10760 11431
10761 11459
10762 11442
10764 11419
10766 11426
10767 11405
10768 11438
10769 11423
10770 11446
10770 11469
10771 11417
10776 11457
10778 11445
10783 11448
10784 11428
10785 11514
10786 11487
10787 11458
10788  9989
10789 11552
10790 11552
10791 11479
10792 11493
10793 11484
10795 11437
10798 11449
10799 11465
10801 11471
10808 11455
10811 11466
10813 11539
10814 11494
10817 11482
10818 11486
10820 11490
10822 11488
10823 11485
10824 11497
10826 11502
10828 11499
10829 11505
10831 11519
10833 11513
10837 11492
10845  7623
10849 11516
10850 11525
10851 11583
10854 11578
10858 11583
10859 11527
10860 11508
10861 11544
10862 11545
10863 11812
10866 11537
10867 11533
10868 11551
10870 11535
10873 11558
10876 11248
10879 11863
10882 11573
10883 11548
10884 11528
10885 11558
10888 11601
10889 11575
10890 11547
10891 11536
10897 11582
10900 11556
10901 11557
10902 11577
10904 11561
10905 11568
10907 11599
10908 11592
10910 11555
10914 11549
10915 11572
10917 11595
10920 11569
10921 11554
10922 11591
10923 11553
10926 11876
10927 11560
10929 11596
10930 11611
10934 11607
10936 24583
10940 11639
10941 11590
10942 11600
10943 11610
10944 11594
10946 11621
10948 11598
10953 11609
10954 11623
10955 11602
10958 11622
10959 11624
10961 11619
10962 11629
10964 11759
10965 11618
10966 11635
10970 11657
10971 11625
10974 11642
10975 11634
10984 11632
10986 11648
10991 11644
10993 11668
10994 11649
10996 11650
11002 11644
11004  3846
11005 11672
11011 11670
11012 11675
11015 11673
11016 11683
11018 11667
11028 11697
11029 11676
11030 11704
11031 11680
11033 11728
11034 11682
11037 11695
11039 11901
11042 11701
11047 11723
11052 11707
11053 11710
11054 11711
11061 11717
11065 11730
11081 11926
11082 11740
11090 11745
11091 11809
11092 11746
11095 11747
11100 11754
11103 11932
11106 11919
11110 11764
11112  6328
11115 11772
11117 11772
11118 11769
11127 11774
11129 11782
11130 11784
11131 11783
11134 11776
11135 11802
11144 11805
11147 11789
11158 11804
11159 11803
11162 11815
11167 11808
11173 11811
11177 11816
11181 11822
11182 11831
11187 11828
11188 11975
11189 11825
11193 11953
11195 11826
11196 11829
11210 11841
11214 11842
11217 11982
11221 11852
11222 11856
11225 11851
11227 11976
11228 11857
11229 11895
11230 11862
11234 11861
11236 11867
11237 11868
11238 11865
11240 11872
11241 11871
11243 11916
11248 11875
11250 11880
11252 11879
11253 11884
11255 11878
11259 11883
11260 11870
11261 11882
11264 11896
11267 15664
11274 12042
11283 11933
11289 11908
11296 12020
11298 12026
11299 11911
11303 11951
11306 11920
11310 11918
11313 11922
11318 11948
11321 11934
11323 11931
11327 11951
11328 11944
11329 11936
11337 11964
11338 11943
11339 11945
11345 11956
11346 11946
11354 11969
11357 11962
11359 11967
11360 11970
11364 11973
11371 11979
11372 11984
11373 11977
11375 11980
11376 11983
11382 11986
11383 11981
11384 11991
11387 11993
11390 11990
11394 11988
11395 11992
11396 11998
11400 11997
11405 12074
11406 11999
11412 12005
11414 12007
11416 12006
11418 12009
11419 12004
11422 12008
11425 12011
11426 12001
11427   669
11431 12015
11434 12017
11436 12043
11437 12033
11438 12024
11440 12036
11443 12326
11444 12037
11448 12047
11449 12060
11450 12048
11454 12046
11455 12080
11456 12049
11457 12039
11458 12040
11461 12050
11462 12059
11463 12063
11466 12052
11467 12056
11472 12064
11475 12061
11476 12087
11477 12068
11478 12067
11479 12069
11480 12070
11483 12076
11490 12078
11491 12088
11492 12086
11493 12090
11494 12089
11496 12094
11497 12093
11499 12103
11502 12095
11503 12101
11513 12114
11515 12113
11516 12115
11517 12116
11519 12118
11521 12121
11524 12126
11526 12130
11530 12151
11535 12129
11541 12139
11546 12152
11554 12155
11556 12145
11558 12146
11559 12142
11561 12148
11562 12156
11563 12176
11564 12150
11566 12154
11569 12158
11572 12157
11575 12159
11577 12161
11578 12165
11581 12163
11584 12166
11587 12172
11589 12174
11590 12179
11592 12180
11598 12219
11599 12184
11602 12191
11605 12257
11608 12194
11609 12201
11612 12228
11618 12199
11620 12195
11623 12221
11632 12240
11633 12208
11635 12206
11637 12211
11641 12227
11646 12246
11648 12214
11649 12216
11653 12222
11660 12235
11662 12239
11681 11639
11689 12256
11694 12258
11695 12297
11697 12261
11698 12267
11699 12274
11706 12275
11724 12284
11742 12293
11756 12312
11805 12331
11806 12336
11810 12340
11831 12375
11840 12376
11845 12380
11852 12383
11864 12389
11869 17105
11882 12396
11904 24569
11905 12412
11907 12323
11912 12450
11913 12438
11914 15240
11938 12830
11945 13499
11971 12400
11981 12479
11984 12612
11989 12509
11991 12489
12002 12501
12003  4398
12005  5736
12030 12532
12041 12575
12042 12524
12053 12551
12081 12565
12083 12897
12092 12559
12111 12583
12120 12598
12122 12650
12123 12614
12127 12608
12147 12610
12159 12561
12177 12663
12182 12652
12197 12919
12221 12688
12231 12756
12267  7795
12275  5958
12281 12754
12284 12737
12295 12788
12302 24211
12311 12785
12323 12791
12329 12815
12333 12811
12335  7587
12336  7587
12344 21017
12353 12806
12354 12847
12360 12861
12369 12867
12387 12845
12414 12865
12423 12971
12427 12874
12430 12922
12469 12948
12512 19480
12523 13071
12539 13424
12580 13062
12657 13131
12709 13263
12718 12890
12724  4659
12806 13394
12810 13409
12833  4771
12839 23086
12888 12341
12958 13951
12967 13463
13016 13489
13046 10499
13059   975
13095 13581
13108 13589
13152 13649
13200 13689
13207 12521
13210 13731
13223 13736
13237 13750
13250 13721
13278 13760
13299 13774
13306 13804
13334 13819
13372 13828
13414 13887
13465 13921
13475 13941
13482  2959
13537 13984
13538 12729
13591 25723
13612  5738
13691  9145
13715 12852
13760 14232
13778 12919
13787 14257
14041  8401
14116  9978
14146 21681
14291 13421
14312 15531
14459 16578
14462 13451
14479 13467
14520 13510
14530 13512
14688 17580
14737 13236
14743 13714
14747 13719
14761 13549
14762 14844
14770   369
14811 13755
14851 14941
14903 13846
14927 14274
14965 27114
14971 27751
14978 17488
15041 17288
15072 13995
15115 11904
15149 15236
15153 11792
15163 15575
15180 17549
15205 17079
15211 17359
15214 17549
15242 17359
15339 17498
15349 23704
15374 15283
15423 16524
15431  2031
15464 14833
15477 16624
15483  6490
15496 17759
15519 14403
15540 17120
15551 14912
15568 18959
15581  8310
15586  5163
15614 24124
15615  1718
15643 14513
15647 14516
15661 26447
15701 18043
15763 14633
15806 15894
15833 15844
15837 15152
15883 14766
15908 15935
15939 14828
15955 17345
15958 14847
15971 14857
15995 20500
16009 16105
16024 14914
16029 14914
16051  4635
16093 17325
16095 10645
16098 15413
16117 15423
16119 15429
16122 16204
16149 16215
16209  5457
16233 15399
16233 15523
16235 15518
16251 16319
16260 16309
16273 15541
16278 16319
16280 15460
16297 15583
16312 15586
16320 15598
16326 15620
16327 15615
16332 15626
16350 16327
16382 26827
16401 15523
16417 15265
16444 16439
16487 15793
16499 15796
16514 15824
16539 15849
16543 15883
16565 15432
16573 15874
16575 15470
16578 15434
16611  1357
16621 15486
16635 15490
16671  7401
16677 15524
16709 15564
16761 15575
16772 15602
16793 15629
16815 15680
16858 15718
16861 16189
16864 15702
16871 15715
16878 16181
16914 15773
17000 15859
17010 16207
17017 15880
17019 15889
17035 15899
17036 16320
17037 15878
17044 15917
17054 15918
17068 15933
17076 15930
17101 15963
17104 16397
17151 15995
17204 16399
17214 16062
17262 16091
17281 16148
17310 16166
17321 16160
17330 17483
17331 16197
17388 16228
17405 16261
17442 16291
17545 16366
17572 16430
17588 16450
17591 16425
17604 16437
17605 16958
17622 16509
17637 16489
17651 16524
17664 16524
17667 17016
17671 16548
17696 16533
17704 16562
17722 17856
17723 17965
17738 16618
17767 16624
17789 16692
17798 16641
17813 16658
17833 16673
17835 16684
17866 17182
17867 16715
17871 14463
17872 16763
17892 14463
17899 16786
17905   758
17905 14511
17922 16789
17948 14516
17970 17360
17989 16885
18003 16896
18020 17368
18028 16879
18083   299
18102 16979
18103 11807
18134 17011
18140 16609
18166 19611
18168 24015
18180 22455
18185 17022
18214 19659
18235 17096
18268 14766
18276 17121
18282 17122
18285 18486
18290 17164
18326 17170
18333 17169
18339 17194
18343 17183
18350 17224
18361 17256
18362 11725
18369 17096
18383 17252
18395 17231
18403 17256
18404 17247
18421 18283
18425 18594
18432 17303
18444 17320
18449 17316
18457 17320
18461 17743
18466  7896
18471 17321
18478 18620
18483 17325
18525 17433
18533 16388
18592 18680
18616 17516
18648 17534
18658 26207
18669 18795
18694 17602
18701 20475
18717 18778
18762 17625
18810 17694
18822 17694
18842 17695
18849 18751
18850 17693
18861  9501
18879  9362
18880 17723
18901 17742
18910 17753
18937 17784
18942 17794
18991 17842
18995 19111
18998 19989
19016 21183
19058 17871
19066 17881
19150 19234
19172 19076
19175   769
19187 18505
19237 18113
19253 18122
19262 18149
19265 18159
19267 18161
19268 19230
19274 18116
19285 18147
19290 18142
19296 18187
19308 18186
19320 18190
19347 18245
19351 18297
19373 18287
19381 18287
19393 18268
19394 18305
19395 18322
19396 18287
19399 18288
19407 18287
19415 18299
19417 18366
19419 16551
19427 18363
19434 18358
19448 18353
19449 18369
19450 18386
19455 18370
19468 18364
19492 19539
19496 18411
19519 18438
19521 18438
19538 18517
19629 19688
19648 19704
19657 18612
19675 18634
19722 19761
19723 19781
19729 19780
19768 11540
19777 19776
19796 19821
19798 11198
19803 19801
19829 15108
19833 18784
19921 22067
19939  3380
19940 19939
19945 23286
19953 19954
19991 18954
20078 25633
20088 23266
20098  9471
20117 20088
20135 18792
20191 20140
20206 20078
20225  3541
20233  4122
20294 22333
20431 21649
20454 19829
20517 20337
20599 14891
20700 20599
20878 20762
20883 20810
20930 22757
20963 22791
20973 21685
21045 21048
21274 21754
21320 23410
21501 18480
21534   474
21553 21370
21569 22776
21628 26714
21650  7856
21684 23811
21695 26661
21725 12734
21836 16652
21860 23658
21939 23931
22078 23697
22163 23818
22165 27095
22224 11043
22229 27208
22287 23948
22307 23165
22339  7159
22419 27519
22448 20542
22478 22770
22516 15723
22518 21905
22541 15965
22565 20181
22630 18716
22756   648
22781 27292
22859 22217
22929 23280
22953 13342
22959 22942
22960 25134
22973 22300
22988  4501
23007 24649
23090 21907
23127 22416
23143 21967
23144 21970
23180 23228
23202 22486
23215  8050
23235  8181
23237 24871
23252 22089
23269 22109
23288 22137
23317 25022
23395 22692
23450 22769
23485 22787
23503 22329
23564 22877
23575 22918
23590 20914
23618 25582
23619 22968
23723 23044
23765 23076
23777 25709
23779 23099
23821 23140
23831 22626
23864 24252
23865 23215
24006 23357
24012 22837
24016 23348
24050 23428
24064 23443
24072 23444
24085 23477
24091 23254
24114 23010
24140 23519
24143 22992
24151 22993
24169 23016
24197 23549
24210 23590
24235 23639
24241 23639
24263  6565
24268 23104
24302 23692
24306 23139
24307 23163
24336 23740
24337 23748
24355 23780
24362 23216
24376 23226
24412 23797
24466 17759
24501 23906
24518 23909
24533 23926
24620 25155
24628 23472
24677 24085
24754 23613
24756  1785
24761     7
24783 23622
24789 23673
24791 24186
24799  8615
24805 24195
24950 23817
25017 23818
25079  2310
25083 23892
25108 26355
25115 14645
25146 23948
25167 21816
25203 24013
25215 24030
25234 24040
25256  7342
25259 24066
25323 25159
25335 24146
25359 27101
25402 25906
25429 25252
25470 25259
25499  4426
25581 25370
25608  3284
25747 25840
25791 25606
25870  3302
25930 24761
25960 10939
26128 21907
26169  1346
26174 26464
26205 25042
26270 12092
26281 19889
26373 22918
26577 27063
26630 26557
26679  1860
26740 25915
26823  1474
26883 12202
26934 17115
26960 25851
27027 27129
27043 25937
27079 25978
27081 24475
27226 26105
27324 26187
27439  7206
27480 16414
27544  2016
27581 26434
27627  7161
27712 22666
27735  6764
27770 24868
27860 26709
27861 26713
27877 26556
27891  9990
27978 26831
28117 13945
28134 12126
28139 20154
28277 27740
28305 21333
28307 27642
28353 14453
28359 27743
28368 27721
28386 27740
28396 21092
