    1 20532
    3 20532
    8    16
    9    16
   11 11186
   26  2274
   27  8229
   47 12985
  105  2252
  112  2554
  117  2384
  122  2298
  130 19213
  150  7155
  209 20236
  254  6248
  266  8380
  282 20437
  322 10839
  336  2648
  409  2659
  414  2526
  432  2532
  458 18023
  538  2882
  559 16399
  589 20438
  645 14814
  663 13888
  699  2304
  729  2966
  797  2335
  806 19482
  814 10820
  858   195
  864 11203
  898  8046
  901 10953
  919  3389
  938 11146
  946  3182
  972  2469
  979  2514
  981  2252
  999  2502
 1024  2498
 1030  2490
 1041 10239
 1087  2849
 1128  5250
 1129 14371
 1164  2642
 1190  2810
 1206  2824
 1231  2823
 1233  2531
 1241  2702
 1285  2539
 1339 18336
 1346 13436
 1348 11142
 1418  2562
 1440  2014
 1463  2860
 1505  7317
 1566 11402
 1574 11430
 1580  2856
 1582 11550
 1589  3417
 1593 11405
 1617  2622
 1618  2658
 1637 11440
 1680 11550
 1715 11433
 1715 11468
 1736 11612
 1778  2734
 1779  2992
 1797 11550
 1807  2699
 1821 11556
 1835   786
 1898  2964
 1901 19510
 1910 12233
 1963 13025
 1992  2742
 2040  3102
 2054  2875
 2132  2916
 2157  3087
 2208  7198
 2350  5532
 2381  3335
 2395  3250
 2429  3047
 2438  3192
 2447  2995
 2458  3262
 2470 15079
 2524  3046
 2526  7561
 2527  3289
 2540  3353
 2544  3063
 2566  2472
 2571 19180
 2595  3112
 2598  3350
 2623  3333
 2667  6833
 2676  3139
 2694  3106
 2699  9686
 2770  3403
 2813  3162
 2826  3230
 2850  3187
 2880  3406
 2894  3420
 2913  3198
 2916  3220
 2922  3251
 2938  3236
 2951  5989
 2976  4502
 3128  3515
 3149  3314
 3169  3330
 3196  3491
 3208  3325
 3210  4288
 3312 17735
 3314  3371
 3321  1288
 3322  8875
 3341  3569
 3363  3834
 3389  8657
 3435  3568
 3438 17880
 3486  4597
 3583  3629
 3590  3648
 3688  3882
 3691  3697
 3802  3744
 3804  3711
 3838  3642
 3861 20306
 3869  3745
 3873  3502
 3877  3740
 3879 11405
 3880 18618
 3886 18255
 3926 14391
 3988  3748
 4027  3702
 4029  1837
 4032  3592
 4171  2253
 4187  2992
 4191  2955
 4256  3678
 4292  4423
 4302  3703
 4335  4400
 4353  1897
 4487  4232
 4527  4497
 4600 10459
 4608  4112
 4609  2403
 4629  4539
 4634  4539
 4637  4545
 4652  4564
 4728  3023
 4732  4597
 4765  4688
 4772  9966
 4775  4427
 4798  4446
 4852  4656
 4934 10341
 4976  2246
 5054  4603
 5071  5192
 5078  4609
 5126  4635
 5132  4634
 5146  4782
 5149  4657
 5152  5322
 5155 11489
 5163  4821
 5195  4913
 5197  4797
 5226  4669
 5236  4668
 5250  4675
 5255  4674
 5260  4705
 5276  4867
 5307  4711
 5308 10035
 5313  4710
 5314 12433
 5319  4927
 5324  4709
 5334  4706
 5348  4724
 5365  4731
 5415  4739
 5421  4749
 5428  9369
 5438  4757
 5440 19127
 5450  4756
 5452 14041
 5476 17699
 5477  4776
 5479  4767
 5487  4779
 5511  4804
 5519  4824
 5525  4829
 5526 17729
 5527  5320
 5542 15133
 5546  5035
 5554  5375
 5555  1941
 5587  1317
 5603  4901
 5616  4925
 5621  4937
 5625  5384
 5626  4928
 5636  4948
 5651  4954
 5654  4980
 5662  4951
 5683  4995
 5759  3353
 5769  7882
 5777  5411
 5786  5415
 5798  8946
 5810 17077
 5852  5445
 5891  7666
 5912  5457
 5925  2687
 5926  2686
 5996  5603
 6007  5613
 6033  6858
 6065  5732
 6082  5567
 6097   550
 6121  1708
 6135  9389
 6150 10662
 6161 10258
 6195  5596
 6220 10942
 6236 10749
 6268 14681
 6307  5564
 6315  5556
 6342  5568
 6352  5645
 6354   213
 6364  5584
 6365  5593
 6397  5605
 6400  5626
 6413  5792
 6447  2171
 6449  5686
 6452  5836
 6455  5637
 6459  5808
 6461  5639
 6466  5644
 6477  6346
 6483  5688
 6485  5670
 6488  5871
 6496  5712
 6511  5687
 6525  5838
 6530  5708
 6531  5714
 6532  5877
 6541  5706
 6543  5709
 6555  5725
 6561  5764
 6574  5757
 6584  5772
 6585  5761
 6595  5809
 6596  5801
 6598  5807
 6610  5818
 6626  5802
 6645  5821
 6665  5976
 6667  5843
 6669  7214
 6670  5881
 6671  5976
 6673  5873
 6681  5848
 6694  5862
 6698  5882
 6699  6005
 6706  6010
 6718 12004
 6724  5885
 6732  6023
 6742  6038
 6756  5914
 6782 13288
 6785  2764
 6789  6086
 6801  5953
 6809  6102
 6817  5957
 6822  8660
 6828  6124
 6836 10313
 6845  9369
 6857  6163
 6895  6039
 6917  6464
 6968  3354
 7006  3967
 7012  6601
 7013  6225
 7041  8810
 7046  8378
 7048  6598
 7091  6714
 7106  6623
 7108  6616
 7113  6753
 7114  6144
 7116  6332
 7167  6858
 7175  6662
 7178  6669
 7185  6840
 7226  7751
 7231  7398
 7234  7157
 7239 14864
 7270  7084
 7279  1483
 7283  7864
 7286  6590
 7324  6977
 7359  6523
 7369  8915
 7383  7482
 7404  7972
 7448  8361
 7462 10673
 7467  7398
 7471  8902
 7506  7454
 7513  7498
 7526  7473
 7531 10006
 7534  7483
 7535 10795
 7548   109
 7551  7483
 7553  7010
 7584    52
 7590  7025
 7597  7137
 7598  7530
 7621 18007
 7624  8171
 7642  7480
 7657 19232
 7660 13536
 7694  7622
 7707  6693
 7713  8380
 7733  7864
 7736  7670
 7753  6723
 7755  7187
 7766  7093
 7809  7948
 7810  6830
 7833  7042
 7852  6861
 7853  7290
 7856  7182
 7862  7555
 7863  7299
 7895   131
 7898  7576
 7914 16451
 7926  7145
 7951  7371
 7953  7797
 7959  6903
 7973  2805
 7974 17401
 7976  7827
 7991  7261
 7997  7462
 7998  7464
 7998  8482
 8013  7755
 8018  4742
 8022  7261
 8032  6874
 8042  7920
 8055  7766
 8055  8023
 8075  8119
 8084  7909
 8131  7122
 8137  7783
 8142  7080
 8143  7871
 8156  6724
 8171  7782
 8175  7960
 8187  8004
 8212  7424
 8217  7805
 8218  9502
 8234  8226
 8281  8302
 8302  7541
 8303  7800
 8304  8324
 8311  7815
 8325  8396
 8330  7685
 8336  8371
 8337  8375
 8340  8646
 8348  7824
 8355  8387
 8356  8363
 8359  7639
 8365  8378
 8367  8209
 8390  7664
 8391  7659
 8393  7679
 8400  7683
 8402  8261
 8424  7404
 8426  7729
 8427  7694
 8440  8082
 8443  8312
 8459  8429
 8460  7801
 8472  8281
 8475  8351
 8476  7548
 8486  7560
 8509  7025
 8523  6217
 8526  7154
 8529  7499
 8538  7594
 8542  6662
 8560  8378
 8561  7613
 8598  8321
 8605  8321
 8616  6289
 8674  8758
 8689  9041
 8737  7864
 8741  7615
 8759  8377
 8760  8376
 8779  8624
 8780  8738
 8787  8181
 8813  7977
 8814  8231
 8824 11536
 8828  8482
 8829  7934
 8851  5373
 8859  8031
 8873  8609
 8875  8525
 8882  9131
 8906  8002
 8909  8557
 8924  8372
 8939  8759
 8940  3389
 8946  2494
 8966  8775
 8969  3116
 8970  8159
 8970  8169
 8982  8838
 9009  7333
 9014 15414
 9015  8431
 9035  5963
 9040  5963
 9066  8737
 9069  9030
 9082  8778
 9111  8757
 9118 18609
 9131  9066
 9167  8658
 9182  9100
 9232  9214
 9237  9094
 9252  5626
 9252  9084
 9301  6734
 9309  9269
 9320  6753
 9345  7005
 9348  7005
 9349  7005
 9353  6954
 9379  9323
 9446  8899
 9474  2517
 9492  7413
 9494 10601
 9508  7455
 9529  5720
 9539  9138
 9542  9090
 9543  5443
 9548  9099
 9557  9125
 9558  7544
 9561  7539
 9562  9396
 9570   213
 9573  7491
 9575  9149
 9577  9215
 9580  9254
 9586  7572
 9592  9238
 9593  9239
 9598  9302
 9604  9255
 9613  9342
 9614  9458
 9616  8159
 9619  9525
 9622  9414
 9625  7602
 9627  9325
 9635  9357
 9643  9367
 9650  9398
 9654  9417
 9659  9415
 9677  9449
 9680  9507
 9694  9476
 9698  9479
 9699  9481
 9700  9481
 9711  9499
 9713  9508
 9724  9513
 9725  9530
 9726  9514
 9730  9521
 9731  9575
 9741  9539
 9746  9711
 9748  9602
 9753  9729
 9758  9722
 9763  9722
 9768  9599
 9778  9587
 9779  9604
 9780  9587
 9787  9617
 9788 14398
 9790  9628
 9792  9670
 9804  9647
 9820  9672
 9826  9674
 9828  9691
 9839  9751
 9840  9699
 9842  2000
 9847  9720
 9848  9776
 9856  9872
 9858  1295
 9871  9752
 9874  9772
 9881  8565
 9882  9766
 9915  9802
 9920  9801
 9932  8160
 9938  9865
 9946  9840
 9959 10062
 9968  5700
 9971  5728
 9975  5560
 9980  9874
 9983  9878
 9985 10063
 9986 10035
 9988 12929
10001  9888
10006  9824
10008  8266
10009  9818
10011  9763
10012 13787
10034  9828
10039  9924
10045  9822
10060 18364
10068  9976
10070   925
10088  9922
10089  9963
10119  8466
10124 10448
10137 10374
10143  8499
10147 10042
10149  9946
10164 10430
10165  7542
10193  8671
10198  8182
10199 10512
10203 10526
10219 10299
10229  6287
10246 10541
10250 10575
10262 10608
10265 10593
10268 10586
10272 10592
10277 10586
10278 10590
10281  7884
10293 10613
10296 10646
10297  1942
10302  7549
10303  6271
10306 10625
10310 10630
10312 10614
10344 10666
10350 10677
10366 10713
10370 10695
10378 10729
10383 10712
10385  7032
10389 10700
10393 10714
10398 10714
10408  2038
10438  7575
10454 11045
10455  9548
10456  9555
10460 10813
10471 10903
10474 10775
10491  9634
10494 10989
10520 11034
10523 11045
10526  8196
10636  9897
10710  7264
10745  2401
10813 10530
10820 10917
10823 10882
10833 11377
10849 10904
10865 10919
10874 11463
10890 10938
10919 10958
10930 11537
10950 11306
10955 10975
10964  7567
10974 11626
10991 11067
10994 11042
10995 11060
10996 11041
11002 11067
11015 11222
11032 11420
11037 11138
11040 11170
11052 11216
11053 11209
11054 11214
11057  2124
11075 11289
11082 11310
11087   800
11091  8639
11134 11793
11135 11648
11149  2300
11162 11844
11176 11598
11189 11631
11203 11893
11206 11642
11214 11691
11253 11748
11288  1801
11301  9612
11321 11951
11323 11997
11328 12043
11331 11901
11339 11937
11346 12227
11354 11969
11357 11973
11376 12044
11383 12034
11394 12305
11396 12275
11405 10469
11419 12328
11431 12331
11440 12346
11456 12173
11472 12182
11479 12495
11481 12252
11486 12521
11490 12542
11492 12223
11493 12260
11510 11328
11510 12263
11526 12660
11533 12683
11541 12420
11547 12462
11551  2408
11554 12566
11558 12414
11584 12802
11587 12518
11589 12536
11609 12850
11617 12841
11623 12644
11633 12880
11637 12627
11651 12919
11652 12801
11662 12925
11681  2192
11697 12852
11756 13042
11776 11316
11805 13063
11845 12809
11882 12873
11905 12820
11907 12826
11912 12935
11938  6895
11959   279
11966  6987
11973 20416
11991 12956
12002 12982
12003  8027
12039 10961
12042 13318
12080 13036
12081 13379
12124 13108
12182 13482
12221 13538
12222  9458
12281 13570
12299 13189
12304 13597
12319  1984
12323 13226
12338  3147
12339 10976
12340 10976
12342 13647
12357 13256
12387 13681
12469 13361
12470  4445
12473  9364
12480 13354
12512 10704
12523 13519
12657 13562
12672 10154
12833  2402
12868 13721
12962 18029
13104  1240
13278 14046
13305 19528
13465 14255
13579 14397
13651 14592
13808 19624
13863 19043
13949 20479
13975 14438
14022  8673
14029 12363
14043  3389
14141 10817
14146    71
14232 16805
14317 11289
14318  2913
14507  2418
14680 13413
14688  3770
14726 16420
14777  6248
14993 17086
15022  2588
15510 14814
15643  4022
15650  2422
15706 19745
15806  3958
15890 20213
16209 20346
16326  7048
16543 15192
16614 11688
16630 18816
16853  1892
16936 20253
17016 16260
17021 15114
17137  5055
17352 19227
17512 10806
17562 17194
17579  4338
17899  2901
18191   660
18285 20502
18331 20114
18357   467
18457  7811
18466 14438
18639 17939
18701 17003
18808 15845
18824 18459
18861  6631
18909 19604
18928 11763
19016  8929
19081 17963
19092 18726
19346   882
19521 16170
19676 13698
19714  7063
19891 12739
19949 16710
19978 12191
19982  4907
20109 17113
20225 18291
20242 15957
20299 18449
20351 14248
20412  9809
20441  6490
20496 14194
20727 17394
20744 16474
21128 15469
21141 16427
21156  3658
21179 16206
21347 11438
21363 16357
21654 16420
21947  5700
21995 19486
22245  5389
22260  9539
22273 13211
22295 18995
22350 13773
22446  8016
22453  4263
22507 19438
22571  2964
22655 18225
22719 11143
22790 19800
23137 20172
23147 12286
23188  3657
23211 15407
23247  2968
23258 14158
23307  7058
23322  8875
23387 13799
23450  2161
23570 19482
23697  3526
23755 16991
23790 15909
23997  7067
24130 14973
24140  2872
24143  2672
24151  2673
24169  2673
24170  2672
24233 17563
24246 19619
24286 10527
24328 15363
24454  9691
24559 10105
24664 14928
24667 17711
24786  5800
24877 15945
24888 19285
24918  4496
24997 10054
25085  9863
25146  7901
25245  6731
25252  5770
25483 10020
25599  2897
25628  6472
25721 18324
25737 16376
25829 18742
25862 19672
25897 13824
25999 17729
26046 19750
26085 13456
26345 15583
26348  9577
26571 16013
26663 14391
26691 19619
26790 17237
26801 18090
26823 20125
26919 17473
27118 18029
27124 14427
27169  1809
27387  4427
27470 10537
27717  5342
27756  7496
27824   182
27927 14391
27971   805
28028  1565
28127  8465
28131   419
28243 20532
28256 20443
28277 20532
28294 20528
28307 20462
28308 20461
28328  1201
28329    16
28334 19486
28370 20525
28376 20521
28382 19486
28383    36
