   11    16
   22  3473
   38 18167
  100 16853
  154  1211
  183 18116
  202  6393
  265  8600
  266  2676
  281  8422
  329  9119
  406 17312
  414  5574
  432  5574
  477  4676
  505    13
  562   737
  581  1656
  756 12321
  760  5982
  783 10375
  788  4706
  857 13646
  858  2168
  932  3370
  947  7529
  972  4217
 1061 16401
 1116  8217
 1128  7501
 1257 18273
 1331 11717
 1345  1792
 1361  6785
 1428  4061
 1516  1005
 1524  7753
 1580  5720
 1614 13746
 1769 18503
 1779  5770
 1992  5569
 2027  1656
 2040  9652
 2101 17559
 2364 12680
 2385  5767
 2406 16857
 2412   653
 2417 16857
 2558   251
 2583  8574
 2699 11361
 2835 16360
 2933  4679
 2958 11906
 3074  6064
 3075  3210
 3196  6065
 3203  5935
 3248  2040
 3376 13131
 3465 14347
 3484  2378
 3504 17469
 3585  6334
 3763  2365
 3780  4803
 3815   279
 3822   239
 3974  2334
 3984   239
 3998  3258
 4000  8199
 4032  6075
 4041  2334
 4129  4548
 4161  6275
 4187 11038
 4217  2204
 4362  6145
 4416  6164
 4497 10401
 4531  6160
 4571  1198
 4593 14601
 4772  2638
 4954 17899
 5019 13263
 5061  9702
 5146  7245
 5195  7341
 5223   392
 5414 10483
 5438  7238
 5452  7288
 5456  2946
 5493  8836
 5506 18209
 5519  7292
 5536  5140
 5569  7490
 5592  7339
 5621  7361
 5625  7856
 5689  1984
 5727 18149
 5886 10473
 5995  3851
 6117  9901
 6171   551
 6192 17900
 6236  3001
 6240  5243
 6254  8036
 6255 17515
 6263  5243
 6290  3524
 6321  7044
 6357   358
 6364  8088
 6385  8217
 6400  8005
 6427  8285
 6449  8047
 6452  8277
 6455  8162
 6477  8860
 6483  8036
 6509  1248
 6511  8248
 6552 12131
 6553 18287
 6554 18001
 6555  8280
 6561  8309
 6584  8314
 6595  8346
 6596  8102
 6598  8338
 6598  8344
 6669  1485
 6670  9830
 6673  8399
 6681  8373
 6702  8178
 6706  8485
 6724  8413
 6726  3885
 6729  8318
 6742  8498
 6751  8430
 6756  8447
 6763  8467
 6785  3819
 6895  8518
 6901  3837
 6917  8810
 6952  8513
 6961  8578
 6966 17403
 6988  1182
 6996  7410
 7012  9079
 7108  9030
 7109  6578
 7130  9374
 7175  9097
 7207 10014
 7267  2442
 7298  9318
 7346 18474
 7355  9949
 7395  9126
 7404   954
 7406  3790
 7440 10535
 7459  9528
 7471 10716
 7497  5813
 7519 10090
 7526 10082
 7549  9171
 7553  9408
 7626  8756
 7635 10155
 7660  9976
 7693 10492
 7713 10195
 7757 16403
 7788   954
 7790  8340
 7791 16304
 7800  1017
 7810  8979
 7820 11589
 7839  6144
 7853  9612
 7865  3119
 7883  9692
 7960 10035
 7998  9718
 8027  3167
 8040  9142
 8047   122
 8055 10111
 8080  3451
 8131  9206
 8133 10561
 8137 10062
 8142  9163
 8163  1634
 8165  9946
 8171  9950
 8212  9585
 8233 14632
 8244 12948
 8268  9622
 8270 10680
 8281 10632
 8301  9681
 8302  9646
 8311  9949
 8320  9673
 8324   245
 8330  9786
 8336 10764
 8351 10497
 8363 10476
 8363 10710
 8370 10958
 8373 17908
 8387  9689
 8391  9694
 8393  9707
 8424  9400
 8429  9733
 8459 10396
 8472 10325
 8496  9525
 8534  9434
 8576 10767
 8583 18048
 8588 18130
 8592  9906
 8598 10318
 8605 10318
 8692  1478
 8736  4620
 8760 10362
 8790 16558
 8803  8758
 8828 10446
 8833 12186
 8859  9847
 8873 17797
 8875 10522
 8889 11609
 8910 10226
 8925  2907
 8970  9918
 8985  3040
 9006 10733
 9015  3158
 9060 10652
 9160 10134
 9201 14326
 9270  5547
 9282  9171
 9325 18369
 9336   582
 9344   582
 9421 10797
 9464  7113
 9492  8951
 9508  9000
 9514  9216
 9557 10927
 9582 10952
 9592 10975
 9594 11045
 9598 11031
 9604 10988
 9608 11152
 9613 11023
 9616 11098
 9622 11069
 9624 11050
 9638 11196
 9641 11086
 9643 11033
 9652 11053
 9654 11072
 9659 11071
 9662 11085
 9666 11091
 9678 10540
 9680 11134
 9698 11130
 9699 11132
 9711 11145
 9728 11212
 9728 14965
 9730 11162
 9733 11208
 9737 11172
 9741 11195
 9742 11238
 9750 11351
 9753 11326
 9758 11319
 9760 11230
 9763 11319
 9768 11236
 9772 11272
 9778 11248
 9779 11259
 9780 11248
 9792 11338
 9795  5346
 9799 11310
 9820 11344
 9826 11342
 9840 11363
 9843 11379
 9847 11384
 9864 11517
 9874 11407
 9882 11133
 9899 10680
 9915 11463
 9920 11462
 9938 11505
 9948 11481
 9959  8212
 9969 16277
 9971  8199
 9977 11507
 9983 11509
 9996 12115
10001 11536
10006 11233
10011 11125
10012  7985
10012  8085
10037 11575
10052 12136
10058 11609
10088 11374
10093 11693
10119  9685
10120 11290
10129 11291
10148  6612
10172 11483
10199 12282
10203 12290
10205 12291
10218 12294
10222 12314
10234 12260
10244 12322
10250 12333
10262 12342
10278 12352
10281  3367
10282 12363
10283 12363
10285 10033
10293 12377
10296 12367
10297   370
10298 15936
10316 12430
10317 12408
10365  3841
10366 12570
10377  5481
10378 12590
10410  8584
10438  8365
10462  7825
10491 10463
10518   268
10636 10765
10776 18063
10795   249
10809 18153
10849 12543
10857 12565
10877   551
10880 12568
10890 12582
10893 18635
10906 13424
10927  7441
10929 13009
10943 13424
10944  7223
10948 12616
10952 12625
10955 12631
10970 18503
10974 13568
10992  5043
10993 18503
10994 12674
11018 13235
11032 13248
11037 12759
11040 12787
11043 12781
11052 12820
11053 12816
11054 12822
11073 12890
11075 12894
11076 12913
11082 12935
11092 13018
11110 13149
11134 13726
11141  5884
11150 18564
11151 13685
11162 13788
11177 13297
11200 18208
11234 13401
11240 13523
11241 13526
11248 13956
11252 13561
11253 13491
11259 13768
11323 13879
11339 13760
11346 14334
11355 13824
11357 13814
11376 13894
11382 13878
11387 14359
11393 10042
11394 14451
11405 10854
11406 13941
11419 14464
11426 14490
11431 14440
11436 14045
11445 14018
11456 14082
11463 14629
11468 14113
11472 14085
11476 14157
11490 14728
11491 14646
11493 14241
11503 14227
11510 14240
11521 14868
11526 14843
11535  1102
11541 14409
11547 14403
11554 14584
11558 14427
11559 14326
11572 14495
11578 15000
11579 14875
11584 15038
11587 14522
11592 15009
11607 14483
11608 14554
11615 15100
11616  5365
11623 14616
11633 15129
11637 14666
11645 13104
11651 15197
11662 15184
11689 14697
11691 10163
11697 15042
11742 15360
11753 14856
11772 10285
11805 15473
11845 14932
11852 15491
11858  5741
11864 15461
11885 14999
11912 15046
11938  6934
11943 17571
11992 10101
12025 12916
12124 15303
12135 15246
12139   163
12182 15978
12221 16056
12232 15309
12245 15280
12289 16054
12304 16130
12311 15479
12323 15438
12328  6015
12347 16037
12352 12304
12359 15500
12371  6718
12387 16265
12427 15564
12447 14597
12543  9225
12563 15816
12709 16105
12792  3116
12801 17059
12910  1375
12999  3600
13117   906
13124 18733
13156 16514
13194 16555
13258  3367
13465 16705
13553  2672
13628 13698
13715  1347
13733  5805
13970 17734
14030 15983
14303 13432
14596 13195
14731 14018
14777  4443
14903  2980
14917  6760
15059 11051
15118  5082
15163  2716
15189  7260
15244  6113
15356  6578
15437 12095
15449  8349
15515  9385
15623 12657
15657 14126
15658  4487
15678  1340
15867 13820
15868  2760
16091  8214
16329 18001
16807  4808
17136 13882
17202 16313
17372 15501
17387 10442
17493  4181
17543 17050
17578 16152
17638  6319
17661 13498
17686 18647
17815 17871
17930 11737
18070  3304
18145 12519
18357 18694
18459 10671
18762  9681
18762 10270
18955  9428
18972 11514
18978 18301
19134 11112
19559  7350
19789 12158
19833  4556
19888 12831
19955 18709
20088   329
20196  9637
20339 17265
20758  4712
20883  7599
21274  1351
21483 11385
21566 17664
21594 16649
21625 17557
21654 18153
21793    57
21804 18476
21992 14739
22107  7111
22169  5305
22260 11195
22273  8646
22326 14505
22378 15120
22406     3
22453  9642
22499  5984
22581   402
22622  3605
23019  1930
23037 15244
23218  1500
23477 14653
23495  7178
23765 15205
23799  8333
23929  1351
23984  9469
24018 17971
24151  5675
24169  5675
24170  5675
24197  3891
24286  8177
24306  5350
24383 14330
24730 18503
24780 12227
24791   603
24854  6481
24854 11322
24994 13777
25038 17829
25061 11051
25320  1123
25470   254
25499 11443
25511 12635
25656  7019
25726 14480
25754 11051
25797  3738
25805  3738
25983 16817
26185  1802
26206 10106
26369  3352
26480  3457
26503  6112
26736 14195
26794 18603
26800 18603
26888  7617
26914  1930
26969 15388
27027 11051
27098  9343
27117  8858
27251 11966
27318  2124
27341 17203
27351  1938
27376 18301
27602 11111
27700 18423
27816 15195
27854 11359
27864 16065
27904 10058
27946 16651
27975 11322
28040 17817
28064 14511
28131 10241
28139  2124
28184 15893
28267 18703
28280  9399
28290    28
28298  4235
28325 18708
28329 16207
28331    28
28344    68
28382    46
28383 17125
28386    27
28393 11011
