    2  7774
    3 22671
    6     0
    8  7840
   30   791
   50   170
   51   172
   52 21336
   56   177
   67   171
  108   273
  113   296
  116   277
  155   325
  180   636
  185  3810
  191 17900
  216   681
  221 13220
  228 18976
  229   443
  234 25674
  239   342
  279  6812
  300   506
  307   509
  312   532
  323   550
  324   544
  337   873
  338   854
  340   873
  349   815
  366  3789
  369   907
  370   923
  374   599
  376   942
  408   451
  427   347
  459  1108
  465  1095
  468   390
  481  1136
  482  3388
  518 16798
  528  1250
  545   990
  568  1069
  572  1080
  584  1106
  625   719
  629  1399
  693  1249
  710   982
  711   976
  749  1381
  758  1366
  771  1614
  772  1408
  816  1694
  826  1716
  840  1529
  856  1558
  860  1772
  864  1765
  877  1602
  884  1800
  886  1814
  940  4595
  953  1884
  961  1690
  979  1726
  982  1907
 1007  9952
 1011  1949
 1028  1973
 1029  1764
 1030  6202
 1073  6267
 1076  2043
 1078  2061
 1116 24208
 1137  2134
 1146  2145
 1152  1916
 1170  1925
 1183  2202
 1184  2204
 1197  2229
 1212  2020
 1215  2054
 1220  2028
 1230  2067
 1236  2309
 1237  2078
 1238  1872
 1241  2075
 1245   836
 1256  2338
 1257  2304
 1266  2092
 1278  2121
 1281  2126
 1289  2136
 1302  2163
 1311  2177
 1326  2497
 1350  2510
 1401  2329
 1404  2318
 1409  2619
 1410  2332
 1411  2611
 1468  2716
 1484  2716
 1505  2737
 1508  2495
 1534  2535
 1547 12763
 1574 22640
 1610  2689
 1625  2690
 1653  2720
 1661  2742
 1738  2844
 1739  9721
 1756  2856
 1774  2890
 1787  3202
 1799  2927
 1850  3023
 1857  3036
 1863  3396
 1875  3080
 1898  3123
 1905  8234
 1918  3510
 1947  3472
 1948   483
 2005 11213
 2093  5128
 2102  7548
 2125 17261
 2136  3442
 2185 26006
 2187 25464
 2282  2318
 2420 20285
 2429  1189
 2448  3733
 2481  7579
 2604 18673
 2650  3463
 2673  3520
 2686  3529
 2691 18340
 2693  9396
 2711  3589
 2717  3603
 2744  3934
 2757  3956
 2761  3417
 2768  3973
 2776  3753
 2778  3744
 2797  3812
 2803  3823
 2807  3831
 2810  3845
 2814  3841
 2823  3855
 2824  3861
 2829  3832
 2832  4054
 2857  3915
 2870  3943
 2885  4120
 2921  4182
 2922  4194
 2934  4213
 2940  4018
 2951  4027
 2953  4225
 2958  4252
 2961  4253
 2971  5093
 3007  4364
 3009  4347
 3022  4131
 3026  4379
 3046 17908
 3051  7920
 3056  4174
 3067  4449
 3079  4217
 3085  4221
 3105  4521
 3111  4526
 3127  4550
 3129  4282
 3139  4337
 3147  4328
 3157  4587
 3188  4630
 3195  4633
 3196  4633
 3203  4646
 3204 23175
 3206  4346
 3208  4647
 3227  4463
 3228  4447
 3229  7082
 3236  4666
 3239  4674
 3246  4464
 3284  4214
 3294  8023
 3299  4730
 3302  6610
 3306  4740
 3337  4289
 3348  4759
 3364  4783
 3373  4789
 3377  4794
 3383  4289
 3389  4779
 3627 14625
 3630  8015
 3642  4676
 3650   320
 3672  9755
 3704  4791
 3724  7487
 3755  4905
 3761  6374
 3775  4972
 3798 20682
 3803  4956
 3820  4989
 3822   768
 3840  5044
 3864  5053
 3878 21541
 3894  5061
 3916  5106
 3920  5923
 3937  5189
 3981  9524
 3987  5184
 3989  5188
 4004 20456
 4016  5220
 4017  5515
 4021  5494
 4027  5530
 4030  5536
 4046  5575
 4063  5601
 4076  5350
 4081  5377
 4086  5519
 4088  5388
 4091  5592
 4093  5632
 4098  5611
 4101  5634
 4103  5350
 4107  3097
 4111  5640
 4120  3101
 4125  6138
 4128  5484
 4129  5666
 4130  5666
 4136  5484
 4143  5495
 4146  5506
 4147  5656
 4153  5686
 4156  5681
 4169  5661
 4176  5701
 4192  5713
 4206 21842
 4218  5587
 4220  5723
 4222  5605
 4226  5708
 4227  5574
 4232  5567
 4234  5745
 4237  5746
 4240  5600
 4254  5751
 4255  5753
 4258  5781
 4260  5652
 4266  5765
 4268  5764
 4275  5660
 4285  5630
 4298  5787
 4306  5804
 4328  5798
 4331  5797
 4332  5677
 4336  5825
 4339  5842
 4352  5845
 4386  5771
 4389  5862
 4392  5769
 4408  5740
 4415  5778
 4423  5744
 4424  5762
 4445  5890
 4454  5768
 4458  5911
 4482  5809
 4485  5815
 4497    98
 4522  5835
 4542  6044
 4554  5979
 4604  5875
 4621  5878
 4677 20615
 4678    54
 4683  6093
 4738  6058
 4796  6225
 4802  6090
 4885  5923
 4934  7623
 4938  5943
 4953  5966
 4993  6214
 5030  6040
 5073 22950
 5079  6397
 5112  6091
 5131  6201
 5135  6199
 5139  6068
 5171  6402
 5189  6273
 5210  6580
 5220  6107
 5224 18671
 5244  6117
 5296  6411
 5339  6456
 5370  2318
 5373  6800
 5399  6891
 5417  6335
 5486  6514
 5490 26537
 5497  6438
 5512 19389
 5528  6867
 5552  8280
 5579  7137
 5604  6757
 5610  7002
 5615  7138
 5617 12040
 5631 11903
 5634  4216
 5670 18897
 5683  6514
 5698  6940
 5705  6559
 5730  7485
 5741   459
 5742  6694
 5745  7108
 5749  6612
 5750  7237
 5788  6571
 5792  6566
 5798  6701
 5805  6670
 5808  6684
 5854  7257
 5855  6666
 5873  7097
 5874  7422
 5887  6729
 5900 14818
 5905  7333
 5935  7282
 5950  7569
 5978  7373
 6012  7506
 6012  7509
 6017 26457
 6043  7510
 6047  7537
 6061  7367
 6066  7298
 6078  7534
 6095  7596
 6099  7455
 6103  7419
 6105  7241
 6115  7255
 6120  7448
 6126  7111
 6127  7357
 6142  7228
 6168  7379
 6181  7370
 6182  7589
 6212  7430
 6214  7214
 6230  7490
 6236  6907
 6246  6907
 6261  6907
 6279  7947
 6317 23860
 6322  7298
 6332  7722
 6346  7850
 6387  7750
 6407  7409
 6418 10786
 6427  7819
 6431  6268
 6433  7890
 6445  7921
 6451 22149
 6456  7949
 6485  7851
 6489  7441
 6498 15989
 6529  7465
 6533  3568
 6534  7471
 6535  7900
 6539  7914
 6570  7512
 6603  7671
 6611  7982
 6622  7872
 6626 23371
 6632  7624
 6634  8026
 6666  8160
 6667  7832
 6669  7711
 6702  7957
 6733  9399
 6761  8024
 6774  8134
 6777  7754
 6778  7514
 6784  7807
 6800  5611
 6835  6614
 6850  8164
 6864  7862
 6877  6205
 6898  7922
 6909  7888
 6934 27227
 7039  2676
 7057  6701
 7074  8536
 7134  8802
 7139  8809
 7142  8646
 7144  8767
 7151  8803
 7158  8774
 7159  8768
 7160  8772
 7162  8817
 7164  6021
 7178  8327
 7182  8789
 7211  6017
 7214  8825
 7230  8847
 7232  8287
 7236  8849
 7245  8860
 7260  8355
 7261  8820
 7275  8511
 7295  6697
 7306  8363
 7309  8870
 7356  8898
 7365  8897
 7376  7570
 7425  8914
 7431  8924
 7442  8912
 7450  8472
 7459  8936
 7485  8967
 7486  8973
 7488  8976
 7492  8813
 7499  8921
 7500  8838
 7514  8679
 7518  8983
 7542  9001
 7543  9006
 7554  8930
 7567  8865
 7571  9029
 7585  9024
 7603  8758
 7607  9060
 7624  8994
 7639  8792
 7646  9075
 7648  9719
 7651  9026
 7665  9079
 7672  9098
 7692  9114
 7711  9127
 7720  9087
 7729  8871
 7733  9766
 7739  9149
 7748  9161
 7751  9190
 7763  8903
 7764  9175
 7773  6057
 7794  9205
 7801  8962
 7824  9261
 7826  9253
 7830  9256
 7831  8925
 7840  9267
 7845  8947
 7850  5756
 7852  8961
 7859  9243
 7873  9289
 7877  4673
 7897  9323
 7898  9316
 7899  9319
 7900  9272
 7904  9113
 7911  9071
 7915  9344
 7923  9039
 7930  9298
 7956  9377
 7975  9181
 7983  9178
 7989  9170
 7999  9392
 8008  9195
 8037  9417
 8113  9286
 8116  9133
 8141  4406
 8146  9291
 8182  9346
 8201  5506
 8267  9384
 8375  6288
 8395  9390
 8396  9373
 8412  9487
 8426  9406
 8447  9493
 8449  9361
 8497  9523
 8498  6963
 8507  9501
 8510  9432
 8522  9478
 8530  9496
 8534 25703
 8549  9515
 8563  9511
 8596  9576
 8603  9574
 8614  9566
 8617  9514
 8622  9557
 8628  9559
 8632  9592
 8645  9591
 8661  9604
 8679  9600
 8687  9631
 8701  9572
 8716  9645
 8726  9569
 8735  9643
 8738  9655
 8746  9573
 8747 26472
 8752  9680
 8754  7587
 8760  9665
 8764  9691
 8766  9656
 8767  9663
 8777  9669
 8791  9649
 8892  9673
 8904  9692
 8908  9692
 8934 10239
 8935 10240
 8941  9710
 8946  9788
 8952 10246
 8956  9713
 8963 10257
 8981  9746
 8981 26699
 8990 10297
 8991 10275
 8992 19458
 8998 10277
 8999 10260
 9002 10282
 9003 10284
 9005 10191
 9048 10319
 9049 10312
 9067  9826
 9072  9855
 9078  9822
 9093   916
 9100 20766
 9103 10351
 9105 18858
 9110  2086
 9129 10364
 9139 10356
 9140 10370
 9144 10372
 9147 10365
 9199 27135
 9218 10391
 9222 10397
 9236 10228
 9240  1260
 9241 10215
 9256 14201
 9265  1171
 9266  6306
 9285 10408
 9290 10144
 9292 10213
 9300 10279
 9351 10270
 9360 10263
 9393 10323
 9395  1771
 9405 10456
 9407 10452
 9426 10322
 9453 10441
 9539 10155
 9584  1464
 9587  1579
 9588  9941
 9613  1469
 9628  1534
 9639 10141
 9641  1606
 9646  6306
 9656  4203
 9657  1579
 9660  1502
 9667 10035
 9696 10413
 9699  1536
 9708 10035
 9712 10141
 9719 10419
 9721  9266
 9730 10567
 9769 10446
 9802  9804
 9838  5473
 9846 10564
 9850 10479
 9867 10659
 9879  9929
 9880 10647
 9896 10630
 9908 10671
 9919 10512
 9920 10670
 9936 10674
 9944 16879
 9952  7391
 9958 10690
 9959 10696
 9986 10467
10034 10764
10072 10573
10082 10582
10097 10796
10101 10399
10131 10645
10132 10614
10200 10812
10212 10663
10251 10681
10258 10694
10276 10972
10298 10915
10300 10699
10313 10677
10327 10704
10334 10910
10347 11094
10370 10962
10374 10660
10377 10950
10389 10763
10390 11136
10398 10988
10399 10767
10403 11011
10404 10708
10407 10714
10413 10768
10418 11018
10424 10771
10429 10755
10446 11019
10448 11162
10450 10793
10472 11247
10478 10804
10485  5353
10486 10779
10503 11289
10523 23055
10553 10865
10563 10964
10585 11313
10586 10825
10632 10890
10647 10906
10648 10923
10659 11352
10660 10185
10668 11196
10670 10897
10675 10924
10677 10895
10732 11015
10733 11071
10735 11082
10783   811
10835 11101
10851 11194
10854 11138
10859 11915
10920 11794
10922 11296
10941 11256
10957  3151
10970 11260
10984  5341
10986 11342
11005 11417
11011 11315
11032 11796
11034 11498
11038 11498
11043 11295
11066  3754
11068 11821
11110 13407
11120  6768
11126 11594
11151 25383
11169 11620
11177     3
11198  7830
11217 11669
11224 11678
11250 11641
11252 11745
11263 11658
11397 20529
11494 13234
11585 12949
11665 18529
11686 13809
11736 13150
11809 25747
11834 27222
11923 27222
11950 22447
12155 17179
12436   971
12516  9117
12640  5695
12694 26238
12768 19363
13087  8907
13182 11293
13388 23009
13601 14556
13633 18250
13708 19211
13807     8
13873 18155
13903 17385
14408 27160
14449 19238
14571 25814
14919  4867
14990 17692
15119 20916
15155  7863
15334 13945
15439 16323
15565 10175
15709 13305
15772   151
15836 18529
16044   792
16192  9989
16196 18949
16260 16635
16648 17020
16785 27355
16860 27421
16889  7241
17115 17536
17189 20258
17201 10847
17232 21821
17268  3324
17413 15812
17518 20162
17588 22873
17648 20302
17763  4676
17769 18529
17848 18529
17899 20846
17978 14329
17988   156
18024 15443
18069  5505
18126 25619
18222 12399
18396 19363
18415 13132
18420   416
18457  6665
18518 19026
18684 14216
18731  7110
18733 11015
18833 13749
18945 12304
18990 13144
19061 24016
19128 23072
19320  5622
19437 18983
19573 12646
19594 23026
19730 10502
19737 20372
19906   122
19935  7461
19963  9117
19971 18420
19976 18968
19993 20578
20112  9391
20179 16618
20193 10868
20238 26238
20484 13853
20623  7696
20825   969
20889 24719
20992 25156
21055 12030
21183 18562
21190  8057
21264 12003
21453   971
21468  8936
21513 19693
21538  8983
21558 18857
21704 25504
21841 18652
21857 19261
21959 13506
21968 19179
22031  4867
22088 21585
22089  2653
22096 26196
22224 16048
22454 23957
22478 21034
22546 11825
22652 20878
22660 10189
22741 22873
23073 17127
23153 14544
23454 23047
23469 16417
23470 19919
23476  1152
23602 15283
23612 12030
23628  7579
23692 10858
23790 19249
23796 23017
23820  3559
23823 12218
23864  9488
23865 18385
23895 21215
23928 15779
23995 23328
24072 14784
24123 19852
24389 19389
24408 14075
24409  3294
24422 14729
24435  4466
24470 26609
24489 20818
24580 10085
24629 21580
24684  1184
24937 19511
25006  5124
25108 13682
25123 21161
25152 26489
25157 11595
25232 12938
25323 18272
25339  6728
25356 22595
25428 14563
25433 22155
25446  5275
25599 13161
25600 20266
25661 20227
25679 23785
25690 14729
25712 18367
25738  5075
25822 21034
25830 15686
25898 20116
25906 23785
25933  6328
25942  7024
26082 10206
26107 17127
26124 20116
26226 27372
26241 27434
26292     5
