   10  2009
   12 27800
   14 27860
   15  4086
   28  5339
   30  7460
   51  1538
   86 21049
  116  1640
  155  1686
  158 26194
  164  2665
  188  4503
  195  4503
  196  7788
  199  7788
  228  5742
  229  1762
  235  9807
  288  2304
  305 24200
  307  1786
  312  1820
  322  1819
  323  1820
  332  1866
  337  2445
  340  2445
  349  1997
  370  2476
  371  2448
  374  1890
  390  2516
  396  2522
  404  1969
  406  2480
  419  1633
  452  1542
  454  1926
  459  2617
  461  2614
  465  2587
  474  2605
  481  2633
  484 26889
  487 21524
  490  5336
  528  2743
  555  2770
  572  2428
  598  2793
  650 21276
  658  2866
  663  2536
  718  4180
  737  2673
  741  2657
  742  7854
  758  2674
  766  2695
  771  3001
  774  3034
  787  2716
  797  3059
  816  3093
  856  2832
  860  3150
  864  3126
  877  2892
  886  3168
  888  3184
  925  1819
  951  2949
  953  3246
  979  2946
  982  3268
  985  5814
 1010  3306
 1028  3373
 1029   280
 1042   830
 1051 12327
 1076  3442
 1078  3447
 1088  3400
 1114  3108
 1125  3495
 1132  2882
 1137  3513
 1137  3515
 1138  3127
 1146  3480
 1146  3496
 1152  3139
 1170  3159
 1172 18604
 1184  3556
 1197  3589
 1215  3230
 1224  3204
 1226  3571
 1230  3263
 1232  1983
 1236  3635
 1237  3276
 1239  3638
 1241  3270
 1243  7140
 1256  3656
 1266  3284
 1281  3344
 1302  3358
 1311  3387
 1346  3778
 1350  3782
 1360  3790
 1401  3505
 1404  3486
 1409  3848
 1410  3483
 1415  3859
 1446  3918
 1460  3570
 1481  8429
 1484  3956
 1496 23091
 1508  3610
 1531  3648
 1538  3677
 1545  3677
 1568  3996
 1657  4198
 1695  7833
 1715  3865
 1736  3882
 1739  4292
 1760  1957
 1760  4261
 1766  2746
 1780 27118
 1787  4225
 1791  3941
 1793  3945
 1799  3948
 1817  3954
 1826  3748
 1850  4031
 1857  4036
 1859  4043
 1863  4407
 1865  1724
 1887  4484
 1898  4061
 1912 27633
 1918  4444
 1947  4367
 1948  1777
 1954 27044
 1987  2241
 2036 13070
 2180  5552
 2272  2063
 2448  4005
 2450 22093
 2474 14987
 2481  6056
 2677 16266
 2758 20270
 2840 20765
 2989  4320
 3014   668
 3051  6772
 3065  3795
 3067  4690
 3084  4421
 3090  4426
 3105  4728
 3125  4740
 3147  4497
 3181  4525
 3185  4770
 3188  4771
 3203  4781
 3204  1206
 3206   928
 3208  4791
 3209  4786
 3215  3604
 3220  4794
 3221 27382
 3227  4588
 3238  4797
 3239  4809
 3254  4802
 3265  4591
 3306  4836
 3325  4305
 3348  4847
 3364  4861
 3374  2334
 3380  4868
 3381  4873
 3385  4870
 3454  9532
 3599  2004
 3628  2004
 3642  5158
 3647  2117
 3653  5065
 3690  3795
 3754 18990
 3831  8691
 3832  4922
 3839  4922
 3867 16454
 3900 27875
 3901  4996
 3953  4446
 3977  2138
 4016  5090
 4017  5372
 4027  5377
 4028  8036
 4046  5404
 4082   668
 4091  5425
 4098  5457
 4100  5369
 4125  5698
 4143  5293
 4156  5490
 4169  5468
 4210 23101
 4217  5541
 4223  5340
 4226  5547
 4227  5360
 4237  5553
 4240  5378
 4254  5550
 4255  5549
 4258  5585
 4264  5568
 4275  5444
 4285  5399
 4306  5617
 4321 25184
 4323 21996
 4328  5601
 4332  5432
 4336  5625
 4339  5644
 4361  5662
 4381  5667
 4423  5495
 4434  5538
 4445  5711
 4453 18900
 4454  5531
 4476  5736
 4485  5573
 4510  4577
 4531  8057
 4550  5634
 4554  5752
 4607 26059
 4617 14972
 4637  3097
 4728 25136
 4822  7226
 4844 22046
 4963 18138
 5216  2315
 5237 11421
 5257  6513
 5272  6436
 5352 27796
 5486  6409
 5512 13293
 5515 26222
 5589  5962
 5593  2032
 5719 14004
 5720  6316
 5724  6321
 5747 21848
 5753  6545
 5760  5855
 5836  6761
 5873  6451
 5902 13730
 5935  6650
 5944  2382
 5962 18668
 6012 26399
 6039  6545
 6047  6821
 6078  6798
 6103  6719
 6139 20417
 6142  6491
 6167  5423
 6181  6705
 6236  6307
 6246  6307
 6261  6307
 6301 10275
 6306 18668
 6345  6059
 6370   966
 6410 26543
 6415  1875
 6492  7000
 6566  6543
 6575  6533
 6576  6537
 6596  8439
 6603  6746
 6631  7766
 6662 14077
 6666  7069
 6698  5758
 6784  6838
 6800  5457
 6858 19145
 6859 23701
 6875 25325
 6893  6946
 6971 10716
 6973 14662
 7056  1549
 7074  7475
 7077  8920
 7139  7566
 7142  7524
 7159  5135
 7171 13324
 7173  7229
 7176 12742
 7178  7216
 7182  7548
 7214  7579
 7236  7596
 7239 20459
 7245  7602
 7261 11414
 7274  7321
 7306  7235
 7328  7615
 7387  7953
 7449  6571
 7459  7657
 7488  7681
 7494 17509
 7501 16426
 7521 22541
 7540  7686
 7543  7696
 7571  7708
 7577  2057
 7585  7705
 7620  7526
 7638 27524
 7659 23901
 7665  7739
 7690  7547
 7725  8691
 7831  7612
 7873  7904
 7894 26126
 7904  7715
 7911  7746
 7916  7838
 7960    90
 7975  7874
 7983  7715
 7993  2112
 8034 13434
 8103  8289
 8113  7928
 8146  7926
 8148 22541
 8231  7985
 8323  7914
 8330  7914
 8429  6868
 8430  6868
 8478  5085
 8508  7148
 8525 27383
 8555 23045
 8590  8074
 8617  8027
 8623  1225
 8628  8056
 8637 17769
 8679  8122
 8684  8647
 8693 10449
 8699   632
 8703  8047
 8746  8062
 8752  8193
 8755 24320
 8757  8118
 8767  8180
 8769 21948
 8789  2168
 8791  8154
 8808  8177
 8825  2115
 8892  8202
 8904  8233
 8908  8233
 8934  8668
 8936  3204
 8970  2119
 8980  4999
 8984  8242
 8998  8683
 9048  8712
 9056  1185
 9071  8283
 9078  8285
 9140  8751
 9161  7447
 9186  8719
 9188 26689
 9239  8779
 9329 16458
 9426  8656
 9490  1361
 9562 23860
 9582  8330
 9646 27875
 9696  8766
 9712  5299
 9739  8483
 9769  8761
 9846  8860
 9850  8788
 9915  6003
 9923  8261
 9959  9003
10072  8839
10203 27324
10212  8884
10276  9316
10284  4554
10308 12979
10324  8906
10326  5172
10365  5172
10395  8982
10398  9327
10404  8946
10418  9384
10442  8995
10448  9457
10468 26286
10486  9007
10536 20243
10553  9085
10622  3974
10632  9097
10677  9110
10736   356
10750  9198
10851  9426
10854  9286
10929  3520
10984 24277
11052 22451
11169  9633
11224  9781
11259 26355
11413 23143
11474 20283
11499  5019
11592 26052
11656 18493
11665  8767
11756  9010
11767  5127
11886 27778
12436  2334
12475 18815
12617 27676
12639 17565
12738 10426
12783  3872
12853  3313
13048 11431
13087   521
13161 20008
13303 11816
13549 12400
13588  9054
13802 23468
13834 22547
14001 19220
14013 19220
14408 19710
14776  2977
14822 26928
14859  4098
14863 12521
14999  9479
15140 18179
15322  8863
15642  3899
15836  8767
15983  4960
16091 26612
16113  7774
16189  8745
16208   135
16233  9871
16400 24644
16510 17514
16669  5803
16838 26428
16934 12835
16961 18682
17002 21887
17074 22727
17146  3097
17413  7569
17433  4864
17565  2427
17588 12521
17607 15870
17691 26739
17701 13059
17720 27852
17771 19220
17942 21574
17977  1318
18057  5671
18117  2427
18119 27061
18150 19715
18178 23091
18246 13540
18323 19023
18325  6004
18415  6028
18432 15610
18519 23233
18758 17200
18799   825
18801  4509
18808 12962
18871  4999
18965 10309
19059 23885
19183  2420
19231  1192
19265 20189
19280 17482
19282 16719
19326  6001
19375 16541
19380 21387
19396 19932
19478  5703
19486 19830
19487 27009
19511 19464
19526  7813
19608  2127
19659 26282
19682 15551
19687  8435
19756 10267
19777 23669
19874  4503
19906  1523
19966  9474
19979  5036
20240 18318
20323 26222
20543  8745
20552 23732
20610  1506
20709 23233
20710  4054
20712  1231
20915  8574
20922  8131
20945 12877
21190  6989
21392 17821
21441 11421
21598 20459
21654 19791
21685 20417
21704 27091
21863  4310
21940 13840
21968 11190
21969 17793
22113  5439
22172 16780
22204 21531
22283 20712
22307 23862
22353 26425
22452 25014
22482 14506
22504  8467
22629 19676
22645 11218
22671 19023
22688 26863
22694  5903
22741 12521
22761 27061
22829 12521
22857 20747
22878 24933
22920 16176
23120  6933
23121 23875
23185 25609
23261 10406
23278 12630
23342 27636
23446 12521
23452  8149
23470 15252
23479 15321
23527 19902
23605 19622
23639  1446
23656  2334
23724 13744
23815 19359
23870 12484
23979   976
24006 26293
24049 18655
24062  7596
24123  4865
24125  9147
24134  2562
24238 16030
24261 23821
24271 27173
24309 17710
24400  3920
24422 24158
24443 26430
24477 19036
24505  8624
24573  8954
24575  1224
24624 10252
24630 14713
24636  4929
24732 16350
24866  2204
24960 19832
25112 24372
25323  6571
25398 17430
25573  1498
25669 21239
25733 21111
25767 21111
25800 16977
25824 27681
25830 23737
25865  7280
25888 27797
25927  2815
26113 15793
26135 18668
26212 18965
26233  8684
26243 27878
26266 27605
26266 27831
26289 22218
26290 27859
26292    13
26298 27881
