    2  7556
    3     2
   10  7623
   19     2
   22 27748
   25   998
   68   638
   92   686
  101 19720
  113   702
  116   705
  149 24568
  153 10854
  155   794
  158 11499
  186  1343
  214  1433
  215  1448
  223  9706
  228 14447
  229   904
  288  1556
  289   987
  296  1553
  307   983
  310   840
  312   986
  323   993
  332  1058
  337  1719
  338  1704
  340  1719
  341  1678
  357  1132
  370  1808
  374  1128
  376  1868
  406  1840
  446  6210
  459  2063
  461  2052
  465  2033
  481  2098
  490  6797
  490 17472
  528  2235
  555  2295
  572  1934
  577 27120
  589  1977
  598  2330
  604 25701
  650  4792
  658  2445
  693  2113
  737  2285
  748  2724
  758  2311
  760  2666
  771  2664
  772  2373
  774  2701
  775  5910
  816  2775
  826  2779
  856  2537
  864  2835
  867  2353
  879  2601
  888  2905
  909  2667
  912 27698
  929  2616
  953  2992
  961  2700
  962  2456
  979  2738
 1009  2821
 1010  3081
 1011  3088
 1028  3146
 1067  3204
 1068  5495
 1076  3222
 1078  3233
 1084  3183
 1112  2930
 1125  3317
 1137  3355
 1146  3319
 1183  3435
 1184  3439
 1197  3469
 1212  3125
 1224  3099
 1226  3474
 1230  3170
 1236  3567
 1241  3190
 1247  3200
 1253  3526
 1256  3591
 1266  3209
 1270  5134
 1271  3225
 1278  3266
 1302  3287
 1311  3313
 1326  3783
 1350  3786
 1401  3529
 1403  3515
 1404  3492
 1409  3926
 1411  3906
 1444  3621
 1446  3997
 1460  3631
 1468  4031
 1484  4031
 1530  4091
 1531  3747
 1538  3797
 1545  3797
 1594  1064
 1625  3919
 1630  3995
 1661  4000
 1684  4032
 1686  6193
 1688  4047
 1736  4124
 1739  4569
 1774  4178
 1787  4566
 1799  4218
 1850  4337
 1863  4766
 1898  4441
 1913  4490
 1918  4834
 1947  4793
 2037  6045
 2049  6276
 2079  2898
 2201 14993
 2256 16542
 2282  3492
 2318 20540
 2390 15590
 2448  4959
 2474  5238
 2515  1359
 2526  5066
 2721  8530
 2726 10516
 2778  4865
 2803  4941
 2807  4956
 2810  4963
 2813  4953
 2824  4984
 2827  4991
 2858  5057
 2863  1131
 2885  5348
 2919  5403
 2921  5414
 2922  5418
 2933  6328
 2940  5181
 2951  5206
 2953  5450
 2958  5498
 2961  5500
 2980  5516
 2980  5524
 2989  5275
 2994 17827
 3002  5300
 3007  5597
 3014  5324
 3022  5325
 3026  5610
 3031   389
 3032  5613
 3061  5666
 3067  5675
 3079  5417
 3085  5426
 3101  5741
 3105  5751
 3109  5463
 3111  5760
 3125  5776
 3127  5778
 3129  5491
 3139  5538
 3157  5798
 3168 11910
 3195  5834
 3196  5834
 3201  5842
 3203  5845
 3206  5543
 3208  5846
 3219  5638
 3220  5857
 3239  5874
 3284  5398
 3299  5897
 3306  5905
 3337  5476
 3348  5920
 3364  5936
 3373  5939
 3377  5942
 3380  5946
 3385  5947
 3468  4526
 3653  6380
 3672 11065
 3673  5864
 3696 11112
 3703  5903
 3704  5903
 3709 20344
 3747  8142
 3775  6103
 3787  4338
 3820  6126
 3831  6145
 3833   319
 3864  6181
 3876 25002
 3894  6188
 3937  6372
 3953 10584
 3961   758
 3975  6287
 3977  6328
 3986   318
 3987  6374
 3989  6349
 4007  6274
 4010  6674
 4016  6402
 4017  6689
 4027  6710
 4028 10881
 4030  6719
 4046  6775
 4073  6683
 4086  6699
 4088  6600
 4089 10138
 4091  6868
 4093  6845
 4094  6838
 4099  4391
 4100  6753
 4101  6849
 4111  6866
 4123  4325
 4126  6873
 4128  6704
 4129  7004
 4132  4325
 4136  6704
 4147  6951
 4153  6909
 4156  6906
 4168 23280
 4169  6897
 4176  6923
 4179  6928
 4184  6924
 4192  6937
 4217  6968
 4220  6957
 4226  7037
 4229  6888
 4234  6983
 4237  6987
 4240  6859
 4241  6853
 4242  6998
 4254  7000
 4255  7002
 4258  7030
 4260  6921
 4266  7015
 4275  6944
 4285  6895
 4298  8489
 4306  7076
 4318  7069
 4325  7087
 4328  7072
 4331  7065
 4336  7093
 4339  7102
 4347  5220
 4372  7007
 4386  7080
 4389  7142
 4392  7073
 4415  7090
 4424  7055
 4432  7154
 4437  7842
 4445  7167
 4454  7068
 4458  7179
 4466  7075
 4482  7096
 4485  7097
 4487  9936
 4522  7122
 4542  7289
 4575  6683
 4620  7201
 4679  7476
 4738  7411
 4837  9389
 4934  8979
 4985 15857
 4989  7270
 4994 22258
 5073  8312
 5131  7475
 5135  7467
 5136  6408
 5192  9501
 5254  7816
 5260  7490
 5265  6477
 5268  7490
 5272  8172
 5275  8172
 5280  9779
 5304 12841
 5324  7883
 5407  9205
 5417  7626
 5464  7722
 5472  8149
 5480  7900
 5486 14667
 5527  7932
 5532  8219
 5543  8234
 5546  8502
 5574  7996
 5579  8557
 5604  8067
 5610  8277
 5615  8531
 5636  8316
 5637  8942
 5691  7931
 5697 25288
 5720  8199
 5724  8213
 5745  8468
 5788  7748
 5792  7772
 5805  7993
 5841  8047
 5854  8584
 5855  7835
 5858  7842
 5873  8338
 5874  8796
 5905  8649
 5935  8643
 5971  8459
 5972  7931
 5978  8706
 6008  2946
 6012  8869
 6013  1977
 6029  8897
 6048  9095
 6057  4446
 6061  8740
 6078  8887
 6081  8741
 6092 10113
 6103  8756
 6105  8513
 6115  8505
 6117  8572
 6120  8786
 6127  8528
 6136  8548
 6141 19773
 6142  8454
 6160  8281
 6223  4046
 6239  8413
 6246  8368
 6252  8162
 6261  8368
 6262 11177
 6265   536
 6296  9274
 6299  8992
 6305  7923
 6320  8336
 6328 10323
 6332  9067
 6343  7959
 6346  9203
 6371  9213
 6434  7561
 6437  9336
 6445  9277
 6459  8789
 6466  8510
 6468 27748
 6472 10480
 6475 23057
 6476  8552
 6476  8576
 6483 16910
 6492  9181
 6507  8785
 6519  8617
 6529  8616
 6539  9642
 6557  8659
 6569  8632
 6570  8638
 6571  7536
 6575  8401
 6575  8670
 6606 20694
 6611  9279
 6619  9136
 6622  9142
 6634  9308
 6667  9104
 6669  9041
 6679  8829
 6681 17159
 6693 11293
 6702  9198
 6733 10704
 6761  9241
 6775 10722
 6778  8670
 6784  9151
 6798  9274
 6800  6334
 6811  1540
 6845  9511
 6864  8963
 6882  9380
 6891  8152
 6898  9113
 6906  7997
 6937 11809
 6944  9293
 6960  7536
 6981  7740
 7062  9354
 7074 10009
 7125  9992
 7134 10000
 7139 10004
 7142 10064
 7151 10012
 7154    15
 7158  9982
 7173  9648
 7178  9638
 7182  9998
 7187 11589
 7214 10032
 7230 10049
 7232  9520
 7236 10055
 7260  9689
 7274  9725
 7282 10870
 7306  9684
 7309 10085
 7317 10088
 7326 10091
 7328 10081
 7337 10098
 7376 10932
 7425 10134
 7438 10140
 7465 10144
 7484 10165
 7485 10168
 7486 10169
 7488 10202
 7518 10185
 7540 10206
 7542 10205
 7554 10164
 7567 10090
 7571 10229
 7582 10243
 7604 23055
 7613 10255
 7616 11102
 7633 10265
 7646 10272
 7660 21531
 7665 10288
 7669 10065
 7692 10315
 7711 10334
 7716 10352
 7739 10360
 7748 10365
 7755 10207
 7763 10261
 7781 10644
 7794 10397
 7802 10409
 7826 10421
 7831 10262
 7840 10428
 7845 10268
 7852 10308
 7873 10455
 7899 10501
 7900 10451
 7911 10441
 7916 10536
 7942 10552
 7965 10574
 7975 10588
 7977 11404
 7983 10584
 7987 10593
 7989 10591
 7990 11416
 7999 10597
 8008 10619
 8026 10622
 8096 10692
 8113 10657
 8146 10661
 8148  4405
 8231 10719
 8294 10734
 8354  1550
 8390  5485
 8392 10834
 8396 10644
 8426 10684
 8500   167
 8538 27134
 8549 10733
 8563 10735
 8596 10807
 8613 10801
 8614 10828
 8617 10818
 8622 10810
 8628 10813
 8629 10780
 8641 10826
 8645 10850
 8661 10871
 8687 10895
 8689 10875
 8701 10898
 8703 10846
 8735 10923
 8746 10879
 8760 10956
 8762  9086
 8766 10940
 8767 10953
 8777 10968
 8785 25505
 8791 10951
 8804  7763
 8892 11037
 8904 11530
 8923 11045
 8946 11079
 8955 11505
 8956 11071
 8963 11547
 8970  1443
 8984 11094
 8990 11602
 8996 11069
 8998 11594
 9002 11598
 9048 11644
 9049 11649
 9053 11650
 9064  2393
 9067 11142
 9071 11115
 9072 11252
 9096  1629
 9103 11695
 9140 11710
 9144 11711
 9147 11707
 9161  9966
 9186 21345
 9239 11740
 9243 11559
 9255 18771
 9264  9059
 9265  1961
 9285 11746
 9290 11529
 9387 11764
 9393 11667
 9422 11094
 9426 11681
 9487  2225
 9492 10474
 9514 11358
 9523 11825
 9542  2319
 9575  2364
 9584  2319
 9627  2406
 9628  2393
 9637 19480
 9642  2364
 9658  2418
 9681 23493
 9719 11806
 9726 11806
 9730 11879
 9769 11776
 9846 11878
 9850 11815
 9867 11945
 9896 11934
 9908 11962
 9959 11986
10032 11905
10033 12028
10072 11908
10082 11944
10093 11917
10097 12064
10102 12049
10128 17295
10132 11948
10155  4430
10179 11957
10200 12090
10207 11970
10212 11946
10244 12148
10258 11988
10279 12122
10287 12001
10291  4382
10298 12145
10306 12139
10317  6639
10324 11993
10326  6639
10327 12008
10334 12146
10347 12184
10349  7208
10351 12015
10374 11984
10379 12036
10389 12050
10395 12050
10396 12080
10398 12172
10413 12055
10417 12124
10418 12190
10424 12063
10429 12056
10442 12067
10446 12188
10448 12211
10450 12078
10467 12089
10473 12256
10478 12093
10485  6552
10486 12103
10490  4351
10503 12271
10553 12129
10564     8
10582 18077
10586 12155
10607 12130
10629 12323
10632 12143
10633 12215
10647 12221
10663 12440
10668 12261
10670 12159
10675 12166
10677 12161
10684 12246
10708 12489
10735 12214
10748 12197
10750 12208
10851 12450
10853 12294
10854 12287
10878   410
10892 12801
10922 12538
10941 12389
10950 12625
11005 12650
11068 12815
11176 12688
11224 12971
11232 10043
11250 12764
11366 12857
11370  3545
11388 13760
11391 13205
11395  6484
11494 13921
11528 22221
11744 10935
11793 11567
11794 14127
11987 19341
12015 19093
12045  3570
12065  9015
12115 26693
12153 20752
12505 20121
12791   711
12909 13142
13039 14164
13125  9167
13331 23977
13499 21078
13591  1407
13600  7556
13807  7413
13860 24874
13986 27120
14078 18041
14086 18041
14235  4824
14279 14062
14323 19905
14368  8138
14420 14356
14501   437
14655 15969
14782 15723
14863 21365
15075 17787
15146 11312
15318 13868
15340 11160
15344 22776
15493  8758
15500 22472
15772 13138
16090 14641
16247  1625
16392  9172
16517 18022
16806 26584
17069 16911
17193 21078
17267 15456
17486 26172
17555 24264
17720  8945
17769 19257
17772 17045
17783 17045
18007  7508
18024 11584
18045 24186
18088   608
18134 24031
18154 26845
18261 11680
18326 23493
18364 13141
18406 24872
18452 13137
18565  6371
18589  6045
18589 23191
18641 26293
18678  6807
18692  8611
18850   362
18856 11390
19066 14383
19154  8116
19166 16159
19188 24616
19301 26009
19380 26800
19487  7276
19506  5301
19663 24252
19701 25450
19824 19568
19829 27291
19863 12852
19894 18959
20015 18055
20132  4466
20146 26460
20336 14555
20399  5868
20438 24186
20490 21800
20741  8636
20783  4779
20804   549
20871    92
20901 11178
20957 11737
21014    91
21091   402
21203  4427
21328  4778
21343 19448
21529   578
21530 17759
21573  6644
21590 19341
21599  4388
21636   549
21758 18161
21935 27324
21944  7984
22001 27616
22024  5868
22088 24964
22172 21365
22188   549
22283 18285
22315 17103
22365 19150
22408 20546
22413  1352
22482 17687
22583 27305
22655 21816
22671 23280
22773 24298
22909 18982
22957 17485
23076 26172
23108  6544
23195  4114
23296 15588
23336 19904
23446 21092
23499 15360
23528 17727
23555 19848
23602 18716
23649 24186
23761 22610
23865 15773
23870  3174
23924 23780
23963 13219
24060  9982
24067  4370
24089  3391
24116 12489
24256 27172
24279 24092
24289 25431
24314 25830
24382   536
24407 15898
24501 18258
24505 11367
24528  8127
24602 13893
24695 18789
24744  4788
24753 19497
24856  9228
24865 27522
24957 25254
24988 24031
25143 27172
25205  7017
25240 27575
25299 24788
25321  6052
25336  4505
25387 19454
25408  3968
25478  8809
25594 19832
25759 10714
25780 25235
25859  4783
25923 24828
25942 11151
25948 16388
25969 21035
25985 24252
26036 22446
26069 11381
26123  5090
26186  9003
26226 27736
26233 19964
26241 27716
26276     7
26290 11396
26295 27702
26302 27751
