   11 13092
   15  3375
   65  3183
   66  3088
   90  3124
  101 18861
  114  3172
  118  2512
  171  3155
  174  3645
  186  3167
  188  3356
  195  3356
  196  3366
  196  3368
  199  3366
  202  3354
  203  3353
  228  3727
  232  3344
  254  3767
  263  9511
  271  3799
  274  3821
  277  3799
  286  3489
  290  3325
  303  3311
  306  3784
  307  3500
  312  3527
  314  3323
  315  3828
  318  3837
  323  3543
  340  3369
  349  3605
  360  3638
  370  3424
  371  3462
  372  3621
  374  3596
  376  3412
  379  3449
  380 11631
  392  3460
  399  3493
  406  3499
  407  3966
  411  4044
  412  3955
  418  3966
  419  3963
  421  3923
  426  3977
  436  3923
  452  3946
  455  3990
  456  2531
  465  3513
  469  3996
  481  3538
  503  3994
  510  3518
  523  3583
  527  3570
  528  3545
  531 15269
  550  3775
  555  3558
  559 19319
  572  3664
  575  3672
  589  3682
  595  8045
  598  3641
  602 15337
  604 13895
  607  4072
  609  4069
  612  3756
  618  3661
  623  3744
  629  3623
  633  3874
  658  3709
  679  9242
  687  4120
  710  4127
  718  4132
  742  4147
  751  3884
  757  4029
  758  3854
  771  3820
  772  3857
  779 15214
  796  3781
  816  3823
  830  3935
  848  3855
  856  4021
  860  3876
  864  3927
  879  3993
  882  4191
  886  3938
  888  3886
  923  9707
  951  4153
  953  4024
  961  4106
  971 12499
  979  4140
 1002  4052
 1004  4045
 1010  4063
 1023  8981
 1025  4019
 1029  4103
 1036  9159
 1042  4119
 1052  4158
 1058 11054
 1070  4083
 1076  4068
 1077  4182
 1088  4123
 1131  4186
 1132  4409
 1137  4113
 1146  4162
 1152  4204
 1176  4504
 1180  4250
 1184  4151
 1190  4314
 1202  4205
 1212  4279
 1220  4298
 1224  4342
 1226  4237
 1236  4197
 1237  4296
 1239  4202
 1246  4212
 1251  4313
 1256  4230
 1257  4270
 1262  4217
 1267  4210
 1283  4403
 1287  4344
 1297  4411
 1302  4420
 1312  4436
 1350  4303
 1360  4322
 1362  2555
 1368  4440
 1395   484
 1396  4353
 1401  4406
 1404  4749
 1409  4376
 1410  4455
 1411  4373
 1446  4386
 1451 19319
 1463  4477
 1468  4425
 1484  4435
 1502  4540
 1503  4493
 1505  4412
 1517  4503
 1579  4539
 1588  7197
 1610  4612
 1628  4566
 1632  4507
 1661  4641
 1663  4605
 1665  4623
 1670  3906
 1675  4660
 1678   709
 1684  4653
 1687  4652
 1688  4610
 1689  4548
 1706  4665
 1707  4627
 1708  4703
 1714  4579
 1715  4639
 1721  4675
 1732  1347
 1733  4689
 1739  4595
 1752  4687
 1755  4598
 1760  4611
 1770  4679
 1774  4685
 1785  4589
 1786  4693
 1793  4698
 1794 13980
 1801  4680
 1817  4766
 1841  4722
 1845  4740
 1850  4727
 1854  4734
 1857  4748
 1863  4682
 1869  4749
 1879  4781
 1883  4784
 1887  4662
 1913  4837
 1941  4799
 1947  4894
 1965  4764
 1968  4868
 1972  4759
 1975  4841
 1976  4744
 1988  3873
 2001  4960
 2005  4909
 2038  4777
 2039  4920
 2041  4774
 2042  4801
 2053  4931
 2065  4938
 2073  4835
 2087  4803
 2090  5214
 2106  5113
 2111  3532
 2117  4842
 2125  1803
 2130  4918
 2133  5005
 2151  5144
 2155  4935
 2156  4855
 2164  5021
 2187  4915
 2194  4925
 2201  4514
 2219  4941
 2224  4919
 2242  4957
 2252  4952
 2256  5018
 2263  5045
 2267  5046
 2274  5032
 2276  5067
 2283  5077
 2285  5030
 2298  5233
 2305  5049
 2319  5966
 2325  5066
 2334  5176
 2338 12133
 2342  5013
 2368  5166
 2387  5157
 2390  5040
 2394  5145
 2408  5158
 2420  5172
 2422  5193
 2428  5191
 2442  5223
 2462  5293
 2478  5236
 2483  5339
 2490  5285
 2496  5282
 2503  5310
 2508  5216
 2520  5253
 2531  5312
 2535  5351
 2537  5462
 2551  5279
 2552  5402
 2561  5367
 2563  5456
 2574  5341
 2578  5307
 2584  5364
 2598  5319
 2599  5305
 2608  5589
 2616  5562
 2618  5400
 2621  5413
 2623  5399
 2624  5510
 2641  5510
 2644  5349
 2657  5561
 2661  5433
 2665  5648
 2667  5434
 2670  5425
 2671  5577
 2672  5620
 2673  5474
 2674  5388
 2678  5585
 2679  5620
 2686  5441
 2687  5460
 2693  5497
 2702  5467
 2703  5621
 2707  5656
 2708  5511
 2713 12406
 2725  5415
 2734  5427
 2740  5445
 2741  5445
 2745  5673
 2759  5455
 2768  5453
 2774  5537
 2776  5519
 2778  5520
 2781  5529
 2788  5560
 2792  5563
 2803  5586
 2806  5624
 2807  5573
 2809  5572
 2810  5570
 2813  5565
 2814  5582
 2823  5596
 2824  5597
 2828  5637
 2829  5645
 2832  5515
 2842  5553
 2847  5546
 2850  5614
 2858  5649
 2877  5679
 2884  5692
 2886  5662
 2896  5661
 2918  5636
 2921  5635
 2934  5631
 2951  5718
 2958  5664
 2961  5666
 2967  5748
 2971  5765
 2980  5696
 2985  5757
 2995  5691
 3007  5699
 3022  5774
 3023  5762
 3026  5735
 3034  5752
 3043  5799
 3045  5790
 3061  5734
 3062  5741
 3067  5733
 3079  5824
 3086  5832
 3098  5869
 3105  5763
 3119  5795
 3125  5785
 3127  5778
 3129  5884
 3135  5965
 3139  5823
 3147  5899
 3148  5886
 3151  5789
 3156  5903
 3168  5895
 3185  5813
 3195  5826
 3196  5828
 3201  5843
 3205  5944
 3206  5975
 3208  5851
 3209  5852
 3211  5860
 3219  5921
 3220  5864
 3221 15368
 3222  5995
 3227  5908
 3238  5870
 3239  5866
 3243  6006
 3245  6079
 3247  5973
 3248  6089
 3249  5947
 3254  5881
 3261  6078
 3272  5964
 3275  5960
 3282  6129
 3291  6115
 3293  5928
 3295  6126
 3298  6008
 3305  5976
 3306  5912
 3310  5984
 3313  5896
 3314 12924
 3316  6115
 3317  5981
 3322  6034
 3324  6030
 3327  5934
 3329  6001
 3332  6047
 3333  5943
 3334  5942
 3335  6037
 3338  6086
 3348  5950
 3352  5941
 3356  6267
 3364  5952
 3373  5962
 3376  6105
 3381  5953
 3382  6101
 3385  5961
 3386  6103
 3388  6142
 3389  5990
 3390  6071
 3391  6088
 3394  6139
 3397  6002
 3407  6109
 3410  6007
 3412  6218
 3414  6219
 3416  5977
 3418  6005
 3419  6131
 3421  6003
 3424  5992
 3425 13051
 3429  6064
 3434  6084
 3435  6069
 3439  5996
 3441  6019
 3444  3645
 3445  6020
 3448  6124
 3449  6110
 3452  6186
 3453  6164
 3454  6118
 3455  6122
 3462  6341
 3465  6124
 3467  6128
 3468  6102
 3470  6135
 3471  6245
 3472  6127
 3478  6160
 3480  6187
 3481  6148
 3482  6155
 3493  6010
 3505  6202
 3510  6177
 3514  6383
 3529  6304
 3531  6236
 3535  6399
 3540 20273
 3544  6242
 3548  6274
 3549  6154
 3550  6153
 3551  6116
 3552  6176
 3553  6271
 3556  6277
 3577  6193
 3578   713
 3599  6316
 3603  2948
 3606  6227
 3607  6276
 3610  6331
 3613  6357
 3615  6198
 3616  6230
 3622  6190
 3628  6316
 3630  6323
 3631  6246
 3632  6332
 3633  6233
 3639  6282
 3642  6369
 3647  6348
 3648  6283
 3652  6315
 3653  6337
 3654  6266
 3655  6291
 3660 18495
 3664  6390
 3665  6329
 3668  6400
 3670  6301
 3672  6356
 3678  6351
 3681  6402
 3683  6417
 3703  6413
 3706  6389
 3723  6407
 3738  6430
 3755  6456
 3765  6448
 3770  6480
 3778  6510
 3782  6498
 3783  7538
 3808  6507
 3809  6481
 3820  6519
 3831  6515
 3832  6513
 3839  6513
 3864  6532
 3865  6535
 3866  2573
 3873  6530
 3881  6575
 3882  6575
 3894  6557
 3898  6589
 3901  6539
 3904  6577
 3925  6618
 3930   785
 3930  6621
 3931  6548
 3935  6634
 3946  6563
 3958  6606
 3959  6576
 3960  6562
 3961  6629
 3962  6583
 3975  6636
 3976  6659
 3977  6627
 3978  6619
 3979  6677
 3984  6681
 3988  6663
 4003  6604
 4004  6447
 4009  6660
 4010  6605
 4017  6609
 4018  6658
 4019  6729
 4020  6639
 4021  6735
 4025  6735
 4027  6632
 4029  6650
 4032  6640
 4036  6642
 4038  6666
 4041  6671
 4042  6685
 4043  6676
 4046  6655
 4047  6714
 4053  6675
 4055  6669
 4056  6701
 4063  6667
 4064  6743
 4067  6723
 4076  6733
 4078  6709
 4081  6740
 4087  6738
 4088  6752
 4089  9673
 4091  6794
 4093  6693
 4094  6695
 4097  6808
 4098  6793
 4101  6704
 4107  6758
 4107  6784
 4109  6773
 4110  6747
 4111  6706
 4125  6778
 4126  6721
 4132  2534
 4135  6784
 4136  6792
 4141  6786
 4142  6759
 4143  6797
 4146  6797
 4147  6823
 4153  6719
 4156  6731
 4158  6821
 4160  6815
 4161 11700
 4164  4438
 4169  6755
 4174  6836
 4176  6744
 4179  6739
 4181  6838
 4182  6839
 4183  6848
 4184  6750
 4185  6842
 4187  6851
 4191  6869
 4194  6842
 4204  6860
 4206  6864
 4209  6863
 4213  6908
 4215  6873
 4216  6865
 4217  6776
 4218  6884
 4220  6788
 4223  6879
 4223  6886
 4226  6894
 4227  6901
 4231  6885
 4232  6892
 4233  6895
 4234  6785
 4236  6893
 4237  6782
 4241  6905
 4244  6906
 4253  6912
 4254  6828
 4254  6831
 4255  6829
 4257  6914
 4258  6817
 4262  6819
 4264  6834
 4266  6837
 4267  6831
 4268  6835
 4272  6920
 4275  6928
 4276  6923
 4282  6900
 4285  6931
 4293  6932
 4298  6950
 4302  6938
 4306  6861
 4310  6943
 4311  6942
 4313  3383
 4317  6948
 4318  6881
 4325  6870
 4327  6891
 4335  6929
 4336  6887
 4339  6898
 4340  6971
 4357  6983
 4362  6986
 4365  6991
 4368  7019
 4370  6995
 4378  6985
 4381  6924
 4386  7003
 4388  7001
 4389  6927
 4390  7002
 4396  7011
 4397  7029
 4405  7015
 4408  7022
 4410  6978
 4411  7026
 4413  6944
 4423  7040
 4424  7031
 4445  6964
 4448  7046
 4451  7053
 4455  7048
 4461  6999
 4464  7062
 4466  7047
 4474  7070
 4477  7079
 4499  7007
 4513  7106
 4520  4920
 4522  7088
 4523  7114
 4524  7009
 4529  7025
 4531  7122
 4540  9749
 4544  7074
 4550  7144
 4554  7055
 4555  7083
 4558  7135
 4570  7066
 4571  7049
 4572  7059
 4584  7077
 4591  7141
 4595  3278
 4596  7089
 4597  7094
 4602  7093
 4605  2975
 4606  2975
 4611  7120
 4617  7102
 4631  7183
 4642  7152
 4651  7204
 4652  7210
 4665  7215
 4666  7150
 4671  7168
 4672  7211
 4677  7159
 4681  7155
 4682  7224
 4696  7187
 4698  7196
 4713  7205
 4714  7197
 4720  7259
 4724  7269
 4725  7268
 4730  7245
 4770  1635
 4772  7236
 4783  7284
 4784  7426
 4789  7292
 4793  7295
 4795  7298
 4800  7377
 4801  7329
 4803  7371
 4812  7315
 4814  7327
 4822  7343
 4823  7395
 4824  7322
 4825  7359
 4828  7310
 4831  7281
 4832  7463
 4837  7380
 4841  7323
 4844  7379
 4845  7335
 4848  7353
 4849  7339
 4851  7314
 4852  7356
 4854  7350
 4856  7452
 4858  7430
 4867  7370
 4869  7415
 4870  7376
 4882  7392
 4886  7396
 4896  7402
 4900  7414
 4901  7389
 4902  7396
 4909  7417
 4917  7437
 4918  7434
 4919  7459
 4922  7449
 4926  7487
 4931  7410
 4933  7463
 4934  7242
 4938  7473
 4939  7448
 4941  7460
 4942  7429
 4943  7456
 4945  7496
 4948  7428
 4949  7448
 4950  7486
 4954  7429
 4958  7497
 4959  7509
 4961  7492
 4964  7492
 4966  7491
 4971  7516
 4972  7468
 4974  7510
 4976  7511
 4979  7495
 4989  7527
 4995  7526
 5006   108
 5013  7546
 5014  7539
 5019  7547
 5021  7524
 5025  7561
 5027  7489
 5027  7518
 5030  7572
 5032  7570
 5034  7570
 5037  7575
 5041  7550
 5043  7552
 5049  7591
 5054  7523
 5055  7562
 5057  7603
 5065  7581
 5071  7608
 5079  7634
 5087  7636
 5090  7626
 5093  7420
 5096  7613
 5101  7601
 5103  7616
 5105  7621
 5109  4982
 5112  7658
 5118  7479
 5131  7682
 5135  7685
 5137  7660
 5139  7762
 5145  7698
 5150  7678
 5152  7596
 5159  7710
 5162  7709
 5164  7716
 5166  7721
 5171  7714
 5182  7727
 5188  7724
 5189  7734
 5191  7730
 5195  7738
 5211  7753
 5214  7751
 5216  7756
 5219  6813
 5234  7199
 5235  7775
 5242  7774
 5244  7803
 5245  3183
 5251  7808
 5272  7789
 5275  7789
 5278 16551
 5287  7790
 5299  7667
 5302  7821
 5310  7793
 5316  8212
 5323  7840
 5338  7922
 5346  7884
 5350  7858
 5358  7854
 5359  8225
 5383  7879
 5387  7885
 5399  7895
 5411  4979
 5413 10656
 5415  7918
 5416  7927
 5417  7904
 5423  7925
 5425  7933
 5429  7937
 5430  8336
 5433  7940
 5458  7990
 5459  7961
 5463  8002
 5469 19456
 5472  7980
 5474  7981
 5477  7973
 5485  8207
 5486  7971
 5490  7995
 5493  8047
 5494  8012
 5497  8034
 5512  8007
 5514  8225
 5515  7935
 5516  8035
 5520  8086
 5521  8069
 5525  8070
 5528  8029
 5531  8071
 5531  8099
 5539  8095
 5543  8060
 5546  8055
 5547  8050
 5548  8114
 5552  8067
 5556  8071
 5556  8099
 5561  8007
 5571  8121
 5572  8082
 5579  8105
 5584  8137
 5594 11310
 5597  8104
 5602  8160
 5604  8120
 5605  8175
 5607  8099
 5610  8125
 5611  8117
 5614  8169
 5615  8127
 5616  8182
 5617  8185
 5620  8099
 5622  8183
 5625  8139
 5627  8152
 5630 14959
 5631  8150
 5633  8158
 5634  8131
 5642  8117
 5644  8209
 5656  8219
 5659  8197
 5660  8196
 5663  8200
 5664  8222
 5665  8234
 5666  8192
 5673  8237
 5678  8207
 5680  8224
 5683  7971
 5685  8218
 5686  8220
 5688  8221
 5691  8225
 5697 16580
 5703 14009
 5705  8240
 5718  8253
 5720  8259
 5722  8252
 5724  8256
 5726  8299
 5730  8265
 5734  8263
 5735  8267
 5740  8272
 5745  8271
 5746  8314
 5749  8296
 5754  8280
 5764  8245
 5765  8304
 5767  9584
 5769  8344
 5770  8305
 5772  8346
 5778  8309
 5780  8312
 5785  8318
 5786  8315
 5790  8325
 5797  8332
 5798  8336
 5800  8358
 5801 11035
 5802  8383
 5805  8380
 5812  8353
 5818  8354
 5821  8345
 5822  8384
 5825  8357
 5826 11210
 5829  7952
 5830  8367
 5842  8392
 5846  8387
 5854  8397
 5855  8429
 5861  8412
 5865  8436
 5869  8401
 5873  8426
 5874  8408
 5880  8440
 5881  8414
 5882  8451
 5887  8467
 5888  8422
 5901  8442
 5908  8452
 5916  8485
 5921  8879
 5928  8507
 5942 19346
 5950  8475
 5966  8531
 5971  8522
 5978  8516
 5986  8525
 5988  8545
 5989  8559
 5993  8505
 5995  8519
 5997  8521
 6005  8586
 6011  8935
 6012  8539
 6016  8599
 6017  8022
 6029  8553
 6029 12931
 6032  8585
 6033  8576
 6041  8524
 6043  8600
 6046  8627
 6056  8636
 6058  8642
 6060  8457
 6061  8615
 6071  8624
 6072  7852
 6078  8633
 6081  8618
 6094  8650
 6095  8628
 6097  8651
 6103  8661
 6105  8846
 6113  8687
 6114  8725
 6115  8738
 6117  8721
 6121  8690
 6123  8723
 6126  8726
 6127  8760
 6129  8675
 6142  8709
 6147 13227
 6152  8751
 6154  8707
 6158  8778
 6159  8735
 6166  9036
 6167  8757
 6168  8776
 6171  8745
 6183  8804
 6185  8765
 6188  8797
 6192  8806
 6193  8807
 6194  8774
 6195  8807
 6212  8803
 6214  8821
 6217  8800
 6227  8811
 6230  8750
 6243  8847
 6248  8831
 6256  9304
 6267  8840
 6269  8845
 6273  8850
 6280  8855
 6281  8852
 6283  8853
 6289  8861
 6292  8846
 6299  8862
 6305  7853
 6314  8873
 6324 11707
 6325  8876
 6332  8880
 6338  8885
 6339  8123
 6341  8891
 6346  8878
 6351  7852
 6358  8971
 6362  8961
 6370  7852
 6377  8934
 6385  8927
 6392  8947
 6398  8990
 6414  8129
 6426  9015
 6427  9012
 6431  9036
 6433  9022
 6434  9041
 6438  9048
 6440  9038
 6443  9034
 6445  9018
 6446  9043
 6449  9058
 6450  9049
 6456  9037
 6458  9066
 6467  9095
 6470  9114
 6476  9200
 6477  9113
 6481  9171
 6483   113
 6485  9122
 6492  9129
 6494  8953
 6500 12931
 6504  9160
 6512  9154
 6519  8935
 6523  9175
 6529  9213
 6535  9177
 6541  9185
 6544  9340
 6548  9250
 6553  7685
 6560  9267
 6570  9277
 6571  9702
 6585  9262
 6586  9277
 6603  9283
 6611  9298
 6612  9309
 6614  9280
 6616  9286
 6617  9314
 6619  9315
 6620  9318
 6621  9289
 6622  9316
 6643  9333
 6648  9381
 6652  9339
 6659  9342
 6661  9351
 6668  9357
 6671  9472
 6672  9371
 6674  9370
 6676  9369
 6677  9373
 6679  9376
 6691  9385
 6693  8404
 6694  9389
 6698  9347
 6701  9413
 6702  9415
 6704  9486
 6707  9408
 6713  9406
 6716  9423
 6719  9486
 6724  9405
 6727  9430
 6729  9428
 6731  9441
 6733  9391
 6735  9432
 6737  9584
 6743  9443
 6749  9447
 6752  9486
 6756  8246
 6761  9461
 6771   608
 6774  9454
 6778  9016
 6779  9462
 6781  9459
 6792  9472
 6794  9475
 6799  9473
 6800  9471
 6812  9507
 6831  9036
 6835  9266
 6842  9535
 6862  9579
 6864  9619
 6866  9584
 6867  9563
 6868  9571
 6877  9570
 6881 11446
 6886  9585
 6887  9698
 6895  2420
 6897  9609
 6898  9603
 6905  9666
 6908  9599
 6909  9666
 6910  9608
 6922  9617
 6940  9470
 6943  9631
 6946  9636
 6954  9641
 6967  9644
 6968  9698
 6969  9643
 6973  9651
 6976  9654
 6995  9722
 6996  9697
 7010  9703
 7012  9680
 7062  9735
 7063   353
 7068  9729
 7074  9760
 7082  9750
 7098  9776
 7108  8897
 7112  9790
 7113  9844
 7120  9792
 7130  9811
 7139  9871
 7142  9816
 7160  9883
 7162  9891
 7163  9827
 7167  9900
 7173  9865
 7175 14248
 7178  9884
 7182  9906
 7183  9913
 7187  9921
 7194  9939
 7196  9935
 7197  9936
 7210  9947
 7213  9930
 7214  9973
 7216  9856
 7219  9956
 7221  9945
 7221  9958
 7227  9960
 7228  9962
 7229  9974
 7230  9977
 7232  9888
 7233  9958
 7234  9965
 7236  9988
 7238  9967
 7239  9904
 7240  9867
 7244  9969
 7245  9999
 7246  9922
 7249  9979
 7250  9870
 7251  9976
 7254  9989
 7255  9986
 7256  9985
 7257  9990
 7260  9920
 7261 10016
 7265  9987
 7266 10002
 7267  9994
 7269  9992
 7270  9993
 7276  9952
 7278  9879
 7281  9998
 7284 10003
 7288  9996
 7289 10008
 7297  9889
 7301 10059
 7306  9970
 7308 10005
 7310 10054
 7315 10049
 7317 10080
 7318 10065
 7326 10081
 7328 10076
 7330 10051
 7334 10052
 7336 10087
 7338 10051
 7339  9903
 7340  9980
 7348 10082
 7350 10038
 7351 10037
 7352 10056
 7353 10085
 7355 10027
 7357 10060
 7364 10069
 7368 10064
 7374 10116
 7376 10078
 7377  9933
 7382 10133
 7387 10135
 7389 10087
 7390 10120
 7394 10142
 7397 10093
 7398 10117
 7404 10035
 7411 10098
 7412 10155
 7417 10132
 7418 10167
 7419 10130
 7425 10161
 7431 10171
 7432 10088
 7436 10177
 7438 10178
 7439 10179
 7440 10141
 7442 10172
 7452 11035
 7455  5635
 7460 10185
 7464 10188
 7482 10154
 7485 10221
 7487 10223
 7491 10224
 7492 10205
 7493 10159
 7494 10158
 7500 10219
 7514 10115
 7516 14641
 7518 10228
 7528 10229
 7536 10199
 7539 10176
 7540 10244
 7542 10243
 7543 10252
 7546 10239
 7554 10247
 7556 10208
 7561 10209
 7567 10256
 7571 10263
 7572 10262
 7578 10268
 7582 10204
 7584 10227
 7587 10279
 7592 10227
 7596 10245
 7603 10245
 7606 10294
 7608 10293
 7610 10246
 7611 10304
 7613 10303
 7615 10297
 7619 10312
 7620 10266
 7622 10317
 7626 10319
 7633 10322
 7635 10321
 7639 10271
 7646 10327
 7648 10283
 7651 10330
 7655 10286
 7660 10340
 7665 10339
 7679 10301
 7680 10309
 7681 10357
 7683 10361
 7711 10384
 7713 10326
 7714 10388
 7716 10404
 7729 10356
 7733 10362
 7735 10422
 7739 10418
 7745 10368
 7748 10428
 7752 10437
 7763 10359
 7764 10453
 7777 10374
 7779 10381
 7781 10363
 7782 10458
 7789 10403
 7791 10390
 7792 10465
 7794 10468
 7795 10399
 7802 10479
 7803 10407
 7804 10402
 7806 10393
 7810 10408
 7812 10115
 7813 10410
 7824 10508
 7826 10498
 7830 10503
 7831 10455
 7832 10434
 7836 10438
 7838 10431
 7839 10499
 7840 10507
 7842 10446
 7845 10439
 7847 10436
 7848 10448
 7850  7015
 7850 10452
 7852 10442
 7854 10451
 7859 10512
 7860 10510
 7863 10462
 7866 10469
 7868 10522
 7871 10472
 7875 10519
 7877 10474
 7886 10485
 7888 10494
 7889 10484
 7893 10554
 7899 10567
 7905 10505
 7906 10471
 7911 10473
 7913 10561
 7915 10577
 7916 10500
 7918 10487
 7922 10487
 7923 10516
 7926 10587
 7927 10536
 7929 10502
 7933 10582
 7941 10579
 7942 10606
 7950 10537
 7951  5825
 7956 10617
 7957 10597
 7963 10595
 7964 10619
 7965 10625
 7968 10557
 7974 10535
 7975 10531
 7977 10591
 7980 10572
 7983 10541
 7989 10544
 7990 10610
 7991 10642
 8004 10667
 8005 10657
 8010 10590
 8023 10603
 8037 10721
 8043 10602
 8044 10630
 8047 10709
 8050 10713
 8057 10737
 8061 10759
 8066 10784
 8071 10638
 8073 10739
 8079 10745
 8080 10783
 8081 10662
 8087 10734
 8089 10793
 8093 10653
 8094 10794
 8097 10644
 8100 10755
 8103 10761
 8104 10752
 8107 10790
 8109 10774
 8112 10618
 8113 10621
 8115 10693
 8116 10676
 8118 10782
 8120 10756
 8122 10706
 8129 10770
 8135 10699
 8136 10789
 8142 10645
 8143 10775
 8146 10659
 8147 10850
 8148 10758
 8149 10684
 8150 10776
 8158 10763
 8159 10778
 8163 10655
 8164 10791
 8165 10765
 8175 10801
 8182 10682
 8184 10890
 8193 10830
 8197 10838
 8201 10824
 8215 10823
 8240 10854
 8247 10865
 8251 10913
 8255 10805
 8257 10863
 8258 10932
 8261 10955
 8264 10906
 8268 10948
 8276 10919
 8277 10802
 8284 10931
 8285 10836
 8286 10925
 8290 10981
 8294 10822
 8295 10998
 8296 10903
 8300 10941
 8304 10958
 8312 10959
 8315 10912
 8317 10905
 8320 10904
 8323 10973
 8328 10976
 8330 10974
 8335 10888
 8340 11013
 8342  9243
 8344 10911
 8349 11036
 8351 11040
 8355 11052
 8358 10928
 8360 11057
 8362 11025
 8363 10996
 8366 10940
 8368 11054
 8369 10954
 8372 11064
 8375 11062
 8380 11071
 8385 10970
 8388 10986
 8392 10984
 8395 11058
 8399 11035
 8401 10995
 8404 11003
 8405 11000
 8408 11001
 8411 11065
 8412 11098
 8417 11104
 8420 11095
 8421 11008
 8422 11051
 8425 11077
 8426 11043
 8428 11082
 8429 11020
 8430 11020
 8435 11023
 8436 11021
 8443 11027
 8449 11079
 8455 11107
 8469 11126
 8470 11045
 8474  7060
 8476 11131
 8482 11105
 8484 11102
 8486 11063
 8487 11154
 8503 11149
 8507 11147
 8510 11118
 8513 11090
 8518 11142
 8522 11137
 8530 11159
 8531 11146
 8549 11173
 8551 11113
 8557 11144
 8562 11177
 8562 11178
 8563 11177
 8586 11135
 8590 11208
 8612 11216
 8614 11225
 8617 11190
 8622 11231
 8626 11207
 8628 11236
 8629 11213
 8635 11251
 8645 11259
 8646 11255
 8651 11241
 8652 11234
 8654 11221
 8655 11101
 8661 11268
 8664 11270
 8668 11203
 8670   716
 8679 11272
 8685 11264
 8687 11289
 8689 11284
 8701 11258
 8705 11302
 8708 11287
 8714  6254
 8716 11306
 8724 11280
 8735 11315
 8738 11320
 8741  3821
 8745 11298
 8746 11290
 8752 11353
 8754 11304
 8757 11321
 8764 11394
 8766 11340
 8767 11352
 8770 11363
 8772 11362
 8776 11335
 8777 11386
 8779 11314
 8784 11313
 8791 11390
 8797 11379
 8799 11415
 8802 11391
 8816 11416
 8819 11389
 8822 11425
 8824 11462
 8840 11432
 8843 11457
 8846 11486
 8850 11496
 8851 11499
 8857 11503
 8858 11487
 8859 11514
 8862 11455
 8864 11470
 8867 11520
 8869 11519
 8873 11512
 8875 11537
 8878 11452
 8879 11545
 8883 11474
 8885 11511
 8890 11540
 8893 11543
 8894 11559
 8895 11542
 8899 11567
 8901 11564
 8905 11538
 8906 11502
 8909 11579
 8910 11461
 8912 11574
 8913 11547
 8916 11554
 8917 11616
 8918 11587
 8919 11568
 8920 11532
 8921 11614
 8923 11464
 8928 11609
 8931 11617
 8941 11488
 8946 11619
 8947 11612
 8948 11490
 8954 11595
 8956 11507
 8961 11641
 8963 11637
 8967 11630
 8968 11632
 8971 11676
 8974 11668
 8978 11586
 8979 11670
 8981 11528
 8983 11675
 8984 11553
 8988 11647
 8990 11677
 8991 11657
 8995 11689
 8996 11601
 8998 11666
 9000 11588
 9001 11571
 9002 11672
 9003 11678
 9005 11635
 9009 11651
 9010 11712
 9013 11723
 9019 11679
 9021 11690
 9026 11658
 9027 11692
 9043 11663
 9046 11749
 9048 11760
 9049 11733
 9052 11727
 9053 11740
 9054 11739
 9063 11753
 9067 11738
 9068 11725
 9078 11741
 9079 11735
 9080 11789
 9082 11775
 9087 11798
 9093 10885
 9094 11856
 9095 11693
 9096 11698
 9097 11779
 9099 11803
 9100 11816
 9102 11786
 9103 11818
 9104 11810
 9126 11780
 9129 11885
 9131  3625
 9135 11801
 9138 11807
 9140 11893
 9144 11897
 9147 11892
 9151 11748
 9153 11880
 9159 14143
 9171 11925
 9178 11804
 9180 11904
 9186 11934
 9189 11932
 9191 11917
 9192 11802
 9193 11907
 9194 11919
 9198 11884
 9200  3775
 9207 11916
 9208 11879
 9210 11909
 9211 11894
 9218 11963
 9225 12010
 9230 11922
 9234 11948
 9236 11931
 9239 11996
 9245 12019
 9250 11961
 9252 11950
 9255 11938
 9262 11994
 9263 11939
 9269 12003
 9271 11914
 9275 12056
 9276 12060
 9279 12016
 9285 12028
 9290 11928
 9292 11944
 9296 11980
 9310 11995
 9314 12071
 9318 12063
 9322 12089
 9325 12149
 9351 12004
 9353 12108
 9356  3321
 9371 11976
 9380 12216
 9384 12173
 9405 12197
 9412 14292
 9416 12059
 9422 12251
 9426 12115
 9429 12121
 9433 12264
 9434 12231
 9435 12059
 9438 12220
 9444 12150
 9446 12271
 9451 12169
 9454 12120
 9456 12268
 9468 12266
 9476 12198
 9487 11803
 9494 12176
 9497 12316
 9498 12092
 9500 12296
 9508 12195
 9509 12328
 9510 12349
 9513 12245
 9517 12249
 9519 12261
 9520 12339
 9522 12250
 9523 12310
 9527 12125
 9528 12215
 9530 12341
 9538 12332
 9539 12148
 9542 12107
 9546 12284
 9547 12356
 9561 12298
 9562 12154
 9564 12116
 9566 12383
 9570 18394
 9577 12350
 9578 16696
 9587 12159
 9588 12111
 9591 12065
 9596 12324
 9597 12391
 9599 12132
 9601 12335
 9606 12038
 9612 12365
 9622 12340
 9623 12116
 9624 12074
 9626 12377
 9628 12191
 9637 12408
 9639 12187
 9641 12210
 9646 13092
 9654 12424
 9655 12280
 9656 12256
 9657 12142
 9658 12224
 9661 12362
 9662 12257
 9665 12394
 9667 12144
 9669 12396
 9674 12209
 9681 12130
 9684 12212
 9691 12225
 9694 12407
 9695 12447
 9699 12181
 9701 12143
 9702 12455
 9708 12144
 9709 12289
 9711 12420
 9712  5716
 9715 12211
 9716 12413
 9718 12385
 9720 12463
 9723 12426
 9724 12430
 9729 12357
 9730 12425
 9731 12177
 9738 12182
 9739 12287
 9747 12476
 9754 12192
 9756 12373
 9760 12444
 9762 12400
 9763 12479
 9769 12435
 9772 12390
 9775 12473
 9776 12405
 9777 12467
 9779 12506
 9780 12495
 9785 12504
 9788 12507
 9789 12429
 9790 12482
 9803 12489
 9820 12452
 9826 12533
 9831 12537
 9838 12541
 9839 12521
 9842 12471
 9846 12516
 9848 12526
 9849 12499
 9850 12497
 9852 12523
 9857 12559
 9863 12540
 9865 12542
 9867 12549
 9868 12522
 9870 12551
 9876 12583
 9880 12554
 9885 12564
 9892 12508
 9896 12555
 9898 12565
 9901 12529
 9908 12588
 9919 12548
 9920 12590
 9953 12585
 9954 12556
 9957 12664
 9958 12639
 9959 12637
 9961 12664
 9962 12596
 9966 10633
 9967 12581
 9974 12613
 9977 12595
 9980 12600
 9986 12561
 9987 12579
 9993 12678
 9995 12626
10001 12686
10009 12647
10017 12629
10030 12726
10031 12658
10032 12665
10034 12731
10037 12633
10040 12672
10063 12669
10069  9518
10077 12704
10088 12745
10094 12667
10097 12767
10102 12760
10103 12807
10104 12716
10120 12781
10134 12706
10135 12803
10142 12801
10146 12711
10150 12805
10151 12630
10152 12748
10155 12845
10157 12816
10158 12812
10159 12539
10160 12750
10178 12825
10180 12798
10190 12847
10197 12779
10200 12832
10201 12794
10203 12890
10207 12787
10208 12846
10212 12811
10225 12886
10229 12895
10236 12804
10240 12830
10243 12823
10244 12936
10251 12844
10258 12860
10276 12979
10279 12965
10282 12996
10284 12833
10285 12782
10286 12992
10287 12896
10288 12868
10289 12840
10290 13065
10303 12855
10306 12953
10307 12942
10323 12974
10324 12834
10334 12969
10336 12806
10342 12766
10346 12856
10347 13093
10348 13118
10351 12875
10353 12879
10354 12866
10355 12857
10357 12862
10370 13050
10376 12970
10377 13036
10379 12889
10385 12888
10389 12986
10390 13120
10392 12900
10393 12909
10395 12986
10398 13067
10399 12995
10401 13165
10403 13085
10404 12903
10407 12908
10408 12919
10409 12980
10413 13005
10414 13178
10417 13069
10418 13094
10424 13015
10428 13106
10429 12977
10433 13018
10436 13045
10437 13020
10438 13027
10442 13051
10447 12940
10448 13168
10450 13073
10457 13008
10458 13057
10461 13226
10465 13176
10468 13079
10473 13189
10476 13099
10478 13099
10479 13203
10480 13182
10486 13003
10487 13049
10489 13039
10493 13117
10494 13111
10496 13088
10500 13140
10504 13016
10506 13227
10510 13132
10512 13267
10521 13223
10525 12963
10526 13249
10530 13139
10534 13158
10538 13195
10543 13131
10544 13210
10549 13248
10553 13167
10555 13244
10557 13116
10558 13138
10565 13127
10568 13316
10571 13313
10572 13174
10574 13230
10585 13282
10586 13072
10594 13152
10602 13186
10609 13262
10613 13263
10613 13265
10621 13177
10622  4686
10623 13183
10626 13221
10629 13341
10632 13241
10633 13298
10635 13239
10640 13196
10641 13214
10646 13281
10647 13150
10649 13211
10655 13225
10656 13286
10663 13404
10666 13344
10667 13348
10671 13279
10675 13294
10688 13379
10694 13318
10712 13303
10715 13360
10721 13425
10725 13332
10730 13434
10732 13260
10733 13410
10735 13414
10741 13455
10751 13354
10752 13373
10755 13417
10757 13347
10758 13473
10760 13363
10768 13554
10770 13581
10773 13368
10775 13615
10781 13388
10783 13308
10784 13536
10786 13474
10793 13515
10796 13630
10797 13521
10799 13389
10803 13386
10807 13454
10809 13413
10812 13466
10813 13419
10820 13540
10823 13498
10824 13418
10825 13682
10834 13478
10838 13709
10840 13495
10841 13667
10843 13538
10844 13457
10851 13399
10853 13488
10855 13719
10857 13557
10858 13569
10859 13708
10861 13731
10862 13539
10866 13727
10868 13548
10873 13524
10874 13486
10879 13753
10880 13647
10883 13535
10885 13526
10887 13583
10891 13763
10892 13744
10895 13512
10897 13559
10905 13621
10912 13632
10914 13767
10917 13838
10920 13712
10922 13475
10923 13596
10927 13571
10929 13563
10932 13710
10933 13871
10935 13803
10941 13565
10942 13641
10943 13822
10949 13843
10953 13833
10956 13618
10959 13620
10960 13511
10964 13622
10967 13689
10969 13629
10970 13576
10980 13640
10981 13677
10983 13868
10984  9673
10985 13690
10986 13658
10987 13664
10996 13739
10998 13756
10999 13722
11000 13706
11002 13718
11003 13660
11005 13566
11005 13574
11006 13574
11015 13659
11018 13659
11019 13675
11020 13835
11022 13790
11023 13741
11025 13985
11026 13839
11027 13679
11028 13595
11030 13673
11032 13852
11034 13590
11038 13590
11040 13786
11041 13745
11042 13695
11043 13643
11045 13713
11051 13826
11052 14014
11053 13775
11054 13815
11060 13968
11066 13800
11068 13891
11070 13732
11073 13925
11074 13787
11075 13827
11076 13738
11077 13733
11078 13762
11084 13794
11086 13841
11087 13751
11088 13934
11091 13507
11094 13918
11106 13791
11107 13893
11110 13551
11111 13811
11112 13812
11117 14118
11126 13885
11127 13575
11135 13840
11139 13844
11142 13887
11153 13875
11156 13906
11158 13892
11161 13939
11165 13957
11166 13519
11168 14154
11169 13911
11173 13874
11176 13919
11182 13894
11188 14389
11191 13886
11192 13863
11197 13608
11198 13902
11202 13920
11206 13921
11208 13981
11209 14108
11217 13941
11219 20147
11221 13899
11224 13823
11227 13995
11230 14004
11236 13778
11239 14231
11241 13926
11246 14163
11247 13929
11250 13937
11255 14026
11256 14063
11258 13977
11271 14177
11272 14045
11273 14192
11279 13973
11287 13970
11289 14279
11295 13989
11297 13982
11298 14314
11308 14141
11309 14058
11313 13922
11327 14257
11332 13997
11335 14349
11340  8367
11341 14011
11349 13938
11371 14246
11373 14034
11375 14031
11377 14083
11382 14418
11388 14341
11399 14405
11401 14101
11408 14435
11412 14439
11420 14470
11421 14056
11423 14368
11451 14491
11458 14413
11459 14046
11479 14414
11489 14526
11494 14479
11499 14076
11507 17849
11508 14080
11511 14541
11512  9484
11545 15224
11554 14594
11577 14583
11582 14138
11585 14424
11605 13410
11610 14555
11611 17029
11628  4874
11629 15367
11642 15358
11659 15358
11669 14597
11686 15368
11716 14654
11721 15455
11738 14691
11794 14731
11820 15542
11822 14790
11850 14664
11854 14794
11894  8391
11899 14823
11916 14710
11926 15018
11959 14919
11973 15860
11981 14987
11992    44
12012 18820
12031 15152
12036 15918
12068 15187
12095  5334
12099 15214
12113 15182
12140 17919
12177 15574
12208  7546
12236 16042
12391  1986
12576  3998
12693 15948
12713 16659
12768 16580
12796  9330
12869 16843
12871 16822
12943 16057
12955 16969
12959 16079
12979 18419
13047 16206
13048 17039
13075 16953
13096 17954
13097 17929
13123 16348
13188 16415
13215 19209
13236  2041
13243 16622
13280 16989
13316 16460
13526 16924
13552 16784
13595  9344
13698 17859
13775 14577
13833 15046
13839 18076
13868 18107
13903 19559
13918 18169
13931 10436
13971 17318
14001 18262
14013 18262
14071 18392
14081 18400
14204 11148
14239  8978
14246 10814
14287 15246
14417  4346
14439 15628
14467 16734
14478 19259
14523  5676
14538 19189
14985 19237
15164 16856
15210 19105
15213 18336
15237 18384
15239 17193
15335  7752
15340 18418
15493 20153
15804 13657
15809 19785
15879  6470
16002  2744
16038 20107
16039  7055
16184 15075
16217 18420
16327 14912
16329 18169
16372  5946
16464  1365
16502 20135
16520 15574
16682  5223
16755  3243
16960 19935
16976 19634
17005 11501
17045 15693
17111 15848
17193 20297
17228 20297
17234 17529
17237 15644
17277 19304
17352 16371
17376  9293
17398 15175
17501 20297
17600  6654
17720 19346
17772  2304
17783  2304
17923 15368
17928  5744
18008 19523
18012 12357
18119   299
18371 18544
18479   785
18555 16332
18564 15246
18618  7237
18652 17216
18730 12767
19092 18330
19094  2792
19111 17712
19130  5311
19229 16628
19280 15791
19287  1893
19405 16731
19449 13241
19524 18776
19526 10732
19530  9431
19582 20245
19642  3415
19737  4233
19768 16958
19786   587
19807 15214
19852 19968
19863   642
19942  6891
19976 15286
20162 11497
20215 17927
20234 18722
20294 12025
20321 19196
20484 15246
20501 14364
20534 15514
20580 14950
20647  1116
20712 20241
20733 10732
20945  3634
20952  6695
20998 17892
21090 18884
21121 14193
21228 14435
21234  2428
21287 10711
21301  1866
21351 17034
21418 19435
21524 17122
21533   628
21573  4677
21603 15929
21755 19989
21792  3981
21876 17781
21880 16719
22236 15604
22237   245
22261 10727
22400 15294
22407 14763
22457 19338
22465 12166
22491 10171
22498 18602
22584 18545
22609  2410
22798 16777
22827 17263
22868  3318
22892 19508
23011 16705
23236  3497
23289 14701
23353 16187
23375 17079
23432 16731
23470 18731
23476 20285
23500 18602
23503 19455
23577 18665
23591 18165
23620 17822
23656 16580
23702 14718
23703 15224
24008 15164
24073 14417
24167  6317
24177 10171
24283  5217
24322 18888
24332 19190
24335  6031
24356 16183
24362  4810
24390 18522
24425 16580
24427 18054
24443 15855
24467 13981
24502  6545
24523 13901
24739 16649
24749 11993
24757 19508
24778 17350
24827 15125
24835 20143
24865 15766
24881 10669
24998 19585
25198 13477
25210 16901
25232 19579
25283 14936
25323  9536
25457 14485
25465 19309
25503  8158
25532 13095
25747 16924
25756 13260
25765 16853
25808 18572
25927  1548
25942  8689
25980  3206
25996 12406
26128 13074
26173 18317
26186    29
26198 15637
26276 20294
