    8 30404
   18 30487
   19    12
   21  6807
   25 30349
   31 30493
   35     0
   49     8
   51     8
   83  6306
  113 26182
  116  5091
  154 27937
  164  4790
  319  2983
  341 24930
  463  4681
  527 25724
  560  8452
  591 18398
  653 16222
  657 10623
  692 29966
  717 26659
  724  7298
  729  5422
  953  9963
  975 24275
  985  8057
  986  3956
 1001   875
 1013 15858
 1036  9618
 1113  7866
 1125 13132
 1130 28019
 1171  1945
 1255 30422
 1287 24324
 1289 30501
 1302  1211
 1378 10125
 1436  8162
 1505 15056
 1561  4340
 1571 24179
 1582  8757
 1588 16831
 1606 23023
 1608 23023
 1658 16202
 1710  2389
 1729  9734
 1730 10071
 1773 29915
 1777  8252
 1916 15307
 1958 22803
 1994  3734
 2039  3841
 2054 25702
 2217 22709
 2336 25443
 2368 28459
 2419  1084
 2475  1163
 2555  9664
 2570  2581
 2599 24412
 2608 12870
 2616  5699
 2754  3185
 2854  3468
 2865  2829
 2866  3519
 2882  2460
 2903  7261
 2918 20946
 2941 25394
 2949  3135
 2956  3683
 2995  3234
 3028  3934
 3029  1910
 3033  4018
 3060  4128
 3066  4134
 3071  4027
 3076  3483
 3077  4158
 3117  4327
 3125  4341
 3135  3585
 3153  4410
 3158  3541
 3195  4580
 3202  1910
 3218  8978
 3250 10868
 3264  4208
 3280  4935
 3297  4278
 3326  5084
 3334  4866
 3359 16831
 3421  3734
 3425  3561
 3428  4743
 3589  8491
 3635 19324
 3648  7047
 3775  8919
 3863  6863
 3913  6826
 4005 25618
 4117  9379
 4117  9487
 4256  5450
 4276  5534
 4279  5524
 4280  5530
 4283  5573
 4287  5575
 4291  5591
 4316  5663
 4317  5673
 4321  5680
 4346  4447
 4349  5758
 4351  5758
 4354  5775
 4357  5770
 4358  5298
 4362  5771
 4509 16508
 4657 29835
 4669  4440
 4671 27215
 4719  6088
 4749  1915
 4756  6050
 4770  7497
 4796  5604
 4834 19322
 4871 17690
 4889  9819
 4891 25833
 4895  5857
 4904 14605
 4920  5899
 4937 29175
 4960  8505
 4984  6508
 5016  8622
 5025  6590
 5026  6596
 5047  9280
 5057  6638
 5063  6607
 5073  6671
 5086  5698
 5088  6689
 5092  5698
 5097  5698
 5101  6709
 5102  6697
 5126  6745
 5152  6696
 5184  5423
 5186  6799
 5206  6813
 5210  6770
 5214  6763
 5226  6831
 5241  7977
 5242 30450
 5248  6840
 5268  6800
 5298  6399
 5301  6589
 5312 29113
 5327  1464
 5347  6719
 5370  6678
 5386  6743
 5400  6679
 5405 30415
 5430  6772
 5498 27303
 5576  5721
 5579 16028
 5715  6943
 5791  7610
 5853  9375
 5856 12028
 5869  7285
 5909  8665
 5910  7045
 5937  7782
 5949  7155
 5950  7811
 5977  6858
 6022  7962
 6027  7156
 6036  7981
 6070  7977
 6079  6013
 6122  7135
 6130  1307
 6131  7836
 6167  7501
 6210 12814
 6211  8099
 6237  8114
 6284  7614
 6299  8239
 6300  7949
 6355 13214
 6364  1261
 6381  7742
 6406  6989
 6409  8263
 6446  8053
 6461  8055
 6494  6088
 6535  7882
 6543  7866
 6546  7766
 6585  8421
 6596 30418
 6597  7882
 6627  8463
 6651  8008
 6722 22137
 6771  7706
 6793  7841
 6849  7817
 6862  7817
 6879  2531
 6890  8452
 6923 10259
 6934 19468
 6943  7646
 6947  7810
 6950 10345
 6963  8095
 6964  7810
 6989  8320
 6993  7982
 7068  8052
 7086  1262
 7132  1261
 7148  7191
 7166  8930
 7200  8951
 7248  9027
 7260 29017
 7265  1964
 7281  9048
 7282  9035
 7315  9063
 7316  9009
 7336  9080
 7355  9096
 7378  9067
 7383  9105
 7406  9137
 7407  9111
 7412  8989
 7433  9139
 7446  9111
 7481  9011
 7483  4847
 7491  9167
 7495 27044
 7554  9211
 7587  9168
 7595  9231
 7608  9265
 7642  9272
 7647 28744
 7652  9294
 7668  9277
 7684  9261
 7699  9348
 7706  9370
 7733  9386
 7768  9393
 7804  8688
 7832 14000
 7859  8498
 7862  9430
 7864  4421
 7979  9286
 8068  9287
 8123 15810
 8151 30208
 8158  9399
 8320  9495
 8323  9520
 8326  9473
 8355  9487
 8358  7297
 8421  9543
 8483 10280
 8490  9617
 8493   232
 8498  9623
 8509 10291
 8517  5658
 8555 18738
 8623 10341
 8669  9743
 8672 10377
 8700  1704
 8802 10433
 8808 19834
 8824 10122
 8836 25495
 9020 10504
 9041 10413
 9050 10411
 9115  7613
 9129 10374
 9135 30390
 9155  5607
 9230 10524
 9284  1426
 9306 10628
 9320 20658
 9334 10470
 9456 10897
 9463 10892
 9495  2157
 9531 10610
 9535 10820
 9540 10884
 9549 10556
 9553 10937
 9652 10573
 9662 28405
 9675 10591
 9676 10579
 9684 10573
 9686 10604
 9759 10682
 9774 10640
 9778 21262
 9865 10678
 9954 11534
10013 11062
10090 10869
10170 10962
10174 11245
10176 10087
10180 11245
10250 25524
10300    13
10313 11111
10319   870
10377  6598
10388 26888
10397 20043
10428 11222
10616  7055
10705 11831
10716 10064
10924 25942
10944  8014
10974 15810
11061 22456
11155  9356
11244  9367
11337   221
11340 15866
11384  4866
11386 30099
11388  5526
11389   575
11458  1598
11490  1919
11520  5958
11528 29242
11562 29017
11707  9648
11709  9625
11722 12836
11816  9970
11831  9714
11833   383
11904 10125
11928  9892
11947  6350
11955 24275
11961 21015
11988 30498
12003  4909
12022  6325
12031    11
12094     8
12094 18863
12100 28362
12126 13451
12142  9364
12161  9364
12170 19381
12236     9
12252  6653
12280 10122
12333 22685
12408 10682
12412  5513
12424 29584
12611  1266
12640 17735
12711  1262
12773  8269
12802  9914
12817 25942
12846 10037
12867 15866
12874 21418
12903  3169
12944 26135
12947 20564
12978 19116
13054 22803
13085  7300
13086  9390
13184 28535
13212  6948
13267 29959
13300  2017
13335 16193
13363  7129
13368 28846
13390 20760
13427 30500
13511 12593
13515   734
13516 24898
13523  7621
13586  5256
13617  5589
13628 20660
13629  2018
13734 12930
13761 22807
13838 25465
13847  9398
13952  6385
14013  7142
14027 30490
14092 10473
14104 18874
14115 26488
14130  8563
14181  4946
14198  9398
14382   741
14383 21068
14557 23857
14558  7132
14641  2456
14701 25127
14711  2759
14760 18540
14781  9553
14803  6941
14808 25127
14854 25127
14881 26765
14888 18585
14905 25127
15018  5436
15130  5698
15130  9278
15133 14861
15185  2984
15186    51
15195 19432
15200 24391
15315  1598
15318 28724
15326  4557
15460  4847
15501 22807
15756 26828
16028 24028
16262  5315
16275  1751
16312  3031
16406 14422
16434 15013
16454 19081
16466 15307
16470  8551
16490  1948
16508 14272
16534 30418
16546 15524
16576  8593
16675  7080
16695  6227
16705  4870
16800  4682
17023  8998
17051 19315
17111  1541
17345  6655
17439 17869
17448 30125
17633  8299
17726  8398
17902 22326
17920 10320
18031    51
18143 24597
18189 27675
18206 28464
18235 27483
18279 28176
18280 21624
18313 30366
18326  2080
