   18 11810
   19     5
   21     2
   33 18555
   38  6687
   52   998
  176  2500
  203 13369
  259  6213
  292    92
  332 10721
  413 10500
  427 10141
  458 10432
  476   472
  506 23525
  509 18557
  514 13179
  538  7427
  656 10500
  755  1881
  785  9605
  863  6258
  910 17743
  953 25569
  987  4061
 1032 11659
 1113  8505
 1224   491
 1246  7870
 1310 26301
 1322 18716
 1402 15265
 1475 10886
 1505 18716
 1540    13
 1561  3783
 1570 10090
 1656 24711
 1747 14481
 1762 26343
 1777  3783
 1800  6157
 1820 15265
 1861  9364
 1881 16551
 1941  5466
 2015  8840
 2167 21275
 2230 12176
 2306 10545
 2339  5851
 2361   346
 2363  1486
 2423  9024
 2465  6970
 2497  5971
 2498   528
 2509 12245
 2514   558
 2534 10690
 2542 26379
 2569 17023
 2570  1868
 2649 11812
 2675 13424
 2705   993
 2745  3259
 2782 26766
 2805 13510
 2806 22993
 2841 24674
 2854  2835
 2865  2311
 2896  2619
 2906  9532
 2915  1732
 2929   935
 2949  2601
 2956  3081
 2966  1168
 2980  2667
 3022  3392
 3033  3439
 3060  3567
 3066  3576
 3070  3591
 3071  3474
 3100    79
 3125  3809
 3153  3906
 3188  2227
 3195  4031
 3264  3797
 3267  3699
 3280  4569
 3297  3919
 3327 20456
 3334  4566
 3352  4834
 3377  4893
 3401  7986
 3408 27185
 3424  4659
 3428  4496
 3614  8080
 3704 19827
 3786 18768
 3910 10476
 3968  2108
 3972   500
 3975  6363
 4064  9584
 4072 11143
 4087 21123
 4204  5418
 4208  4963
 4209  4956
 4224  4984
 4230  5498
 4232  5500
 4276  5675
 4279  5666
 4291  5776
 4308  5834
 4344  5880
 4354  5922
 4355  5913
 4362  5920
 4365  5946
 4372  5958
 4393  5543
 4510 26134
 4511  9328
 4666 24186
 4695 10227
 4701 10432
 4719  6380
 4760  5826
 4796  5903
 4806  5873
 4815  6073
 4920  6181
 4934  4538
 4984  6710
 4985 10586
 4987  6719
 4990 10584
 4997  8367
 5002  6784
 5010  6806
 5025  6838
 5026  6845
 5028  6849
 5047 10499
 5057  6906
 5068  6923
 5071  6868
 5074  7004
 5077  4331
 5078 17023
 5086  4331
 5088  6968
 5089  6968
 5094 13839
 5101  6987
 5102  6983
 5104  6957
 5114  8979
 5122  6704
 5126  7030
 5151  7037
 5156  7015
 5186  7087
 5206  7102
 5210  7072
 5214  7065
 5225  8489
 5230 10058
 5235  6833
 5241  7118
 5248  7142
 5281  7154
 5301  6943
 5305  7237
 5321  9232
 5330  7259
 5334  7289
 5357  7035
 5434  5423
 5475   108
 5509  7476
 5528 12489
 5569  7604
 5633 12077
 5653  9389
 5795  6247
 5802  6858
 5854  8172
 5855 16843
 5858  7385
 5861  7475
 5928  8215
 5942 24073
 5949  7650
 5950  8279
 5999  5048
 6004  7490
 6049  8557
 6058  6287
 6067  8210
 6068   510
 6070  8531
 6080  9742
 6088  8606
 6124  9699
 6167  8067
 6176 10982
 6185  7932
 6211  8769
 6237  8796
 6258  8403
 6284  8213
 6299  8951
 6300  8584
 6347  8649
 6351 11244
 6352  8869
 6355 19448
 6370  8693
 6381  8338
 6382  8335
 6386  8887
 6387 10728
 6424  8459
 6432  8868
 6446  8756
 6494  6380
 6527  8914
 6535  8513
 6543  8505
 6546  8454
 6552  9203
 6557  8548
 6560  8528
 6572   536
 6595  9336
 6617 17083
 6627  9277
 6651  7982
 6657 11926
 6658 22290
 6697  3496
 6698  8281
 6747  7561
 6761 11393
 6771  8467
 6798  8834
 6804  8514
 6814  8834
 6828  8368
 6849  8633
 6862  8633
 6893  8678
 6917  9142
 6920  8160
 6921  9136
 6923 11102
 6944  8368
 6946  9104
 6947  8576
 6950  9795
 6959 25417
 6964  8576
 6964  8587
 6982  9739
 6989  9198
 6993  8813
 7003 11163
 7009  9463
 7021  8794
 7025  8632
 7031  9241
 7039 19697
 7064 12873
 7068  9296
 7090  9350
 7126  9151
 7148  8864
 7193 10017
 7202  9982
 7214  9432
 7231 11404
 7232  9998
 7233 10047
 7236 10055
 7246 10032
 7254 10020
 7261  8167
 7274 10098
 7282 10089
 7316 10054
 7317 10137
 7324 10085
 7335 10058
 7355 10168
 7357 10169
 7358 10169
 7368 10185
 7381 10212
 7387 10205
 7406 10229
 7407 10202
 7412 10059
 7433 10238
 7446 10202
 7462 10255
 7470 10264
 7481 10090
 7489 10222
 7491 10272
 7518 10133
 7521 10306
 7554 10334
 7560 10352
 7587 10303
 7589  9524
 7595 10372
 7598 10365
 7607  9557
 7608 10398
 7633 10397
 7642 10411
 7643 10227
 7644 10392
 7652 10424
 7655 10369
 7662 10454
 7684 10441
 7699 10501
 7733 10552
 7747 10574
 7758 10585
 7760 10593
 7762 10588
 7768 10591
 7791 10622
 7827 27604
 7862 10657
 7869 12176
 7881 10661
 7886 11413
 7936 10711
 7958 10725
 8013 10745
 8028  4338
 8034 10212
 8068  6600
 8114  6578
 8133  1017
 8134   277
 8136 13861
 8148  6488
 8163 14908
 8194 10644
 8215 10684
 8231 10660
 8246 10651
 8251 10755
 8261 10733
 8302   167
 8314 10800
 8320 10810
 8323 10813
 8326 10766
 8327 10780
 8333 10766
 8355 10799
 8360 10895
 8365  9155
 8369 10825
 8387 10846
 8425 16969
 8427 26467
 8464 11516
 8483 11547
 8493 11555
 8494 11602
 8505   452
 8509 11594
 8547 11619
 8580 22471
 8583 11676
 8586  6605
 8596 11695
 8604 25643
 8615 11702
 8621 11711
 8623 11707
 8657 11734
 8672 11740
 8714 11746
 8726 21002
 8892 11825
 8905 11667
 8908 11667
 8951 19480
 9020 11879
 9050 11806
 9070  2357
 9138 11878
 9166 11962
 9168 11611
 9190 11642
 9230 11931
 9306 12064
 9325 12049
 9347  4430
 9398 26028
 9444 12122
 9452 11957
 9453 12043
 9456 12187
 9460 12145
 9462 10755
 9463 12184
 9482 11970
 9483 12139
 9487 12146
 9518 11978
 9525 11988
 9530 11990
 9535 12172
 9540 12190
 9549 12001
 9553 12211
 9561 12256
 9564 12000
 9574 11993
 9579 11993
 9592 12124
 9596 12015
 9611 12080
 9615 12040
 9650 12055
 9658 12063
 9670 12056
 9675 12067
 9676 12053
 9684 12060
 9686 12078
 9728 12103
 9759 12155
 9791 12396
 9796 12215
 9797 12130
 9830 12143
 9865 12161
 9870 12165
 9958 20899
 9969 12208
10013 12450
10077 12288
10090 12287
10174 12650
10305 12517
10313 12524
10416 12663
10428 12688
10451 13071
10464 24104
10509 12809
10519  9075
10532 12809
10536 25101
10540  8522
10540 19538
10691 23884
10704 13819
10778 16655
10816 13242
10826 14232
10829 14127
10892 16761
10920 17332
10924  4807
10954 27751
10997 26684
11204 15823
11209 11739
11249 10709
11512   285
11536   291
11536 17571
11635  7413
11652  4416
11702 11034
11707 11016
11757 11498
11771 11514
11796  4807
11798   755
11811 27172
11815 11100
11852  7013
11863 11056
11879 22453
11890 19135
11897  1535
11974 14491
11988    15
12003  4374
12011 18568
12026 14511
12076  7837
12091 27371
12113  7549
12119 22144
12160 22791
12179  1960
12252  6966
12266   915
12302 26584
12376 24569
12441 18568
12472  8992
12515 26651
12518 15444
12548  8454
12560  4374
12571  9009
12619  7722
12642  3420
12687   740
12708 24096
12740 26746
12750 10504
12765   915
12774 11623
12792 27716
12846 11601
12859 23139
12906 18931
12921 16652
12935 19825
12945 14450
12969 17360
13029 17294
13109  6016
13188 13585
13200 21102
13278  8612
13291  9479
13337  4520
13345 12888
13399  1718
13403 15265
13423 24096
13464 26661
13475 23873
13480 27247
13486 24429
13517 24002
13606  1414
13656 14576
13770 17783
13812 14651
13938 13196
13968  7214
14011 16047
14048 13231
14060 24899
14090 21318
14159  2502
14171 19871
14181   915
14200   915
14258 20742
14274 10992
14289 12197
14471 19773
14501  6551
14674  9184
14721  8862
14817  9345
14881 12386
14951 13151
14957  8421
14984 25628
14985 24655
15041  6562
15130  4406
15136 21041
15195 19135
15253 17859
15254  1889
15265 14491
15395  9150
15407  5011
15527 11240
15577 16861
15601 26879
15623 19863
15669 19822
15673 21545
15702 15822
15719 16215
15782  5834
16005 11082
16195 24096
16273 14789
16628 11555
16652 25255
16677  3302
17160 25063
17312 11460
17345  6962
17384 22962
17391 22325
17504  5902
17504 14396
17591  7465
17666  7910
17703 26621
17774 18403
17795 21927
17812 20734
17837 23729
17867 22929
18069 19121
18274 27690
18304 18525
18324 21078
18327     6
18330     7
18336 27740
