    1     0
   14  2842
   21 16207
   24    16
   25 18724
   26    16
   27 17620
   34    22
   36  2866
   40    45
   45  2885
   49    46
   50  2886
   56    61
   57  2903
   59 10137
   66  2912
   68  2928
   74  2918
   75  2921
   85  2940
   86  2935
   88  2944
   98  2955
  101  2959
  102  3033
  105  3035
  106  2967
  110  2985
  112  2977
  115  2968
  118  2981
  118  3585
  119  2982
  123  2998
  127  3003
  131  3006
  135  3087
  137  3096
  138  3016
  142  3054
  152  3015
  155  3011
  159  3083
  165  3029
  166  3090
  172  3046
  178  3043
  180  3050
  185  3051
  190  3139
  192  3048
  197  3111
  201  3073
  202  3156
  203  3175
  204  3181
  206  3162
  207  3181
  217  3098
  223  3088
  224  3105
  225  3223
  227  4688
  228  3217
  235  3211
  237  3123
  238  3211
  239  3134
  249  3148
  250  3148
  257  3222
  260  3146
  265  3144
  269  3234
  270  3133
  274  3154
  276  3163
  277 13262
  280  3170
  281  5033
  288  5982
  292  3176
  293  3157
  293  3782
  294  3303
  299  3184
  304  3191
  308  3192
  314  3325
  315  3203
  317  3194
  320  6481
  321  3198
  332  2837
  339  3239
  347  3264
  349  3393
  351  3362
  353  3258
  357  3268
  358  3253
  361  3279
  364  3286
  366  3262
  376  3292
  377  2912
  379  3387
  386  3297
  388   419
  394  3312
  398  3400
  401  3400
  402 10137
  405  3319
  409  3439
  412  3327
  413  3357
  414  3441
  417  3088
  418  3446
  421  3443
  424  3447
  430  3341
  431  3365
  439  3354
  440  3492
  442  3477
  445  3351
  452  3373
  453  3352
  458  3386
  461  3421
  466  3374
  472  3404
  474  3379
  475  3377
  484 10216
  485  3437
  487  3428
  489  3408
  497  3425
  504  3554
  505  3540
  509  3555
  514  3468
  516  3442
  519  3572
  524  3457
  527  3478
  533  3463
  535  3537
  538  3591
  550  3453
  553  3475
  556  3504
  557  2771
  560  3488
  567  3603
  568  3501
  569  3521
  576  3508
  577  3512
  581  3629
  583  3628
  585  7438
  591  3518
  592  3531
  593  3578
  599  3581
  602  3551
  603  3549
  607  3556
  612  3574
  614  3568
  615  3646
  617  3567
  621  3666
  625  2048
  627  3692
  628  3585
  635  3627
  637  3587
  650  3644
  657  8211
  662  3609
  668  3630
  669  3634
  671  3700
  673  5438
  675  3643
  681  3700
  692  3688
  697  3671
  702  3677
  704  3685
  717  2912
  719  3722
  724  3739
  734  3667
  740 18359
  746  3702
  748  2941
  762  2621
  781  3752
  782  3834
  786   290
  789  4403
  791  3767
  793  3775
  794  3783
  795  3776
  796  3774
  801  3869
  803  3786
  807  3377
  808  3947
  810  3805
  827  3744
  832  3854
  833  3830
  844  3818
  848  3820
  852  2708
  856  3849
  859  3799
  861  3864
  863  3851
  868  3784
  874  3924
  876  3861
  877  3924
  879  3917
  880  3836
  882  3795
  883  3838
  888  3927
  891  3879
  895  3946
  896  3807
  897  3867
  900  3863
  905  3881
  909  3809
  911  3804
  914  3947
  915  3886
  919  3884
  927  4520
  929  3821
  935  3903
  938  2644
  953 11589
  954  3981
  956  3974
  961  3845
  964  3862
  965  3915
  975  3994
  988  3944
  989  4019
  998  3964
 1000  4524
 1001  3980
 1006  4019
 1009  3878
 1019  4524
 1020  3952
 1022  4040
 1028  3889
 1037  3995
 1042  3971
 1047  2704
 1051  4051
 1061  4000
 1063  2712
 1070  4059
 1072  4036
 1073  4027
 1074  4012
 1078  4064
 1080  4022
 1083  3891
 1084  4037
 1091  3973
 1096  4026
 1098  4031
 1101  4491
 1104  4020
 1106  3923
 1107  4020
 1108  4015
 1120  4068
 1121  4067
 1129  4102
 1135  4060
 1141 15966
 1142  4115
 1159  4110
 1166  4039
 1168  4116
 1179  6269
 1182  4131
 1183  4101
 1185  4108
 1187  4091
 1196  4092
 1197  4153
 1198  4097
 1204  4119
 1216  4142
 1219  1634
 1232  4158
 1235  4019
 1240  4156
 1242  4186
 1243  4152
 1249  4148
 1250  3991
 1252  4161
 1256  4014
 1267  4159
 1275  4176
 1291  4546
 1294  4232
 1298  4242
 1309  3514
 1314  4221
 1326  4269
 1347  4236
 1349  4281
 1353  4249
 1360  4244
 1388  4345
 1397  4286
 1416  4340
 1420  4339
 1428  4321
 1429  4084
 1452  4340
 1461  4335
 1467  4123
 1478  4331
 1485  4349
 1486  4263
 1491  8073
 1500  4294
 1526  4374
 1529  4309
 1531  4071
 1532  4404
 1536  4361
 1550  4314
 1567  4433
 1585  4359
 1597  4391
 1602  4481
 1608   998
 1623  4423
 1625  4507
 1639  4081
 1640  4507
 1650  4185
 1651  4071
 1667  4507
 1671  4418
 1684  8035
 1685  5941
 1687  4546
 1720  4520
 1730 12363
 1742  4496
 1754  4391
 1762  4403
 1763  4445
 1770  3873
 1778  4483
 1790  4524
 1802  4573
 1806  4448
 1810  4460
 1812  4520
 1822  4637
 1847  4704
 1849  4681
 1852  4718
 1863  4661
 1897  4614
 1899   728
 1900  4653
 1919  4583
 1919  4617
 1924  4731
 1928  8211
 1939  4634
 1945  4734
 1952  4679
 1969  4586
 1971  4761
 1975  4724
 1981 12399
 1989  4740
 1992  4744
 1996  4750
 1997  4755
 2001  4753
 2005  3142
 2025  4784
 2027  4798
 2032  4792
 2035  4808
 2037  4814
 2043  4793
 2044  4804
 2046  4793
 2052  4806
 2058  4820
 2064  4822
 2066  4837
 2073  4845
 2075  4841
 2077  4834
 2082  4844
 2083  4839
 2089  4850
 2092  4856
 2093  4857
 2096  4909
 2097  4860
 2099  4864
 2100  4875
 2101  4868
 2105  4869
 2107  4871
 2108  1346
 2109  4881
 2115  4925
 2116  4890
 2119  4899
 2121  4894
 2130  4888
 2138  4896
 2139  4908
 2140  4914
 2142  4916
 2144  4895
 2147  4911
 2148  4917
 2152  4934
 2154  4936
 2157  4946
 2162  4937
 2163  4948
 2166  4945
 2173  4947
 2183  4981
 2185  3371
 2187  4965
 2188  4961
 2192  4958
 2196  6577
 2200  4963
 2208  4974
 2210  4988
 2212  5005
 2213  5012
 2214  4971
 2215  4983
 2218  4986
 2221  3473
 2223  5004
 2226  5037
 2230  5035
 2231  5047
 2234  5009
 2235  5033
 2236  4989
 2239  5025
 2245  5063
 2247  5122
 2250  5006
 2252  5062
 2254  5008
 2258  5041
 2260  5052
 2262  5022
 2264  5043
 2266  5030
 2269  5044
 2271   452
 2272  5091
 2273  5089
 2275  5101
 2277  5048
 2277  5113
 2278  5093
 2280  5099
 2282  5038
 2283  5048
 2287  5055
 2293  5112
 2294  5073
 2297  5129
 2304  5124
 2306  5108
 2307  5077
 2309  5138
 2310  9225
 2315  5083
 2317  5114
 2322  5130
 2324  5485
 2325  5095
 2326  5153
 2328  5131
 2331  5121
 2332   689
 2334  5145
 2335  5188
 2336  5147
 2339  5140
 2343  5122
 2344  5160
 2348  5172
 2355  5192
 2362  5185
 2364  2553
 2367  7738
 2368  5125
 2373  5267
 2376  5150
 2383  7654
 2392 11643
 2393  1530
 2398  5233
 2406  5221
 2407  5221
 2408  5147
 2416  5254
 2417  5271
 2419  5238
 2423  5228
 2426  5222
 2427  5231
 2439  4873
 2439 12399
 2441  5250
 2447  5269
 2454  5285
 2455  5263
 2464  5316
 2473  5291
 2475  5322
 2476  5327
 2477  5274
 2479  5315
 2484  5320
 2496  1875
 2498  5353
 2509  5325
 2509 11819
 2511  5337
 2512  7759
 2512 11819
 2516  3028
 2518  5331
 2519  5351
 2524  5341
 2527  5345
 2528  5397
 2529  5404
 2536  5363
 2543  5368
 2551  5092
 2554  4217
 2566  5380
 2570  5390
 2584  5459
 2590  5448
 2591  5418
 2594  5415
 2601  5472
 2616  5264
 2620  5469
 2625  5453
 2634  5434
 2635  5527
 2637  5450
 2659  5533
 2665  5466
 2671  5516
 2675  5505
 2677  5507
 2678 10268
 2683  5528
 2692 16777
 2693  5564
 2695  5566
 2696  5538
 2698  5564
 2699  5516
 2715  5558
 2716  5521
 2725  5591
 2726  7694
 2743  5605
 2744  5559
 2751  5603
 2755  5605
 2757  5569
 2762  2495
 2764  5584
 2765  5592
 2778  5679
 2786  5650
 2790  5596
 2791 12755
 2792 12755
 2798 12516
 2800  5615
 2806  5675
 2807  5627
 2811 18503
 2816 18503
 2824 18503
 2829  5683
 2830  5682
 2830  5683
 2832  5726
 2834  5726
 2835  5419
 2842  5705
 2847  5704
 2854  5667
 2864  5727
 2871  5725
 2882  5739
 2890  5724
 2896  5699
 2903  5740
 2908  5770
 2917  5736
 2919  5360
 2922  5731
 2929  5742
 2931  5754
 2932  5788
 2936  5749
 2937  5766
 2951  5758
 2956  5767
 2958  5796
 2959  5800
 2965  5815
 2968  5802
 2980  5808
 2987  5793
 2991  5805
 2993  5802
 2997  5799
 3003  5835
 3004  5807
 3009  2514
 3009  5817
 3011  5811
 3013  5818
 3019  5846
 3025  5467
 3026   195
 3027  5826
 3029  5830
 3036  5856
 3048  5833
 3050  5868
 3051  5879
 3052  5857
 3058  5888
 3060  5858
 3064  5865
 3066  5870
 3067  5874
 3070  5877
 3073  5878
 3075  5893
 3102  5921
 3105  5932
 3117  5915
 3125  5923
 3141  5946
 3144  5962
 3148  5960
 3149  5961
 3153  5959
 3154  5970
 3157  5987
 3162  5959
 3169  5973
 3177  5980
 3182  5990
 3199  6009
 3229  6025
 3231  6023
 3232  6036
 3264  6065
 3267  6064
 3275  6080
 3280  6075
 3284  6087
 3288  6100
 3293  6093
 3297  6107
 3303  6072
 3305  6119
 3308  6111
 3321  6116
 3325  6118
 3327  6114
 3328  6122
 3332  6130
 3335  6139
 3340  6135
 3344  6140
 3351  6148
 3352  6145
 3355  6142
 3365  6162
 3369  6153
 3370  5820
 3371  6171
 3376  6177
 3377  6164
 3378  6167
 3379  5989
 3380  6175
 3391  5647
 3397  6191
 3398  6186
 3400  6200
 3404  6192
 3417  6188
 3428  6216
 3430  6207
 3435  6215
 3439  6234
 3440  6230
 3442  6233
 3452  6224
 3456  6257
 3458  6246
 3463  6239
 3464  6235
 3467  6259
 3469  6267
 3472  5947
 3473  6290
 3478  6292
 3480  6279
 3484  6245
 3485  6254
 3486  6283
 3487  6293
 3490  6291
 3499  6305
 3504  6325
 3511  6329
 3517  6295
 3520  6319
 3521  6334
 3534  6303
 3538  6324
 3544  6330
 3549  6306
 3550  6368
 3551  6354
 3553  6374
 3565  6406
 3573  6391
 3574  6371
 3575  6387
 3579  6433
 3581  6365
 3590  6389
 3595  6419
 3596  6465
 3600  6488
 3608  6479
 3611  6493
 3614  6403
 3616  6491
 3617  6510
 3623  6518
 3627  6524
 3631  6446
 3633  6385
 3639  6393
 3643  6519
 3646  6536
 3649  6497
 3650  6476
 3654  6531
 3660  6530
 3663  6554
 3669  6496
 3670  6538
 3674  6545
 3675  6570
 3676  6451
 3678  6456
 3679  6549
 3687  6569
 3690  6481
 3691  4952
 3693  6602
 3697  6584
 3703  6506
 3706  6594
 3708  6608
 3715  6476
 3716  6605
 3719  6600
 3723  6543
 3726  6649
 3732  6560
 3740  6623
 3746  6647
 3748  6663
 3749  6657
 3757  6658
 3761  6665
 3764  6697
 3766  6646
 3768  5904
 3769  6709
 3771  7027
 3772  2170
 3774  6696
 3782  6725
 3788  6716
 3790  6704
 3794  6715
 3795  6733
 3806  6692
 3822  6416
 3825  6758
 3839  6759
 3844  6766
 3854  6718
 3856  5375
 3864  6667
 3870  6772
 3874  6788
 3876  6775
 3880  6816
 3887 17359
 3897  6781
 3901  6674
 3906  7881
 3907  6824
 3926  6849
 3936  6054
 3946  6805
 3955  6825
 3956  6870
 3966  6868
 3967  6872
 3978  6886
 3985  5622
 3990  6236
 4001  6911
 4006  6903
 4019  6928
 4031  6901
 4033  6926
 4034  6929
 4041  6939
 4051  6945
 4054  6924
 4055  6953
 4063  6958
 4069  6909
 4072  6913
 4080  5706
 4083  6982
 4087  6973
 4099  6943
 4102  6991
 4103   316
 4104  6627
 4108  6979
 4118  6957
 4122  7024
 4129  6949
 4135  6915
 4163  7063
 4167  7065
 4171  4943
 4180  7087
 4192  7093
 4194  7090
 4195  6942
 4200  7058
 4201  7098
 4203  7101
 4208  7123
 4209  7120
 4212  7121
 4215  7106
 4216  7107
 4227  7058
 4231  7002
 4232  7149
 4241  7144
 4248  7171
 4251  7157
 4254  7166
 4259  7182
 4273  7195
 4275  7206
 4276  7213
 4277  7196
 4278  7125
 4280  7207
 4282  7221
 4287  7235
 4291  7238
 4293  7208
 4302  7261
 4305  7269
 4308  7270
 4310  7272
 4315  7281
 4316  7292
 4317  7289
 4319  7320
 4321  7312
 4329  7306
 4330  7245
 4335  7291
 4340  7305
 4345  7317
 4349  7346
 4352  7339
 4354  7357
 4355  7351
 4356  7337
 4359  6151
 4361  7314
 4362  7361
 4364  6700
 4365  7367
 4372  7388
 4373  7380
 4377  7395
 4380  7373
 4381  7401
 4382  7400
 4383  7381
 4385  7375
 4388  7378
 4389  7385
 4391  7389
 4392  7387
 4393  7341
 4395  7411
 4396  7384
 4398  7422
 4400  7415
 4403  7405
 4405  7432
 4406  7424
 4414  7448
 4415  7446
 4417  7442
 4420  7429
 4421  7407
 4423  7444
 4424  7453
 4428 18726
 4432  7451
 4435  7490
 4436  7452
 4442  7441
 4443  7459
 4445  7369
 4448  7470
 4452  7457
 4453  7467
 4459  7504
 4460  7464
 4461  7477
 4465  7461
 4467  7463
 4469  7473
 4471  7466
 4472  7502
 4474  7528
 4478  7492
 4479  7488
 4481  7431
 4485  7575
 4486  7548
 4487  7484
 4490  7543
 4497  7481
 4499  7518
 4506  7585
 4508  7529
 4512  7586
 4513  7554
 4515  7524
 4521  7522
 4522  7619
 4524  7605
 4525  7533
 4527  7530
 4531  7520
 4532  6335
 4534  7583
 4535  7599
 4536  7534
 4538  7609
 4539  7662
 4541  7608
 4544  7602
 4550  7507
 4554  7541
 4555  7660
 4564  5106
 4565  6597
 4572  7693
 4573  7614
 4577  7621
 4578  7555
 4579  7616
 4582  7682
 4584  7614
 4585  7721
 4587  7596
 4590  7730
 4591  7620
 4592  7637
 4596  7711
 4598  7678
 4599  7623
 4603  7629
 4604  7611
 4605  7643
 4611  7751
 4612  7633
 4613  7635
 4614  6417
 4617 16318
 4621  7628
 4623  7644
 4624  7647
 4626  7743
 4627  7690
 4631  7664
 4632  7755
 4634  7630
 4635  7726
 4638  7638
 4640  7636
 4646  7654
 4649  7676
 4652  7783
 4660  6934
 4661  7708
 4662  7677
 4667  7784
 4670  7694
 4672  7788
 4676  7720
 4677  7776
 4681  7772
 4682  7740
 4683  7707
 4684  7800
 4685  7720
 4691  7749
 4693  7541
 4703  7774
 4704  7808
 4705  7782
 4707  7702
 4709  7760
 4712  7699
 4715  7708
 4719  7802
 4724  7828
 4728  7767
 4734  7838
 4737  7773
 4742  8050
 4745  7805
 4756  7825
 4762  7724
 4764 16434
 4771  7826
 4773  7821
 4775  7819
 4776  7804
 4778  7732
 4788  7861
 4795  7869
 4796  7856
 4801  7847
 4807  7885
 4810  7894
 4814  7846
 4822  7878
 4833  7862
 4842 12130
 4846  7952
 4848  7929
 4862  7944
 4864  7907
 4865  7859
 4879  6974
 4881  7947
 4890  7986
 4891  7352
 4907  7912
 4912  7037
 4934  7917
 4937  7936
 4948  8059
 4952  7960
 4953  8057
 4956  7132
 4961  8105
 4963  7957
 4965  8065
 4966  7961
 4975  8070
 4976  7972
 4981  8086
 4982  7976
 4984  8084
 4987  8088
 4990  8085
 4991  8110
 4996  8610
 4997  7174
 5000  8080
 5002  8120
 5008  8134
 5012  7716
 5015  8125
 5016  8005
 5021  8129
 5025  8162
 5026  8164
 5028  8158
 5032  8196
 5035  8228
 5038  8117
 5046  8189
 5047  8030
 5049  7814
 5051  8165
 5055  8027
 5057  8248
 5059  8192
 5063  8036
 5068  8257
 5071  8047
 5073  8280
 5075  8259
 5077  8105
 5078  8128
 5081  8138
 5082  8114
 5086  8119
 5088  8297
 5089  8297
 5093  8212
 5101  8314
 5102  8310
 5104  8309
 5114  8082
 5121  8175
 5122  8171
 5123  8302
 5124  8183
 5126  8333
 5127  7845
 5130  8095
 5138  8090
 5140  8159
 5141  8098
 5149  8191
 5151  8102
 5152  8109
 5155  7041
 5174  8085
 5176  8258
 5180  8283
 5182  7974
 5185  8139
 5189  8312
 5193  8243
 5197  8247
 5199  8252
 5200  8240
 5201  7898
 5206  8413
 5207  8133
 5208  8380
 5210  8399
 5215  7097
 5219  7082
 5220  8337
 5222  8268
 5224  7114
 5235  8275
 5237  8289
 5238  8419
 5240  8305
 5241  8178
 5242  8306
 5247  8290
 5248  8447
 5249  8308
 5250  8316
 5253  7140
 5254  7135
 5256  8317
 5266  7161
 5268  8318
 5276  8335
 5277  8456
 5281  8467
 5282  7180
 5284  7178
 5285  8358
 5286  7185
 5301  8355
 5303  8357
 5305  8489
 5307  7198
 5309  8077
 5312  8356
 5313  7650
 5315  8386
 5317  8482
 5318  7526
 5319  8486
 5323  8329
 5328  8487
 5332  8406
 5333  8400
 5334  8513
 5340  8521
 5344  8418
 5346  8506
 5348  8524
 5349  8423
 5357  8438
 5358  8425
 5359  8428
 5365  8519
 5367  8531
 5370  8434
 5371  8429
 5377  7763
 5382  7267
 5384  8527
 5385  8522
 5390  8436
 5393  8445
 5394  8485
 5400  8442
 5401  8563
 5405  8537
 5406  8551
 5407  8458
 5408  8549
 5409  7293
 5411  8356
 5412  8453
 5414  8533
 5416  8505
 5418  8459
 5421  8431
 5422  8448
 5424  8441
 5428  8544
 5431  8465
 5432  8583
 5443  8565
 5445  8607
 5454  8624
 5457  8584
 5459  8572
 5462  8585
 5468  8464
 5477  8528
 5481  7836
 5482  8619
 5484  8603
 5485  8609
 5488  8652
 5490  8501
 5493  8621
 5498  8631
 5504  8642
 5509  8461
 5521  8517
 5524  8559
 5525  8543
 5526  8550
 5532  8534
 5536  8664
 5538  8365
 5539  8547
 5543  7890
 5544  8512
 5549  8555
 5553  2124
 5555  8589
 5556  8566
 5557  8686
 5558  8684
 5559  8569
 5563 13393
 5564  8573
 5565  8578
 5571  8606
 5573  8599
 5582  8637
 5584  8615
 5588  8770
 5589  7950
 5591  8644
 5592  8365
 5596  8751
 5608  8667
 5609  7966
 5610  7969
 5613  8929
 5614  8679
 5616  8836
 5618  8765
 5619  8769
 5622  8671
 5623  8776
 5625  7978
 5628  8781
 5629  8689
 5630  8690
 5631  8777
 5632  8293
 5633  8677
 5639  8833
 5641  8779
 5645  8701
 5646  8824
 5648  8874
 5649  8852
 5653  8785
 5656  8727
 5659  8879
 5664  8905
 5667  8921
 5670  8863
 5671  9001
 5672  8845
 5679  8747
 5681  8778
 5682  8901
 5683  9024
 5685  8945
 5690  8834
 5691  8828
 5692  8902
 5703  8823
 5704  8955
 5706  8910
 5709  8955
 5709  8957
 5711  8773
 5712  8749
 5713  8863
 5713  8888
 5716  8853
 5717 18274
 5719  8762
 5720  8831
 5721  8822
 5726  8909
 5728  8963
 5732  8924
 5733  8909
 5734  8840
 5735  8822
 5737  8850
 5738  8798
 5739  8913
 5742  8910
 5746  8847
 5747  8909
 5749  8820
 5758  8792
 5761  8825
 5762  8899
 5763  9013
 5764  8412
 5765  9023
 5771  8889
 5774  8961
 5777  8954
 5779  9091
 5780  8966
 5787  8931
 5788  8931
 5789  8920
 5794  9119
 5797  8934
 5799  8960
 5802  8860
 5806  9189
 5809  9053
 5810  8973
 5812  8976
 5814  8787
 5816  9048
 5819  9098
 5820  9047
 5822  8104
 5823  9089
 5825  9011
 5826  9236
 5833  9051
 5836  8721
 5839  9228
 5845  9078
 5846  8809
 5849  9031
 5850  8903
 5857  8917
 5858  9079
 5861  9030
 5865  8232
 5868  8983
 5869  1068
 5872  8948
 5875  8952
 5880  9328
 5886  8956
 5887  8967
 5889  9121
 5890  9260
 5891  9003
 5892  9345
 5894  9332
 5895  9345
 5897  9068
 5898  9352
 5899  8987
 5901  8998
 5904  8295
 5905  9386
 5908  8300
 5914  9008
 5917  9041
 5918  9393
 5919  9040
 5920  9046
 5925  9411
 5928  8979
 5935  9323
 5937  8993
 5939  8970
 5941  8990
 5942  9465
 5950  9015
 5951  9543
 5952  9286
 5953  9077
 5954  9491
 5957  8695
 5958  9147
 5965  9107
 5969  9058
 5971  9543
 5974  9120
 5975  9123
 5979  9178
 5983  9144
 5988  9126
 5992  9173
 6000  9216
 6003  9151
 6004  9156
 6005  9166
 6007  9149
 6013  9191
 6015  9175
 6017 12229
 6019  9182
 6021  9179
 6022  9105
 6024  9188
 6025  9158
 6027  9196
 6028  9192
 6030  9193
 6036  9204
 6039  9219
 6041  9222
 6042  9160
 6045  9237
 6047  9279
 6049  9163
 6051  9170
 6052  9291
 6055  9298
 6058  9269
 6069  9281
 6070  9206
 6071  1929
 6073  9275
 6078  9247
 6079  9220
 6080  9243
 6081  9339
 6087  9302
 6089  9305
 6091  9306
 6092  9313
 6100  9331
 6105  9287
 6106  9264
 6110  9342
 6112  9347
 6117  9384
 6121  9356
 6122  9356
 6131  9651
 6134  9364
 6136  9372
 6148  9442
 6152  9382
 6155  9398
 6162  9402
 6167  9521
 6170  3841
 6177  9407
 6182  9423
 6198  9447
 6203  9438
 6225  9482
 6227  5582
 6237  9400
 6239  9475
 6245  9559
 6247  9401
 6250  9493
 6257  9503
 6258 10937
 6259  9513
 6269  9571
 6272  9517
 6276  9456
 6277  9512
 6280  9540
 6283  9520
 6284  9612
 6285  9519
 6287  9539
 6291  9227
 6294  9531
 6296  9524
 6298  9436
 6299  9434
 6300  9585
 6305  9860
 6306  9549
 6307  9564
 6309  9565
 6312  9477
 6319  9569
 6320  9577
 6322  9472
 6323  9555
 6324  9550
 6330  9566
 6333  9500
 6338  9582
 6349  9507
 6352  9525
 6352  9546
 6354  9527
 6355  9545
 6357  8783
 6360  9592
 6361  9588
 6365  9610
 6367  3836
 6368  8448
 6370  9646
 6373  9601
 6374  9615
 6378  9629
 6381  9718
 6385  9628
 6386  9652
 6402  9649
 6403  9786
 6409  9591
 6411  9721
 6412  9661
 6413  9688
 6414  9654
 6416  9676
 6417 10216
 6424  9793
 6426  9687
 6429  9689
 6432  9713
 6433  9680
 6435  9698
 6442  9683
 6446  9707
 6451  9712
 6452  9829
 6455  9761
 6462  9696
 6466  9732
 6468  9731
 6479  9738
 6491  9759
 6495  9754
 6498  9748
 6502  9913
 6507  9784
 6508  9936
 6512  9756
 6515  9874
 6519  9799
 6521  9764
 6530  9778
 6531  9770
 6535  9946
 6540  9819
 6541  9803
 6543  9950
 6546 10062
 6547  9923
 6549  9818
 6550 10213
 6551  9808
 6552  9750
 6559  9949
 6560 10112
 6564   735
 6569  9858
 6571  9775
 6573  9958
 6574  9906
 6579  9867
 6580  9828
 6584  9857
 6585  9789
 6592  9864
 6594 18713
 6596 18713
 6597 10008
 6599  9879
 6604  9872
 6607  9897
 6612 10032
 6613  9908
 6614  9890
 6621  9901
 6622 10312
 6624  9911
 6627  9840
 6635  9921
 6636  9912
 6641  9996
 6647 10333
 6648  9919
 6649  9080
 6656 10339
 6661 10033
 6666 10008
 6670  9945
 6679  9956
 6681 10396
 6682  9965
 6687  9965
 6695 10392
 6704  9971
 6706 10017
 6713 10099
 6720  9932
 6721 16105
 6726 10035
 6727 10038
 6732 10047
 6733 10433
 6736 10043
 6739 10279
 6742 10050
 6744 10065
 6746 10056
 6750 10069
 6783 10317
 6784 10101
 6790 10102
 6792 10331
 6794 10331
 6796 10111
 6800 10335
 6819 10128
 6824 10519
 6827 10267
 6828 10198
 6829 10137
 6834 10379
 6847 10164
 6850 10164
 6851 10497
 6868 10146
 6875 10313
 6894 10255
 6899 10269
 6904 10261
 6913 10268
 6917 10362
 6919 10680
 6920 10137
 6923 10352
 6930 10281
 6934 18564
 6935 10410
 6936 10271
 6944 10270
 6951 10306
 6952 10270
 6954 10396
 6957  9684
 6963 10318
 6969 10308
 6970 10607
 6972 10337
 6974 10260
 6979 10338
 6983 10346
 6985 10345
 6987 10431
 6989 10446
 6992 10504
 6993 10325
 7003 10463
 7009 10363
 7016 10541
 7021 10366
 7025 10755
 7030 10775
 7031 10522
 7037 10759
 7040 10539
 7045 10738
 7051 10780
 7053 10408
 7058 10384
 7060 10503
 7061 10426
 7063 10416
 7066 18033
 7071 10828
 7077  9970
 7078 10809
 7081 10820
 7082 10823
 7088 10642
 7089 10839
 7093 17797
 7096 10620
 7101 10491
 7127 10674
 7129 10877
 7132 10669
 7136 10547
 7142 10878
 7144 10544
 7147 10897
 7149 10551
 7157 10552
 7162 12478
 7164 10562
 7165 10916
 7175 10577
 7179 10958
 7187 10927
 7190 10909
 7193 14012
 7197 10745
 7200 10903
 7201 10603
 7210 10934
 7218 10611
 7230 11003
 7231 10765
 7233 10975
 7234 10634
 7236 10983
 7237 10988
 7240 10952
 7243 10781
 7244 10765
 7246 10951
 7249 10773
 7250 10774
 7252 10630
 7260 10106
 7261  8580
 7263 11022
 7267 10974
 7268 10787
 7274 11033
 7284 10645
 7290 10664
 7292 10784
 7294 11012
 7297 11023
 7299 13379
 7301 11044
 7314 11039
 7315 11072
 7316 11031
 7317 11085
 7321 11089
 7322 10829
 7325 10664
 7327 12460
 7328 11090
 7329 11071
 7335 11045
 7337 11053
 7338 11095
 7344 11027
 7346 11069
 7349 10797
 7354 11123
 7355 11130
 7356 10709
 7357 11131
 7358 11132
 7360 11086
 7364 10731
 7368 11145
 7369 11077
 7375 10920
 7380 10756
 7385 11114
 7394 10976
 7404 10772
 7406 11195
 7407 11191
 7408 11141
 7412 11152
 7413 11134
 7414 10803
 7420 10924
 7422  4395
 7423 10791
 7424 11164
 7432    89
 7438 10786
 7443 10798
 7446 11191
 7448 11189
 7450 10833
 7451 10838
 7452 11038
 7456 10818
 7462 11230
 7463 11248
 7476 11270
 7477 10832
 7481 11196
 7485 10945
 7486 11208
 7489 11212
 7494 10852
 7499 11265
 7505 10996
 7508 11286
 7508 11288
 7514 10997
 7518 11211
 7521 11294
 7522 11015
 7533  6481
 7535 11037
 7536 11062
 7539  7664
 7545 11062
 7550 10542
 7551 10879
 7554 11344
 7566 11136
 7568 11137
 7570 11342
 7573 11358
 7576 11388
 7578 11103
 7587 11338
 7588 11363
 7590 11105
 7595 11379
 7596 11365
 7598 11384
 7600 11098
 7603 10984
 7605 10985
 7614 11406
 7616 11392
 7629 11293
 7634 11407
 7637 11043
 7644 11035
 7647 11418
 7649 11170
 7651 11166
 7654 11194
 7658 11201
 7664 11187
 7665 11395
 7667 11223
 7668 11465
 7670 11168
 7683 11510
 7684 11133
 7688 11202
 7689 11262
 7691 11234
 7699 11509
 7700 11263
 7701 11287
 7706 11536
 7708 11274
 7711 11554
 7716 11326
 7718 11323
 7720 11332
 7722 11311
 7723 11184
 7724 11178
 7725 11307
 7727 11319
 7728 11183
 7729 11301
 7732 11371
 7734 11556
 7735 11315
 7737 11306
 7738 11324
 7743 11586
 7744 11330
 7749 11355
 7750 11352
 7753 11335
 7757 11624
 7758 11609
 7759 11247
 7762 11233
 7768 11220
 7771 11661
 7773 11405
 7775 11512
 7777 11612
 7778 11580
 7779 11578
 7781 11276
 7782 11681
 7783 11691
 7786 11591
 7787 11573
 7790 11430
 7791 11676
 7792 11573
 7793 11716
 7797 11111
 7798 11404
 7801 11416
 7802 11427
 7803 11611
 7811 11450
 7814 11675
 7815 11751
 7818 11713
 7822 11741
 7824 11737
 7825 11404
 7828 11411
 7833 11761
 7834 11442
 7837 11708
 7838 11701
 7842 11699
 7845 11160
 7848 11457
 7850 11474
 7851 11516
 7853 11735
 7859 11718
 7862 11374
 7872 11490
 7874 11436
 7875 11766
 7876 11740
 7877 11487
 7878 11772
 7881 11417
 7882 11184
 7886 11782
 7887 11494
 7890 11800
 7897 11565
 7900 11245
 7905 11951
 7907 11534
 7908 11818
 7909 11799
 7917 11810
 7918 11284
 7920 11526
 7921 11979
 7926 11551
 7928 11521
 7929 11968
 7930 11900
 7931 11897
 7932 11548
 7933 11528
 7934 11981
 7935 11888
 7938 11560
 7939 11953
 7940 11870
 7941 11525
 7943 11535
 7945 11912
 7946 11472
 7949 11630
 7952 11547
 7954 11320
 7955 11642
 7957 12030
 7959 11592
 7960 11973
 7961 12001
 7964 11886
 7965 12007
 7966 11999
 7968 11947
 7969 11610
 7970 11467
 7971 11863
 7971 11867
 7972 11550
 7976 12019
 7977 11561
 7978 11988
 7979 11687
 7982 11880
 7983 11703
 7987 11640
 7989 12000
 7990 11617
 7991 11721
 7993 11589
 7994 11902
 7995 11634
 7996 11858
 7997 11621
 7999 12070
 8000 11918
 8004 11712
 8005 11918
 8006 11602
 8007 12081
 8014 11738
 8015 11614
 8016 11636
 8017 11762
 8020 11584
 8021 11821
 8025 11646
 8029 11918
 8034 11162
 8035 11647
 8043 11549
 8046 11846
 8048 11623
 8049 11895
 8052 11765
 8053 11577
 8054 11857
 8056 11710
 8059  7664
 8061 11722
 8062 11992
 8064 12123
 8067 11777
 8068 11848
 8070 11729
 8071 11824
 8074 11829
 8075 11832
 8077 11823
 8081 11937
 8082 11595
 8084 12033
 8086 11780
 8087 12039
 8090 12083
 8092 11635
 8093 12059
 8095 11972
 8098 12128
 8099 12096
 8100 12027
 8101 11930
 8102 12101
 8103 11662
 8104 11835
 8105 11841
 8106 12037
 8110 11665
 8112 11665
 8113 11901
 8114 11854
 8115 11908
 8116 11914
 8117  2291
 8121 12061
 8126 12112
 8127 11704
 8128 11993
 8129 11660
 8132 12121
 8133 11683
 8134 11889
 8136 12115
 8141 11928
 8142 11938
 8143 12046
 8146 12084
 8147 11743
 8148 11700
 8149 11731
 8150 11746
 8154 11974
 8158 12069
 8159 11754
 8160 11725
 8162 12124
 8163 12079
 8165 11978
 8167 12058
 8168 12131
 8169 11945
 8171 11977
 8174 11803
 8175 12129
 8176 11990
 8177 12010
 8179 12189
 8182 12012
 8193 12060
 8194 12088
 8198 12193
 8199 11859
 8202 12168
 8203 12181
 8204 12228
 8205 12003
 8206 12208
 8207 12184
 8210 12185
 8219 12207
 8220 12103
 8221 12135
 8222 12240
 8225 12223
 8226 12269
 8232 12052
 8238 12047
 8240 12268
 8244 12274
 8248 12116
 8249 12091
 8251 12294
 8255 12251
 8258 12307
 8261 12290
 8263 12270
 8270 11111
 8273 12169
 8274 12166
 8277 11991
 8281 12283
 8282 12286
 8284 12179
 8285 12215
 8286 12330
 8299 12346
 8301 12326
 8303 12352
 8306 12230
 8311 12336
 8312 12325
 8316 12216
 8318 12229
 8320 12353
 8321 12260
 8326 12314
 8327 12320
 8328 12382
 8333 12314
 8337 12362
 8338 12368
 8342 12388
 8349 12253
 8351 12385
 8355 12322
 8366 12407
 8369 12342
 8371 12316
 8372 12429
 8376 12436
 8381 12442
 8386 12447
 8387 12363
 8393 13616
 8395 12474
 8398 12462
 8401 12433
 8403 12469
 8410 12457
 8411 12344
 8413 12487
 8421 12367
 8424 12518
 8425 12514
 8426 12489
 8427 12449
 8430 12453
 8432 12494
 8433 15173
 8434 12493
 8436 12535
 8439 12408
 8441 12542
 8445 12507
 8447 12562
 8448 12529
 8450 12511
 8451 12465
 8459 12559
 8460 12559
 8464 12543
 8468 12543
 8470 12504
 8471 12545
 8472 12606
 8476 12608
 8483 12582
 8484 12547
 8486 12602
 8490 12570
 8492 12574
 8494 12631
 8499 12546
 8504 12611
 8508 12612
 8509 12612
 8510 12616
 8513 12619
 8514 12625
 8515 12663
 8520 12549
 8522 12590
 8528 12681
 8536 12607
 8537 12666
 8538 12635
 8542 12707
 8556 12664
 8557 12647
 8558 12710
 8559 12662
 8573 12695
 8574 12642
 8575 12623
 8578 12779
 8579 12762
 8583 12729
 8584 12647
 8596 12759
 8598 12748
 8599 12742
 8600 12746
 8601  1829
 8602 12746
 8603 12787
 8610 12688
 8612 12760
 8621 12822
 8623 12820
 8624 12725
 8625 12721
 8627 12776
 8629 12732
 8633 12937
 8635 12747
 8636 12948
 8637 12723
 8641 12851
 8643 12764
 8646 12802
 8647 12965
 8650 18727
 8654 12975
 8655 12894
 8657 12890
 8660 12867
 8672 12935
 8683 12755
 8694 12885
 8697 12862
 8706 13094
 8712 13105
 8714 13018
 8718 13118
 8719 12807
 8727 13122
 8751 13020
 8757 13202
 8764 12876
 8771 13206
 8776 13071
 8779 13069
 8783 12979
 8785 13162
 8788 13100
 8789 13233
 8806 13149
 8813 12978
 8822 13099
 8824 13284
 8825 13103
 8828 13017
 8832 13208
 8833 13096
 8835 13083
 8839 13092
 8849 13170
 8850 13298
 8852 13298
 8855 13245
 8856 13220
 8866 13363
 8867 13363
 8871 13330
 8873 13127
 8874 13033
 8875 13359
 8877 13287
 8880 13112
 8889 13132
 8890 13289
 8892 13295
 8893 13297
 8896 13226
 8897 13398
 8899 13404
 8900 13351
 8902 13256
 8905 13235
 8906 13432
 8907 13415
 8908 13235
 8909 13250
 8910 13440
 8916 13209
 8918 13405
 8919 13257
 8920 13274
 8922 13152
 8923 13260
 8925 13248
 8929 13467
 8934 13090
 8936 13266
 8941 13273
 8943 13491
 8944 13222
 8946 13234
 8947 13102
 8951 13518
 8958 13280
 8961 13317
 8962 13313
 8967 13293
 8970 13463
 8974 13580
 8975 16417
 8977 13597
 8982 13573
 8987 13332
 8988 13378
 8989 13372
 8994 13615
 8998 13336
 8999 13526
 9003 13642
 9005 13538
 9006 13546
 9009 13433
 9010 13445
 9012 13369
 9018 13639
 9019 13384
 9020 13561
 9021 13479
 9022 10926
 9024 13657
 9034 13609
 9036 13438
 9049 13567
 9065 13368
 9069 13562
 9070 13746
 9071 13693
 9076 13694
 9081 13787
 9084 13587
 9086 13796
 9087 13617
 9092 13773
 9094 13723
 9098 13360
 9101 13654
 9106 13358
 9108 13635
 9116 13382
 9121 13757
 9129 13726
 9131 13270
 9132 13850
 9135 13861
 9136 13690
 9137 13715
 9138 13758
 9140 13772
 9144 13424
 9147 13768
 9149 13360
 9156 13424
 9166 13814
 9167 13465
 9168 13408
 9175 13316
 9176 13718
 9177 13718
 9183 13809
 9186 13423
 9190 13568
 9197 13780
 9198 13816
 9201 13799
 9212 13795
 9215 13878
 9222 13897
 9226 13525
 9230 13879
 9237 13930
 9239 13937
 9241 13789
 9245 13941
 9246 14058
 9251 13972
 9253 14066
 9260 14056
 9273 13910
 9274 14003
 9275 14021
 9276 14075
 9278 14112
 9284 13820
 9290 13927
 9293 13873
 9296 13956
 9300 14061
 9306 14085
 9308 14172
 9312 13939
 9313 14186
 9319 13954
 9325 14082
 9328 14239
 9330 14228
 9333 14113
 9341 14255
 9342 13936
 9348 13990
 9349 13965
 9352 14044
 9354 14002
 9355 14005
 9357 14295
 9358  1515
 9359 14155
 9363 13974
 9365 13997
 9370 13987
 9374 14040
 9376 14340
 9378 14027
 9379 14208
 9383 14240
 9392 14050
 9393 14326
 9395 14104
 9396 14013
 9406 14296
 9407 14062
 9410 14178
 9415 14300
 9416 14137
 9418 14248
 9428 14141
 9430 14188
 9434 14437
 9437 14201
 9442 14199
 9444 14399
 9451 14353
 9453 14045
 9456 14483
 9460 14398
 9461 14323
 9465 14252
 9467 14423
 9471 14264
 9473 14384
 9475 14350
 9481 14276
 9482 14281
 9483 14409
 9487 14427
 9498 14268
 9500  3001
 9503 14661
 9506 14653
 9510 14667
 9512 14439
 9513 14495
 9525 14451
 9530 14416
 9531 14157
 9533 14284
 9535 14522
 9536 14534
 9540 14554
 9548 14468
 9549 14490
 9550 14449
 9552 14749
 9553 14666
 9554 14332
 9556 14367
 9557 14592
 9559 14425
 9561 14697
 9562 14778
 9564 14464
 9566 14355
 9567 14697
 9569 14699
 9570 14441
 9572 14801
 9574 14359
 9579 14359
 9586 15846
 9589 14280
 9590 14476
 9591 14388
 9592 14611
 9593 14430
 9595 14373
 9596 14440
 9597 14405
 9598 14390
 9601 14386
 9602 14393
 9603 14394
 9610 14407
 9616 14780
 9617 14780
 9619 14497
 9621 14443
 9622 14599
 9624 14612
 9625 14578
 9632 14626
 9634 14455
 9639 14456
 9641 14642
 9645 14487
 9649 14519
 9650 14632
 9652 14466
 9653 14643
 9655 14474
 9658 14629
 9661 14647
 9663 14743
 9668 14629
 9670 14617
 9671 14520
 9672 14660
 9673 14676
 9678 14652
 9682 14846
 9683 14832
 9684 14481
 9686 14728
 9687 14663
 9690 14839
 9691 14403
 9692 14851
 9693 14421
 9695 14580
 9698 14976
 9699 14887
 9700 14689
 9706 14888
 9710 14702
 9714 14706
 9716 14753
 9717 14817
 9720 14828
 9722 14784
 9727 14714
 9728 14625
 9735 14939
 9737 14860
 9742 14783
 9747 14886
 9752 14979
 9756 14810
 9758 14727
 9759 14584
 9760 14868
 9763 14925
 9772 14758
 9773 14799
 9774 14704
 9775 14980
 9776 14919
 9779 14954
 9780 14961
 9784 14857
 9786  6306
 9792 14998
 9794 14821
 9796 14985
 9797 14843
 9800 14938
 9805 14823
 9814 14903
 9819 15042
 9827 14733
 9830 14971
 9831 14966
 9838 15025
 9841 14959
 9842 14915
 9843 15028
 9849 15313
 9850 15057
 9853 14922
 9855 15037
 9857 14937
 9863 14960
 9870 15000
 9874 15347
 9877 15086
 9879 15011
 9880 15011
 9889 15078
 9893 15145
 9896 15441
 9900 15402
 9903 15102
 9911 15022
 9912 15475
 9913 15148
 9918 15205
 9921 15439
 9923 14933
 9929 15065
 9931 15106
 9939 15241
 9940 15230
 9941 15100
 9942 15173
 9946 15192
 9948 15137
 9950 15190
 9954 15438
 9963 15315
 9965 15415
 9968 15235
 9969 15129
 9979 15117
 9989 15120
 9992 15599
 9995 15134
 9997 15564
10005 15178
10008 15197
10010 15393
10013 15046
10015 15571
10017 15170
10018 15276
10019 15580
10023 15354
10024 15671
10027 15157
10032 15222
10034 15708
10041 15447
10047 15223
10053 15644
10069 15469
10071 15265
10072 15487
10075 15467
10082 15126
10086 15342
10087 15715
10088 15440
10089 15852
10090 15349
10095 15414
10096 15253
10099 15322
10100 15326
10101 15312
10104 15543
10108 15482
10119 15368
10121 15436
10122 15472
10130 15364
10135 15598
10140 15449
10144 15521
10155 15466
10156 15633
10161 15537
10170 15491
10174 15303
10180 15303
10180 15314
10183 15442
10187 15280
10192 15577
10194 15911
10196 15590
10202 15578
10204 15581
10211 15777
10215 16049
10230 15492
10232 15603
10233 15807
10236  9544
10238 15815
10239 15682
10240 15604
10241 15629
10243 15631
10244 15690
10250 15759
10251 16114
10256 15723
10263 16133
10268 15660
10269 15910
10270 15658
10272 15760
10275 16161
10276 15825
10279 16166
10280 15621
10281 15420
10284 15616
10286 16170
10287 15939
10292 16155
10294 15958
10295 15625
10302 15795
10304 15812
10305 15705
10310 15905
10315 16231
10318 15790
10322 16236
10326 15614
10328 15733
10333 15857
10344 15724
10353 15906
10357 15925
10358 15835
10362 16204
10363 16204
10364 15875
10365 15798
10367  8844
10370 15808
10373 16062
10375 15856
10376 15858
10382 16406
10386 15986
10387 16116
10390 15862
10393 15944
10395 15955
10396 15702
10397 15879
10398 16109
10406 15978
10419 16097
10423 16030
10425 16478
10428 16056
10431 15977
10435 15771
10440 16024
10451 15778
10454 16039
10460 16077
10465 16005
10468 16052
10473 16136
10475 16451
10477 16258
10479 16473
10481 16268
10486 16068
10489 15843
10494 16643
10495 16335
10501 15889
10503 16648
10505 15751
10507 16651
10509 16159
10511 16072
10512 15940
10517 16265
10518 16513
10521 15779
10523 15803
10524 15803
10527 16279
10528 15908
10529 16135
10531 16096
10532 16210
10536 16561
10538 16551
10542 15949
10543 16256
10547  7534
10553 16275
10556 16320
10573 16753
10576 16113
10581 15842
10585 15855
10593 16233
10600 16396
10601 16348
10604 16623
10608 16165
10610 16827
10628 16000
10631 16196
10636 16069
10637 16218
10638 15868
10639 16059
10641 16101
10642 16252
10644 16813
10645 16439
10645 16445
10646 16398
10648 16225
10652 16357
10654 16595
10655 16599
10660 16483
10666 16382
10669 16367
10673 16678
10680 16283
10681 16093
10683 16146
10684 16696
10686 10110
10689 16404
10690 16412
10693 16524
10694 16397
10697 16376
10705 16148
10706 16302
10708 16461
10709 16565
10710 16163
10711 16847
10716 16287
10718 16201
10721 16691
10722 16847
10729 16849
10736 16740
10737 16898
10739 16738
10740 16362
10741 16369
10763 16242
10766 16393
10767 16368
10768 16776
10770 16887
10771 16366
10777 16980
10785 16238
10787 16775
10788  5371
10790 16918
10794 16254
10798 16455
10812 16834
10817 16319
10818 12046
10821 16370
10823 16762
10826 16978
10828 16851
10829 16964
10835 17007
10838 16418
10843 16374
10856 18436
10861  7820
10864 17078
10868 17044
10870 16832
10872 16942
10879 16932
10880 17115
10881 17141
10885 17123
10888 16987
10896 17133
10899 16974
10900 16975
10905 17070
10907 16545
10926 17129
10930 17212
10931 17032
10936 16607
10945 18384
10948 11769
10954    16
10960 16960
10962 17355
10971 17259
10974 17671
10976 16534
10977 17373
10986 16916
10987 16758
10990 17974
11004 16973
11006 16933
11007 17139
11011 17296
11013 17375
11017 16749
11021 17418
11025 18603
11035 17337
11041 17188
11042 17309
11052 17491
11077 16891
11083 17442
11097 17583
11113 17522
11124 16988
11134 17537
11164 17360
11176 17390
11179 17624
11182 17696
11190  2205
11195  9019
11206 17745
11215 17393
11219 17709
11224 17709
11227 17441
11232  8764
11236 17727
11242 17697
11245 17331
11246 17490
11258 17217
11259 17731
11260 17352
11275 17511
11299 17570
11301 17571
11316 17448
11340 17640
11358 17899
11364 17852
11369 17971
11384 17654
11386 17887
11387 17887
11389 17626
11411 17994
11430  8085
11432 11389
11435 17715
11437 17936
11438 17818
11448 17829
11452 18006
11464 18008
11480 17903
11484 17880
11494 17885
11495 18029
11496 17820
11498 17882
11510 17901
11511 17907
11537 17942
11540 18069
11541 17931
11545 18071
11559 18054
11567 11053
11569  2672
11572 18022
11574 18101
11577 18091
11586 18169
11600 18092
11610 18156
11617 18098
11625 18098
11628 18108
11629 18217
11636 18232
11641 18211
11644 18120
11651 18220
11655 18271
11656 18240
11665 18245
11677 18282
11682 18254
11687 18274
11690 18226
11696 18321
11698 18273
11702 18238
11705 18238
11711  3923
11716 18152
11717 18210
11719 18205
11725 18376
11727 18196
11730 18163
11734 18320
11736 18030
11737 18340
11739 18170
11740 18166
11748 18160
11749 18371
11750 18298
11751 18036
11752 18012
11756 18253
11759 18312
11765 18036
11766  5059
11771 18063
11778 18171
11784 18258
11785 18148
11787 18174
11791 18090
11796 18204
11797 18449
11800 18095
11801 18258
11805 18480
11807 10839
11810 18110
11811 18301
11818 18368
11821 18221
11822 18145
11825 18128
11829 18550
11834 18328
11836 18097
11844 18316
11850 18599
11857 18337
11864 18570
11866 18352
11867 18228
11868 18563
11875 18365
11881 17906
11883 18437
11886 18543
11890 18314
11891 18476
11893 18622
11894 18592
11931 18426
11938 18304
11946 18436
11948 18436
11972 18635
11974 18503
11988  9215
11995   860
12064 18461
12075  9925
12081 18657
12094    15
12126 18595
12179 11112
12225 18541
12240 18548
12268 18669
12270  2830
12289 18591
12290  1530
12305 18546
12347  5509
12370 18626
12385 17557
12425  8944
12432 18484
12508  3600
12550 18539
12566 18227
12571   218
12595 18642
12601  4678
12611  9525
12614   691
12623 11089
12703 10657
12712 18030
12778 18036
12792 18720
12825 18642
12827 18145
12863 18055
12897 18097
12923 18585
12925  4034
12987 18392
12989  3876
12994 18221
13048  6064
13062  5157
13066   729
13133 13186
13143 17393
13196 10826
13267  1888
13278  2838
13314 18238
13326 18036
13328 18273
13338 18036
13340 18095
13348 18340
13351 18036
13356 18340
13360 18174
13360 18298
13360 18320
13365 18030
13372  5288
13382 17408
13392 18036
13398 12369
13433 18301
13456 18370
13474   748
13552 10094
13594 11396
13750 12322
13761 11396
13786 16558
13810  2083
13830 18036
14065    24
14246 18036
14398 10035
14422  2422
14449  5853
14481  3760
14673  4695
14677 18036
14715 10996
14775  4523
14817 18063
14886  1176
14928  5587
14932  2324
15124 12800
15139 10700
15145   499
15201 11880
15265 18503
15305  1610
15339 11177
15424  5535
15453 11046
15475 10101
15805 12831
15815  3304
15964 12667
16006  4663
16050 18693
16169  4941
16183 12065
16195   602
16248 10262
16430 10630
16681  8867
16863  1746
16968  2854
17106 15421
17231   901
17352 12594
17631   456
17795  3376
17819  8814
17836  6070
17894  7897
17971  7233
18001 12667
18032 18713
18143  2560
18148 16649
18323  3948
