    9 20258
   10 10927
   13    48
   14   114
   16    29
   25 20285
   32    29
   34    30
   44    91
   53   145
   58   205
   59  9239
   68    87
   71   221
   74   226
   75   257
   86   243
   88   277
   98   321
   99  9511
  101   328
  114   333
  118  1610
  119   375
  123   232
  124   339
  126   267
  130  1878
  140   281
  149   449
  152   443
  163   350
  165   457
  170   396
  174   329
  180   453
  185   777
  195   372
  200   353
  208  3632
  214   418
  219   394
  224   409
  234  4958
  237   458
  239   446
  249   430
  250   430
  252   466
  255   445
  260   589
  261   507
  263   448
  264   335
  270   537
  276   565
  280   478
  292   484
  293  1610
  299   519
  300   533
  308   562
  313  2459
  321   648
  325   619
  329    47
  329   654
  332   575
  336   468
  339   687
  347   546
  357   568
  361   616
  364   602
  367   601
  381   663
  386   692
  392   726
  394   665
  405   742
  412   740
  419   676
  422   703
  430   765
  432   713
  439   735
  466   796
  471   193
  472  2026
  475  1338
  475  1610
  476  3143
  481   164
  484   830
  490   184
  497   831
  510   320
  515   322
  516   850
  529   215
  533   871
  534   324
  542   895
  567   149
  568   993
  569   947
  576   919
  577   946
  581   153
  583   166
  584   938
  587   123
  590   456
  593   768
  600   150
  603  1021
  605   392
  607  7643
  609   859
  610   381
  612   994
  613   307
  615 10761
  617   187
  627   435
  629   279
  632   231
  634   234
  636   238
  639   864
  641  9911
  646   878
  657  6772
  684   691
  685   858
  689   346
  692   650
  697  1120
  702  1152
  704  1150
  719   940
  723   450
  724   980
  729   792
  730  1000
  734   494
  742   527
  743  1158
  746   608
  756  1197
  765   477
  768   524
  770  1222
  771   470
  781  1262
  782   633
  784   618
  786  1251
  787  1257
  791  1275
  793  1228
  795  1235
  796  1264
  797   597
  798  1269
  799   653
  801   677
  803  1237
  807  1338
  807  1610
  810  1509
  811   802
  815  1286
  816   715
  823  1124
  829  1310
  832  1138
  833  1315
  834   751
  835   736
  838  1146
  844  1323
  845   743
  848  1314
  856  1287
  861  1232
  863   680
  864   732
  874   745
  877   745
  879   856
  880  5384
  882   696
  883   863
  891  1172
  893   906
  894   813
  898   547
  904   806
  909   730
  911   820
  912  1458
  914  1887
  923   803
  929   821
  933   814
  938  1409
  948   852
  954   948
  956   964
  965  1524
  968   990
  973  1368
  974   509
  975   890
  982   822
  986 11293
  989   918
 1003   841
 1007   955
 1010  1074
 1013  1359
 1018  1149
 1034  1154
 1037  1361
 1038  4514
 1042  1610
 1046   787
 1047  1485
 1057  1122
 1061  1465
 1063  7271
 1064  1973
 1067  1252
 1069  1246
 1070  1085
 1071  1387
 1074  1661
 1076  1106
 1079   899
 1082  1321
 1084  1421
 1088  1004
 1089   925
 1097  1212
 1098  1486
 1104  1613
 1107  1613
 1116   417
 1118  1483
 1122  1058
 1127  1240
 1128  1459
 1135  1510
 1137  1697
 1139  1389
 1149  1389
 1152  1105
 1161   979
 1164  1277
 1166  1612
 1168  1447
 1175   985
 1177  1302
 1183  1584
 1185  2110
 1188  1575
 1198  1759
 1199  1749
 1204  1653
 1205  1668
 1207  1221
 1208  1403
 1210  1374
 1220  1204
 1222  1667
 1224  1245
 1230  1173
 1232  1650
 1233  1753
 1241  1378
 1243  1330
 1249  1818
 1252  1764
 1253  1523
 1254  1250
 1257  1576
 1262  1679
 1264  1646
 1266  1296
 1267  1866
 1273  1728
 1274  1282
 1276  1730
 1277  1442
 1280 10756
 1294  1319
 1296  1493
 1299  1477
 1300  1638
 1301  1326
 1308  1804
 1309  2239
 1311  1383
 1312  1717
 1321  1774
 1322  1693
 1329  1774
 1336  1934
 1344  3929
 1345  8388
 1352  1358
 1358  1858
 1364  1345
 1365  1803
 1366  1587
 1370  1560
 1380  1779
 1383  1929
 1393  1909
 1406  1500
 1407  1946
 1420  1481
 1429  1492
 1433  1574
 1435  1594
 1438  1377
 1442  1913
 1443  1559
 1446  1597
 1453  1555
 1461  1910
 1468  1492
 1469  1817
 1470  1863
 1478  1984
 1479  1711
 1481  1977
 1482  2157
 1488  2002
 1492  1746
 1498  2105
 1499  1968
 1503  1588
 1510  2055
 1513  2122
 1515  2050
 1526  2173
 1527  1966
 1529  2004
 1530  1691
 1532  1991
 1537  1841
 1540  1156
 1544  1678
 1546  1869
 1549  2173
 1554  1975
 1557  1898
 1561  2036
 1567  2072
 1568  2078
 1579  2068
 1580  1545
 1587  2191
 1593  1748
 1594 15601
 1607  1857
 1614  1902
 1615  2224
 1623  2235
 1626  2149
 1628  1871
 1632  1912
 1638  2165
 1643  2175
 1645  1958
 1648  2166
 1649  1939
 1650  2090
 1652  2097
 1654  2237
 1656  2234
 1658  2130
 1660  1751
 1661  2085
 1665  2129
 1672  2264
 1682  2291
 1689  2137
 1704  2167
 1706  1986
 1725  2213
 1728  2116
 1730  2118
 1734  2415
 1738  2133
 1744   829
 1750  2270
 1754  2160
 1760  2209
 1762  1874
 1763  2431
 1768  2344
 1772  2274
 1777  2203
 1779  2014
 1799  2174
 1810  1921
 1812  2176
 1820  2316
 1831  2076
 1834  2351
 1836  2386
 1846 11077
 1849  2079
 1854  3631
 1857  2382
 1863  2277
 1871  2014
 1879  2406
 1885  2413
 1885  2422
 1886  7809
 1896  2432
 1926  2529
 1928  2534
 1941  4443
 1945  2571
 1952  2271
 1958    38
 1960  2196
 1971  2596
 1974  2625
 1975  2356
 1979  2496
 1985  2384
 1992  2389
 2001  2457
 2007  2474
 2014  2472
 2024  2494
 2036  2656
 2037  2651
 2043  2538
 2046  2538
 2051  2500
 2052  1465
 2058  2557
 2064  2581
 2066  2587
 2071  3882
 2073  2575
 2075  2595
 2083  2611
 2089  2600
 2097  2610
 2099  2633
 2100  2605
 2101  2639
 2113  2636
 2116  2641
 2121  2646
 2127  2693
 2130  2694
 2132  2660
 2133  2696
 2139  2655
 2142  2679
 2143  2653
 2144  2734
 2145  2688
 2147  2810
 2152  2654
 2154  2658
 2155  2855
 2162  2668
 2163  2661
 2165  2730
 2166  2664
 2178  2834
 2183  2690
 2184  9756
 2188  2720
 2192  2799
 2200  2798
 2208  2818
 2214  2867
 2215  2822
 2216  2865
 2218  2793
 2218 11573
 2226  2731
 2228  2736
 2230  2740
 2231  2750
 2234  2888
 2236  2902
 2238  2756
 2239  2851
 2247  2935
 2250  2894
 2252  2830
 2254  3042
 2258  2873
 2260  2863
 2264  3002
 2269  2883
 2273  2817
 2278  2800
 2281  2939
 2282  2959
 2286  2930
 2288 12924
 2290  2941
 2291  2814
 2293  2831
 2294  2948
 2297  2841
 2299  2958
 2302  2954
 2306  2957
 2307  2966
 2317  2984
 2319  3001
 2322  2970
 2325  3008
 2327  2231
 2328  2987
 2333  2885
 2336  3028
 2339  3005
 2343  2935
 2346  2992
 2348  3003
 2351  2892
 2359  6237
 2360  2897
 2361  2897
 2362  3004
 2367  2999
 2371  2905
 2373  2968
 2376  3160
 2377  3061
 2379  3022
 2384  3039
 2387  3047
 2388  3039
 2389  3047
 2392  2951
 2396  3181
 2406  3108
 2408  3028
 2408  3127
 2409  3117
 2412  2963
 2415  1436
 2419  3037
 2420  3212
 2421  3189
 2423  3074
 2427  3156
 2441  3217
 2444  3216
 2447  3211
 2455  3223
 2464  3050
 2468  3096
 2469  3267
 2470  2996
 2471  3264
 2473  3281
 2475  3125
 2476 10824
 2479  3242
 2484  3248
 2489  3076
 2498  3128
 2509  3328
 2512  3331
 2513  3146
 2528  3183
 2536  3311
 2536  3313
 2540  3219
 2543  3323
 2570  3412
 2571  3481
 2573  3419
 2580  3430
 2583  3424
 2584  3326
 2590  3454
 2594  3462
 2610  3555
 2611  3471
 2637  3494
 2645  3529
 2657  3599
 2667  3611
 2675  3620
 2681  3610
 2685  3558
 2693  3500
 2696  3648
 2698  3500
 2715  3688
 2723  6330
 2725  3645
 2731  3598
 2743  3745
 2744  3705
 2750  3754
 2755  3745
 2765  3743
 2776  3749
 2778  3596
 2783  3778
 2790  8045
 2792  3795
 2807  3820
 2825  3799
 2829  3912
 2829  3916
 2830  3912
 2832  3799
 2834  3799
 2842  3887
 2847  3929
 2854  3927
 2864  3923
 2865  3854
 2871  3965
 2875  3882
 2882 13511
 2896  4065
 2905  3934
 2915 12235
 2959  4072
 2962  4082
 2968  4093
 2987  4085
 2991  4100
 2993  4093
 2997  4149
 3006  7667
 3014  4121
 3015  4082
 3019  4127
 3025  4173
 3027  4144
 3028  4162
 3029  4184
 3031  3868
 3032  3868
 3034  4151
 3036  4119
 3038  4104
 3040  4195
 3041  4231
 3051  4157
 3052  4216
 3056  4167
 3057  4233
 3058  4138
 3060  4197
 3064  4219
 3067  4213
 3069  4210
 3070  4230
 3076  4204
 3086  4256
 3091  4276
 3102  4275
 3117  4303
 3125  4322
 3140  1389
 3144  4342
 3148  4321
 3149  4351
 3153  4373
 3154  4370
 3157  4287
 3162  4373
 3166  4344
 3173  4258
 3174  9927
 3179  4443
 3182  4293
 3185  4409
 3188  4462
 3193  4411
 3199  4420
 3202  4487
 3205  4465
 3206  4488
 3207  4479
 3211  4430
 3215  4419
 3231  4504
 3236  4492
 3246  4545
 3268  4547
 3280  4595
 3284  4578
 3288  4569
 3293  4612
 3318  4725
 3322  4652
 3326  4682
 3365  4730
 3371  4723
 3378  4744
 3399  4766
 3404  4777
 3417  4809
 3424  4788
 3425  4784
 3434  4803
 3448  4820
 3463  4847
 3464  4841
 3470  4844
 3473  4846
 3478  4855
 3485  4900
 3486  4878
 3489  4893
 3492  4889
 3497  4874
 3520  4905
 3538  4938
 3547  4963
 3549  4967
 3550  4915
 3559  2867
 3565  4941
 3566  4917
 3573  4971
 3579  4957
 3581  4998
 3596  4995
 3608  4986
 3614  5048
 3615  5048
 3623  5000
 3631  5054
 3639  5151
 3639 12443
 3644  5085
 3645  5113
 3663  5018
 3664  5144
 3670  5063
 3675  5062
 3676  5194
 3686  5039
 3687  1255
 3693  5040
 3695  5214
 3697  5059
 3716  5084
 3723  5209
 3739  5121
 3747  5126
 3782  5126
 3784  4842
 3795  5145
 3825  5168
 3841 10783
 3845  5191
 3848  5293
 3864  5308
 3867 19419
 3880  5216
 3884  5241
 3897  5268
 3907  5253
 3913  3375
 3915  5300
 3955  5404
 3976  7199
 3995  1911
 4032  5300
 4033  5388
 4040  5384
 4041  5367
 4044  5395
 4051 11550
 4087  5445
 4090  5412
 4096  5453
 4102  5455
 4118  5511
 4163  5553
 4174  5519
 4176 18922
 4187  5542
 4201  5563
 4208  5570
 4209  5573
 4210  5561
 4212  5565
 4214  5569
 4216  5636
 4219  5642
 4224  5597
 4228  5620
 4230  5664
 4232  5666
 4233  5629
 4259  5699
 4260  5700
 4263  5702
 4276  5733
 4279  5734
 4282  5718
 4283  5763
 4289  5778
 4291  5785
 4293  5765
 4310  5860
 4312  1760
 4313  5799
 4316  5845
 4317  5852
 4335  5832
 4337  5816
 4338  5881
 4340  5928
 4344  5892
 4349  5912
 4351  5912
 4352  5923
 4353  5884
 4354  5941
 4355  5942
 4358  5886
 4362  5950
 4368  5974
 4372  5972
 4373  4212
 4381  5987
 4383  6005
 4389  6016
 4391  6013
 4392  6007
 4392 11585
 4393  5975
 4394  2192
 4399  8156
 4402  5947
 4406  6020
 4415  5960
 4417  6039
 4431 10500
 4434  6062
 4435  5976
 4443  6023
 4444  6030
 4449  6079
 4452  6047
 4465  6086
 4469  6094
 4470  6101
 4474  2679
 4479  6105
 4487  6078
 4488  6116
 4499 12449
 4505  6176
 4506  6064
 4507  6069
 4510 15076
 4522  2690
 4530  6186
 4536  6126
 4554  2867
 4556 16843
 4572  6198
 4577  2755
 4592  6163
 4596  6233
 4598  6182
 4600  6216
 4609  6153
 4611  6154
 4626  6266
 4632  6176
 4634  2923
 4641  6279
 4650  6295
 4652  6227
 4659  3116
 4660  7952
 4663  5657
 4677  6316
 4683  6331
 4685  2948
 4689  6296
 4691  6307
 4693  2867
 4696  2954
 4698  6292
 4701  3242
 4704  6291
 4705  6323
 4707  6335
 4709  6312
 4719  6337
 4724  6329
 4725  6329
 4728  6369
 4734  6351
 4745  6348
 4755  6357
 4756  6356
 4762  6386
 4771  6390
 4775  6400
 4781  6402
 4788  6389
 4795  6407
 4796  6413
 4810  6430
 4833  3122
 4842  6486
 4846  6481
 4848  6456
 4861  6515
 4864  6480
 4874  7625
 4876 19497
 4895  6513
 4902   397
 4907  6589
 4920  6532
 4926  6557
 4934  6613
 4946   785
 4950  6634
 4955  6591
 4956  3612
 4961  6614
 4963  6652
 4984  6632
 4987  6637
 4991  6642
 4998  6606
 5002  6654
 5006  6681
 5008  6667
 5015  6671
 5016  6735
 5020  6629
 5025  6695
 5028  6704
 5037 11315
 5046  6721
 5051  6712
 5057  6731
 5063  6793
 5068  6744
 5071  6794
 5073  6753
 5074  6822
 5077  6740
 5078  6733
 5081  6743
 5082  6752
 5088  6776
 5089  6776
 5093  6749
 5101  6782
 5102  6785
 5104  6788
 5121  6778
 5129  6784
 5135  6797
 5137  6796
 5140  6821
 5144  6824
 5151  6894
 5152  6908
 5156  6837
 5170  6827
 5171  6838
 5172  6854
 5176  6827
 5180  6812
 5181  6842
 5183  6840
 5186  6870
 5191  6934
 5197  6869
 5198  6881
 5199  6864
 5206  6898
 5208  6858
 5211  6891
 5214  6888
 5218  6873
 5225  6950
 5235  6884
 5237  6906
 5238  6896
 5240  6893
 5241  6958
 5243  6901
 5247  6905
 5248  6927
 5249  6892
 5252  6912
 5261  6923
 5268  7004
 5274 10034
 5276  6935
 5285  6948
 5312  7057
 5319  6978
 5321  4739
 5321  7619
 5328  6999
 5343  7019
 5346  7007
 5348  7049
 5357  7017
 5361  7634
 5363  4141
 5370  7031
 5385  7077
 5390  7040
 5400  7047
 5412  7078
 5414  7074
 5424  7099
 5426  7083
 5430  7088
 5455  7112
 5457  7146
 5463  5704
 5473  7135
 5507  8432
 5509  7249
 5513  7181
 5524  7225
 5526  7183
 5539  7215
 5548  7221
 5549  7216
 5565  7264
 5590  7308
 5595  9229
 5596  7253
 5601  7266
 5617  7292
 5621  7295
 5633  7371
 5647  7359
 5649  7347
 5653  7380
 5664  7429
 5674  7392
 5675  7393
 5677  7396
 5679  7430
 5681  7415
 5682  7398
 5688  7416
 5692  7413
 5692  7429
 5698  7417
 5700  7424
 5704  7412
 5708  7434
 5721  7463
 5727  7473
 5728  7468
 5734  7483
 5740  7497
 5746  7508
 5750  7510
 5760  7521
 5762  7429
 5773  8122
 5777  7546
 5779  7489
 5780  7547
 5784  7535
 5787  7567
 5788  7567
 5797  7602
 5799  7570
 5800  7558
 5809  7562
 5810  7591
 5820  7608
 5824  7743
 5825  7636
 5831  7523
 5836  7768
 5837   750
 5840  8038
 5845  7626
 5846  7710
 5853  7788
 5854  7789
 5858  7658
 5864  7676
 5872  7753
 5880  7613
 5894  7623
 5895  7621
 5897  7714
 5899  7767
 5901  7773
 5910  7734
 5914  7780
 5925  7652
 5928  7869
 5937  7895
 5939  7925
 5943  7844
 5949  7785
 5950  7926
 5952  3308
 5954  7686
 5969  7961
 5977  7781
 5985  7910
 5988  7803
 5992  7937
 5993  7808
 5997  7812
 6003  7823
 6013  7951
 6014  7832
 6022  8055
 6032  7855
 6036  8063
 6048  7850
 6049  8105
 6056  7867
 6061  7878
 6068  4207
 6069  8041
 6070  8127
 6071  7897
 6073  7903
 6074  8029
 6075  7913
 6078  8131
 6083  7911
 6089  8070
 6091  8183
 6094  8082
 6100  8104
 6110  8119
 6116  7957
 6118  8125
 6119  7974
 6130  7904
 6131  7894
 6132  7976
 6134  7990
 6135  8139
 6136  8152
 6138  7978
 6140  7975
 6142  7983
 6145  8005
 6149  8003
 6151  8002
 6156  8001
 6157  7999
 6158  8013
 6167  8120
 6170 11035
 6178  8038
 6183  8317
 6188  8252
 6198  8052
 6202  8069
 6214  8287
 6216  8271
 6220  8083
 6239  8304
 6247  8422
 6276  8475
 6283  8377
 6284  8256
 6293  8151
 6306  8414
 6308  8198
 6312  8505
 6316  8327
 6330  8559
 6333  8519
 6349  8569
 6352  8539
 6354  8553
 6355  8551
 6358  8209
 6365  8219
 6370  8488
 6372  8237
 6373  8600
 6378  8235
 6379  8628
 6381  8426
 6382  8424
 6386  8633
 6391  8545
 6402  8299
 6403  8750
 6404  8585
 6409  8705
 6410  8607
 6413  8675
 6418  8308
 6424  8522
 6431 13817
 6432  8793
 6446  8661
 6449  8383
 6468  8701
 6474  9031
 6480  8735
 6483  8636
 6485  8467
 6498  8765
 6508  8721
 6512  8472
 6515  9561
 6519  8588
 6530  8800
 6535  8846
 6540 15923
 6543  8738
 6546  8709
 6552  8878
 6557  8734
 6559  8752
 6560  8760
 6566  8899
 6573  8776
 6580  8855
 6584  8586
 6585  8927
 6594 13971
 6595  8986
 6597  8846
 6599  8599
 6604  8847
 6616  8875
 6618  9406
 6621  9022
 6649  7922
 6649  8972
 6658  8706
 6663  8711
 6665  8950
 6666  8846
 6670  8728
 6682  9005
 6687  9005
 6688 17662
 6695  8806
 6697  9034
 6718  8786
 6722  8797
 6728 14094
 6744  9122
 6747  9041
 6750  9129
 6774  8864
 6783 15651
 6784  9177
 6786 15507
 6810  9230
 6813  9150
 6819  9048
 6824  8971
 6840  8978
 6841 18105
 6847  9286
 6848  8996
 6850  9286
 6851  9016
 6857  9308
 6869  8997
 6884  9342
 6886  9090
 6889 10218
 6893  9088
 6894  9357
 6899  9373
 6908  9369
 6911  9375
 6915  9389
 6917  9316
 6920  9376
 6921  9315
 6933  9148
 6934  9148
 6934 14145
 6943  9406
 6944  9167
 6947  9207
 6951  9235
 6952  9174
 6956  9170
 6963  9283
 6964  9207
 6976  9209
 6979  9304
 6980  9250
 6985  9471
 6989  9415
 6990  9175
 6993  9238
 6999  9226
 7003 10362
 7007  4062
 7014  9288
 7021  9279
 7027 12041
 7031  9461
 7047  9490
 7055  9408
 7061  9585
 7079 16251
 7080  9599
 7087  9667
 7088  9603
 7101  9622
 7105  9623
 7119  9472
 7130   762
 7131  9636
 7132  9470
 7136  9654
 7141  9651
 7144  9430
 7146 18336
 7157  9439
 7166  9760
 7187  9891
 7190  9886
 7193  9900
 7218  9566
 7226  9495
 7231 10591
 7232  9906
 7233  9974
 7236  9988
 7237  9999
 7243  9698
 7244 10598
 7249 10610
 7252  9591
 7254  9930
 7255 11713
 7263 10080
 7268  9703
 7270  6847
 7281 10109
 7282 10101
 7285   710
 7287  9589
 7297 10083
 7300 10135
 7313  9635
 7315 10163
 7316 10054
 7317 10171
 7321 10177
 7328 10179
 7340  9653
 7355 10221
 7358 10223
 7360 10185
 7365  3992
 7368 10228
 7381 10252
 7387 10243
 7396  9730
 7406 10263
 7413 10239
 7414  9735
 7420  9888
 7424 10260
 7435  9764
 7443 10204
 7450  9777
 7456  9792
 7458  9790
 7462 10307
 7463 10317
 7465 10159
 7471 10319
 7478 10320
 7485 10154
 7486 10293
 7489 10297
 7490  9794
 7491 10327
 7508 10351
 7520 10330
 7521 10357
 7522 10208
 7534  9870
 7536 10245
 7545 10245
 7554 10384
 7558  9864
 7559  9866
 7560 10404
 7565  9895
 7566 10269
 7570 10388
 7574  9880
 7577  9890
 7578 10259
 7583  9897
 7587 10383
 7588 10418
 7589  9905
 7598 10428
 7607  9951
 7614 10456
 7616 10453
 7619 10001
 7621  9982
 7633 10468
 7637 10363
 7638  4810
 7642 10481
 7649 10335
 7651 10332
 7654 10348
 7655 10476
 7658 10356
 7667 10368
 7668 10512
 7669 10510
 7682 10402
 7684 10473
 7686 10471
 7688 10374
 7691 10399
 7697  4481
 7699 10567
 7701 10416
 7706 10577
 7707 10502
 7708 10431
 7710 10434
 7712 10442
 7713 10447
 7714 10452
 7716 10439
 7718  7018
 7720 10449
 7722 10455
 7727 10447
 7735 10462
 7737 10467
 7743 10617
 7744 10474
 7746 10472
 7747 10625
 7748 10589
 7757 10647
 7759 10535
 7762 10531
 7765 10509
 7768 10544
 7770 10534
 7776 10582
 7777 10605
 7778 10597
 7800 10721
 7818 10737
 7824 10783
 7828 10527
 7830 10744
 7834 10557
 7837 10743
 7843 14950
 7848 10572
 7862 10621
 7866 10636
 7874 10602
 7877 10603
 7881 10659
 7885 10558
 7887 10592
 7897 10561
 7920 10652
 7949 10693
 7955 10706
 7960  7884
 7965 17942
 7979 10732
 7981 12109
 7985  3083
 7989 10978
 8001  8156
 8017 10768
 8028 10878
 8029 10789
 8034 10825
 8043 10911
 8049 10801
 8053 10928
 8054 10810
 8068 10854
 8071 10863
 8082 10984
 8085 10986
 8087 11239
 8093 10913
 8098 10998
 8099 10948
 8107 10903
 8108 10980
 8126 10981
 8127 10946
 8133 11021
 8141  6639
 8146 10958
 8158 10973
 8163 10976
 8168 11013
 8179 11054
 8183 11025
 8195   364
 8198 11065
 8204 11095
 8207 11058
 8213 11046
 8215 11043
 8216 11120
 8217 11051
 8219 11082
 8220 10971
 8225 11107
 8228 10441
 8230 11131
 8240 11139
 8244 11147
 8246 11105
 8251 12944
 8261 11173
 8264 11118
 8271 11178
 8273 11081
 8281 11168
 8285 11102
 8286 11208
 8288  6360
 8301 11209
 8303 11232
 8314 11229
 8317 11190
 8320 11231
 8321 11189
 8323 11236
 8326 11207
 8327 11213
 8333 11207
 8365 11462
 8371 11258
 8376 11520
 8381 11537
 8397 11313
 8412 11512
 8414 11567
 8416 11559
 8419 11514
 8426 11540
 8430 11511
 8432 11543
 8434 11542
 8444 11579
 8448 11593
 8452 11304
 8455 11547
 8459 11609
 8464 11608
 8468 11611
 8470 11335
 8471 11613
 8472 11668
 8476 11670
 8477 11612
 8483 11637
 8484 11620
 8486 11641
 8490 11390
 8492 11630
 8494 11677
 8499 11379
 8504 11657
 8508 11666
 8509 11666
 8510 11672
 8513 11678
 8514 11685
 8515 11617
 8520 11432
 8522 11416
 8530 11690
 8546 10692
 8549 11720
 8558 11760
 8566 16771
 8569 11751
 8573 11753
 8574 11532
 8575 11452
 8583 11789
 8594 11798
 8596 11818
 8598 11816
 8602 11746
 8613 11775
 8620 11906
 8621 11897
 8623 11892
 8625 11582
 8629 11586
 8632 11601
 8641 11932
 8645 11635
 8647 12010
 8660 11904
 8672 11996
 8673 11955
 8683 11709
 8686 11799
 8687 12003
 8703  3625
 8713 19484
 8714 12028
 8718 12149
 8744 12089
 8746 12104
 8751 11916
 8757 12229
 8764 11571
 8776 11948
 8785 12173
 8789 12264
 8795 11961
 8797 12193
 8802 12197
 8813 11804
 8829 11944
 8832 12220
 8833 11983
 8848 11995
 8850 12316
 8871 12328
 8892 12310
 8900 12332
 8906 12383
 8909 12102
 8914 12042
 8916 12073
 8919 12113
 8925 12115
 8929 12391
 8933 12414
 8941 12150
 8943 12395
 8946 12120
 8947 11976
 8951 12408
 8953 12131
 8955 11900
 8956 12419
 8968 12189
 8969 12453
 8970 12375
 8971 12195
 8978 12176
 8980 12394
 8981 18465
 8988 12249
 8994 12470
 8998 12235
 8999 12404
 9000 12474
 9018 12479
 9019 12267
 9020 12425
 9022 11975
 9024 12495
 9025 12444
 9054 12059
 9071 12505
 9074 11819
 9082 12107
 9087 12385
 9088 12568
 9094 12526
 9098 12116
 9101 12402
 9106 12147
 9115 12540
 9121 12542
 9125 12405
 9129 12435
 9135  7873
 9137 12429
 9138 12516
 9139 12572
 9140 12554
 9141 12116
 9147 12523
 9149 12116
 9166 12588
 9168 12209
 9173 12144
 9176 12452
 9177 12452
 9181 12590
 9187 12544
 9190 12289
 9191 12487
 9192 12225
 9195 12488
 9201 12499
 9215 12637
 9222 12652
 9226 12291
 9239 12678
 9241 12508
 9243 12528
 9245 12686
 9251  3981
 9254 12517
 9267 12650
 9271 12731
 9272 12726
 9290 12585
 9293 12556
 9296 12596
 9300 12756
 9306 12767
 9307 12558
 9312 12595
 9316 12584
 9318 12609
 9319 12600
 9325 12760
 9328 19444
 9332 12643
 9333 12781
 9342 12597
 9345 12647
 9347 12845
 9359 12801
 9370 12628
 9379 12824
 9383 12847
 9388 12704
 9391 12694
 9396 12644
 9400 12716
 9406 12886
 9414 12706
 9425 12928
 9434 12979
 9437 12748
 9439 12730
 9440  2812
 9441 17478
 9444 12965
 9453 12751
 9456 13059
 9460 12947
 9461 12796
 9462 12944
 9463 13093
 9467 12974
 9468 13118
 9471 12779
 9473 12942
 9474 12814
 9482 12787
 9483 12953
 9487 12969
 9491 13165
 9493 12782
 9497 13120
 9500 12853
 9508 13133
 9513 13050
 9518 12804
 9519 12830
 9522 12800
 9525 12860
 9531 12806
 9535 13067
 9536 13085
 9540 13094
 9546 13226
 9549 12896
 9553 13168
 9557 13115
 9561 13189
 9564 12882
 9570 12872
 9574 12834
 9575 13176
 9576 12885
 9578 11144
 9579 12834
 9581 12922
 9590 12897
 9591 12856
 9592 13069
 9593 12879
 9595 12843
 9596 12875
 9597 12864
 9599 12866
 9602 12858
 9603 12862
 9610 12857
 9617 13249
 9621 12889
 9622 12962
 9625 12946
 9627 12900
 9632 12986
 9634 12898
 9638 12995
 9639 12888
 9640 12941
 9645 12919
 9646 12980
 9650 13005
 9652 12903
 9655 12908
 9657 12926
 9660 13243
 9661 13018
 9663 13210
 9668 13015
 9673 13040
 9675 13051
 9682 13266
 9686 13073
 9691 12963
 9692 13270
 9693 12963
 9695 12967
 9699 13290
 9700 13057
 9706 13289
 9710 13055
 9716 13099
 9717 13195
 9726 13393
 9728 13003
 9736 13111
 9739 13029
 9744 13230
 9745 13426
 9750 13134
 9751 13135
 9752 13351
 9753 13167
 9756 13139
 9760 13158
 9763 13252
 9768 13262
 9772 13116
 9773 13137
 9774 13042
 9775 13349
 9779 13265
 9780 13278
 9784 13162
 9787 13166
 9789 13161
 9790 13171
 9792 13348
 9794 13152
 9796 13298
 9800 13213
 9802 13157
 9805 13156
 9811 13240
 9816 13185
 9818 13449
 9827 13204
 9828 13184
 9830 13241
 9831 13237
 9834 13214
 9838 13281
 9842 13211
 9851 13455
 9853 13216
 9856 13615
 9858 13251
 9874 13630
 9881 13327
 9884 13254
 9895 13293
 9899 13515
 9900 13682
 9902 13536
 9903 13331
 9909 13698
 9911 13296
 9918 13385
 9921 13709
 9922 13342
 9923 13308
 9928 13396
 9931 13332
 9939 13414
 9940 13410
 9946 13387
 9951 13731
 9952 13420
 9954 13708
 9955 13337
 9958 13742
 9961 13727
 9968 13417
 9974 13372
 9975 13354
 9979 13347
 9983 13363
 9985 13735
 9995 13362
 9997 13781
 9999 13368
10005 13388
10006 13428
10010 13647
10013 13399
10017 13389
10018 13432
10019 13767
10033 13419
10034 13871
10041 13612
10042 13460
10045 13418
10059 13478
10061 13710
10063 13119
10069 13538
10071 13442
10072 13537
10074 13499
10077 13494
10083 15212
10086 13488
10087 13868
10088 13539
10094 13548
10095 13528
10099 13486
10100 13487
10111 13526
10112 13583
10118 13511
10121 13544
10134 13580
10140 13547
10142   709
10152 14014
10153 13588
10156 13632
10159 13596
10167 13571
10170 13563
10174 13566
10175 13593
10180 13566
10180 13574
10185 13641
10187 13590
10194 13968
10199 14061
10202 13620
10204 13618
10206 13678
10212 13622
10220 13611
10224 13979
10230 13576
10232 13637
10240 13640
10241 13655
10243 13664
10247 13658
10248 13676
10250 13739
10261 13660
10263 14134
10267 13784
10268 13681
10269 13891
10270 13686
10272 13747
10280 13675
10284 13659
10286 14168
10292 14150
10299 13994
10302 13777
10305 13713
10306 13700
10310 13826
10315 14187
10326 13643
10344 13732
10347 13738
10348 13787
10349 13867
10352 13869
10353 13827
10357 13841
10358 13794
10362 14163
10364 13809
10366 13791
10367 13893
10373 13984
10385 13890
10387 14091
10392 14177
10393 13859
10395 13862
10396 13823
10398 14020
10400 13840
10409 13906
10410 13910
10413 13875
10415 13939
10419 13957
10422 13851
10423 13911
10424 13874
10425 14349
10426 13853
10428 13919
10429 13894
10431 13886
10440 13902
10448 13920
10450 13981
10459 12443
10460 13941
10464 15094
10465 13899
10466 13935
10468   543
10473 13978
10483 13930
10487 14246
10491 14405
10497 13937
10500 14141
10503 14432
10504 14435
10511 13945
10517 14045
10520 14144
10527 14055
10530 13973
10531 13970
10532 14016
10546 14491
10561 14413
10567 14002
10576 13974
10578  5050
10581 10732
10594 14414
10598 15137
10605 13997
10608 14011
10616 10732
10625 14595
10637 14034
10641 14046
10642 14050
10645  8397
10652 14096
10661  2929
10669 14101
10675 14059
10680 14072
10681 20271
10683 14076
10690 14120
10696 14080
10704 14424
10724 14049
10729 14597
10733 14114
10760 14726
10770 14654
10777 14791
10789 14690
10796 14760
10809  5139
10817 13104
10829 14731
10868 14823
10873  4082
10896 14919
10912 15152
10927 15187
10928 14986
10943 15214
10990 11020
11025 17224
11075 20256
11097 15537
11118 15059
11124 19235
11310  7011
11351  2769
11405  3648
11425 20256
11437  3042
11455  5049
11502 15565
11521 10744
11540 15702
11542 17364
11610 11917
11670  5354
11685 16123
11692 15356
11752 15575
11760 13530
11808 17502
11883 20187
11995 11915
12009  2128
12076  8391
12134  2531
12155  1251
12304 14448
12333  7625
12408 14229
12410  1251
12467    38
12556   938
12581 17224
12595 16636
12693 17079
12708 15356
12747 11491
12750    44
12783  5163
12784 11926
12792 16183
12807  5163
12850  2518
12891  3523
12948 19346
12954  2459
13123 16183
13176 18735
13290 18340
13340 13561
13356 16981
13357  6851
13392 15517
13398 17790
13406  6616
13477 15187
13511  8335
13563 19346
13578  3221
13646 14491
13709  9012
13840  6193
13924 14049
13943  3163
14171  3163
14178 20151
14187  3163
14240  8071
14304 14260
14440  3202
14449  4132
14532  2196
14621 11297
14641  5210
14762 17927
14811 15354
14892 11747
14906  8807
14986  9299
15130  3183
15161 15599
15163  9724
15321 10633
15390 17514
15439 15221
15509 11483
15679 16884
15783 14491
15887  5157
15942 17780
16026 18450
16028 14736
16166  5307
16177  2796
16339 20256
16356 12074
16489 16785
16553  5784
16590 11703
16678 19029
16705  7678
16839  1084
16914 18443
17029 17188
17033 19259
17051  4233
17052 18503
17232 16328
17428   231
17438 17911
17467 12239
17493  3527
17595 17860
17730 14172
17788 16377
17905  8898
18055 18905
18066 10196
18087 16901
18131  4963
18153 19462
18235    44
18242 20054
18265 20256
18305    11
18311    17
