    0  9399
    3    48
    4 17164
    6    15
    9    33
   10    46
   14  5596
   27     0
   81  6286
  345 13827
  523 17588
  575 17626
  715  2637
  802  5120
  809  2087
  972  4940
  977 18727
 1034 18570
 1078 16215
 1263  1382
 1380  6456
 1451  7558
 1487  1673
 1494  4900
 1585  4586
 1655 17312
 1735 12328
 1845  1845
 1912  5344
 2015 18274
 2078  9470
 2104 11884
 2238  8866
 2253  2041
 2331  3608
 2338  6113
 2414 18352
 2428 18503
 2483  5611
 2710  7092
 2781 10089
 2890  5720
 2996 10655
 3019 10577
 3152 17448
 3213  5597
 3217  3781
 3234  5810
 3321  5075
 3322  9835
 3332 18076
 3368  5569
 3398  5569
 3551 10917
 3683  5767
 3760  4278
 3912 17406
 3927  3053
 4027  5875
 4051  1108
 4062  1108
 4128  5858
 4208  6065
 4278  6107
 4317 11408
 4344 15454
 4369  5810
 4370  5935
 4410  5959
 4487 15715
 4519  5370
 4525 16279
 4556 17618
 4608  6478
 4761  4614
 4779 10436
 4822  4556
 4847  4694
 4909  6212
 4913  9420
 4921  6082
 4935  6075
 5058  1570
 5144  6145
 5183  6164
 5216   644
 5300 10048
 5312  6108
 5406 18209
 5455  7447
 5471  7196
 5533  7211
 5534  7213
 5549  1068
 5561  7247
 5604  7856
 5614  5656
 5673  7289
 5699  5264
 5735  6873
 5747  7339
 5758  7346
 5771  7361
 5775  7357
 5787  4401
 5790  7367
 5796  5387
 5864 13133
 5941 11174
 5949 11760
 6021  2010
 6023  1784
 6036  7599
 6061 13356
 6119  2414
 6127 12344
 6129 11703
 6162  1704
 6170  5875
 6230  9213
 6253 11633
 6290   401
 6390  8584
 6408  2971
 6427   773
 6432 18322
 6508  8084
 6557  8120
 6569 10802
 6574  8134
 6590  8162
 6593  8162
 6596  8164
 6607  8036
 6615  8264
 6638  8248
 6643  4244
 6671  8280
 6678  8434
 6679  8442
 6689  8297
 6691  8297
 6697  8310
 6698  8463
 6700  7985
 6702  8346
 6709  8314
 6710  8344
 6713  8102
 6717  8349
 6745  8333
 6767  8398
 6770  8399
 6772  8498
 6781  8373
 6787  8383
 6795  8392
 6807 16207
 6813  8413
 6831  8427
 6840  8447
 6841  8467
 6879 11019
 6935  3423
 6950 10959
 6957 14754
 6960  9079
 6986  9030
 6988  8548
 7015  1826
 7073 10592
 7105 10500
 7114   329
 7117 10015
 7124 10531
 7128 10716
 7173  3093
 7302 10143
 7356 10671
 7422  3858
 7436  9528
 7458  1678
 7491 12439
 7501  9521
 7508  9733
 7511 10519
 7590 10671
 7599  4639
 7600  3075
 7614  9612
 7679  2894
 7723  9681
 7742  9718
 7766 10062
 7767 10632
 7770  5564
 7782  8993
 7811  9015
 7826 10693
 7836 10755
 7844  9058
 7853  9054
 7866  9950
 7882  9946
 7884  1181
 7891 11234
 7908 11376
 7949  9585
 7962  9105
 7967 10032
 7982 10325
 7983  3889
 8053  9707
 8062  9731
 8069 18702
 8091  9885
 8095 10318
 8100  3196
 8114  9400
 8148 13590
 8150  7974
 8176  2603
 8239  9434
 8262  7136
 8312 17934
 8320 10446
 8334  1408
 8336  6760
 8437 17937
 8440   460
 8491  5582
 8503  8551
 8529 15846
 8544 16616
 8655  9171
 8675  9272
 8752  9304
 8799 17777
 8888   961
 8894  8018
 8901   602
 8989 11152
 9001 11196
 9008 10979
 9009 11031
 9010 10975
 9018 11069
 9021 11023
 9038 11033
 9040 11022
 9046 11053
 9047 11134
 9063 11072
 9071 11085
 9072 11082
 9087  3613
 9088 11143
 9090 11307
 9096 11130
 9109 11145
 9110 11208
 9126 11165
 9137 11195
 9140  8714
 9141 11195
 9152 11227
 9158 11236
 9164  5575
 9165 11272
 9167 11259
 9168 11338
 9226 11407
 9229 11373
 9231 11379
 9242 11406
 9253 11466
 9260 11439
 9261 11133
 9277 11465
 9292 18528
 9308 12828
 9326 11481
 9337 11492
 9347 11507
 9348 11509
 9370 11536
 9374 11233
 9382 11566
 9386 11575
 9390  2904
 9396 11597
 9399 12069
 9410  7410
 9416  1201
 9430 11374
 9473 12314
 9510 12333
 9525 12363
 9536  5387
 9537  2709
 9543 12367
 9547 12850
 9567 11703
 9587 12481
 9588  1267
 9621 13087
 9731 18431
 9758  4552
 9770  4552
 9785 15889
 9854  2196
 9902  9962
 9906   195
 9927  7811
 9936 11875
 9944  2136
 9976 12007
10071 12363
10103  5032
10129 17099
10184 18273
10203 13009
10210   796
10218  4844
10228  7520
10243  6726
10259 10352
10280 12582
10291 12612
10312 12674
10318 13436
10323 13468
10341 12820
10344 12816
10353 13232
10374 13726
10377 12935
10407 13059
10440  3367
10456  3948
10501 14334
10504 13561
10524 13879
10544 14359
10545 14359
10556 14490
10572 14493
10601   619
10610 14157
10612 14625
10628 14085
10645 13685
10682 14584
10728 15009
10820 14522
10852  5506
10884 14554
10897 14483
10909 15004
10934 15042
10937 14666
10962 15491
11039 18729
11066 14881
11081 14873
11093  8295
11121  8300
11126 15601
11222 16056
11245 15303
11483 15701
11513 16444
11522  6241
11534 15438
11762 16055
11831 16148
11957 10776
12172  3994
12250  1596
12261  3746
12375 16705
12386 13386
12647  1327
12725 18615
12764  4246
12819  8300
12853  5675
13177  2698
13307  1486
13501 16669
13507  2009
14124  2337
14170  1596
14231  9332
14356 15585
14386 18248
14396  3299
14553 18476
14568 13319
14662 18138
14772 14118
14802 18183
14814  7476
14907 13200
15067   743
15082 16174
15133 16728
15430  9095
15548 14932
15775   353
15810 16533
15863  9399
15866  7820
15939 11987
15999 16374
16021 15699
16087  2086
16099  4556
16105  8947
16155 10390
16376  6289
16601 18605
17158  8518
17474  9322
17559 16221
17672 17533
17829 11343
18051  6411
18167  5336
18188 11085
18261  7335
18405  9354
18483  5755
18512  3352
18712  5665
18724 15304
18756 17481
18819 18549
18846  7382
19231 10828
19250 10560
19304 18221
19356  2992
19432  1123
19459  9429
19496 11051
19511  3155
19589 12124
19596  8416
19601  1155
19784 14905
19884   225
20067  3116
20085  9331
20308  6754
20375 18318
20603  1895
20710  7273
20933  9124
21014  7851
21050   896
21343  8036
21589 13302
21608 18138
21658 17195
21660 12847
21850 15128
21900  3729
21906 16008
22208  1169
22460 18324
22497 11256
22910  9502
23064 18503
23277  3513
23422  3894
23433  5836
23453 10178
23506  9830
23556  7263
23612 14906
23675 13195
23776 18092
23785 11402
23883 10782
23894   467
24060 18503
24415  2059
24431  5183
24477  5100
24633  1382
24675  6698
24720  6458
24881 14558
24933  1432
24944  4214
25144  2495
25345  2853
25412 10473
25471 16065
25474  2785
25635  8836
25639  5630
25831  4970
25882  4058
26007  7974
26053  2986
26149  6692
26223  8431
26242 14675
26265  5514
26488 18298
26542 10351
26549  2028
26951 18079
27156  3378
27202 17065
27227 17449
27273 12888
27363 13089
27407 17064
27449 11888
27453 12399
27457 11000
27469 11927
27571  5532
27662  9465
27675  7117
27685 17771
27742  4968
27837 12739
27905  3518
28145  2778
28216  2530
28423 16215
28444 16104
28537  9385
28629  2988
28932  7994
28939  3656
29015 18004
29113  8356
29120 14166
29122 11418
29127 17269
29183 10476
29287  7863
29350  3630
29407 18521
29457  9321
29605  1330
29660 18564
29702 12987
29780  2560
29794  7777
29825 10082
30026 17591
30058  3533
30079 17974
30099 10774
30125 11115
30131  1388
30171 18729
30179  1646
30238 13658
30320 16780
30390    22
30404    28
30416    22
30422 18696
30424    22
30473 18695
30480  1868
30487    21
30490 18733
