    0    51
    4 15421
    8    26
    9    18
   10    26
   13 17411
   17    23
   27    25
   84 13025
  100 16895
  180  5462
  219 10121
  232 10934
  277  4135
  425  2480
  691  7777
  802  4704
  825  7464
  840 14898
  865  4815
  901 16163
  903  8443
  927 12267
  984  9534
  991 11785
 1019  1646
 1038 11137
 1058  2735
 1084 16327
 1148  8896
 1207  4911
 1228  4908
 1263  1651
 1329  8283
 1352 10563
 1387  1524
 1423 15307
 1641  7389
 1694 10644
 1749 13803
 1870 11012
 1896  8674
 1975  1998
 2011  5090
 2043 17307
 2102  8672
 2128 13359
 2180 10359
 2270  9577
 2365   278
 2426 14025
 2428 16238
 2431  5935
 2489 15730
 2503 15904
 2564  6306
 2724 13783
 2767 14968
 2856  6583
 2918  4844
 2934 10213
 3004  6338
 3035   666
 3123  5335
 3135  5253
 3154 13640
 3220 16210
 3233  3139
 3234  5275
 3300 15192
 3319  6336
 3361  6154
 3483  4867
 3616  7557
 3734  5060
 3913  3915
 3934  5286
 4027  5333
 4045   289
 4128  5287
 4153  5311
 4219 15494
 4327  5359
 4341  5378
 4364 15427
 4370  5387
 4379  5354
 4423 16083
 4447  2562
 4496  8307
 4547  7214
 4556 15141
 4578  8141
 4608 12186
 4637  6752
 4694  2935
 4745  8141
 4770 17090
 4779  9009
 4862 15755
 4917  6970
 5057 10967
 5069 15183
 5144  5634
 5149  4051
 5177 15423
 5205  3398
 5312  5635
 5414  2883
 5474  6333
 5483  5336
 5558 10215
 5589 14208
 5604  6933
 5663  6441
 5668  8750
 5673  6443
 5680  6445
 5703 12743
 5719  6462
 5724  1849
 5739  6469
 5747  6479
 5758  6475
 5770  6490
 5771  6492
 5775  6484
 5779 10068
 5796 15860
 5857  7036
 5898 12708
 5899  7067
 5996  9185
 6036  6705
 6047 11029
 6050  5529
 6091  6882
 6091  9785
 6159  3283
 6162  1622
 6201  4083
 6215 16435
 6227 16628
 6440 13118
 6441   346
 6466 15919
 6472 15904
 6487  6084
 6508  7089
 6557  7109
 6574  7118
 6596  7128
 6602  8674
 6607  7203
 6638  7160
 6639 11794
 6652  7175
 6671  7177
 6679  7470
 6689  7190
 6696  7281
 6697  7199
 6702  7236
 6708  7413
 6709  7198
 6710  7231
 6723  7237
 6745  7215
 6764 12027
 6767  7277
 6770  7284
 6781  7249
 6787  7263
 6799  7258
 6807 13858
 6814  7502
 6840  7306
 6869 16007
 6917  9063
 6941 15861
 6943  9233
 6982  8191
 7045  8967
 7060 11978
 7073  9499
 7094  6224
 7112   743
 7128  9405
 7147  9378
 7171  8145
 7191  9465
 7219 17098
 7259  8727
 7310  8788
 7318 15220
 7323  6105
 7328  6105
 7333  6105
 7334  9103
 7341  6105
 7343  6105
 7434  9534
 7562  6884
 7587   244
 7614  8417
 7685 14800
 7714  9282
 7727  8516
 7730   919
 7742  8525
 7744  8028
 7753  8015
 7766  8766
 7782  8043
 7816  9416
 7817  9074
 7830 12479
 7836  9416
 7857 10801
 7870  3280
 7884  1215
 7903  5706
 7915  9616
 8009  8890
 8052  9372
 8095  9224
 8107 14662
 8132  9392
 8248   768
 8316  7690
 8320  9258
 8401  2798
 8440  3155
 8449  4673
 8465 14665
 8488  8479
 8529 13752
 8559 15701
 8653  7745
 8655  8189
 8678 15376
 8718  4989
 8841  8667
 8869  8300
 8888  1024
 8923 14979
 8947  9512
 8952 17273
 8958  9736
 8962  1110
 8976  9853
 8982  9473
 8989  9741
 9001  9800
 9009  9635
 9010  9538
 9018  9645
 9021  9592
 9025  9618
 9038  9571
 9040  9564
 9047  9721
 9067  9686
 9068 16719
 9069  9625
 9071  9617
 9072  9623
 9080  9640
 9091  9660
 9096  9663
 9099  9665
 9103  9801
 9105  9698
 9109  9684
 9110  9792
 9111  9775
 9120  9702
 9126  9705
 9137  9728
 9139  9748
 9141  9728
 9157  9781
 9158  9795
 9167  9802
 9168  9896
 9178  9817
 9181  9813
 9211  9869
 9222  9971
 9228  9875
 9229  9881
 9231  9906
 9244 15359
 9245  9903
 9260  9946
 9261  9956
 9273  7224
 9286 10323
 9289 15655
 9290  7230
 9294  9970
 9326 10004
 9347 10027
 9348 10048
 9365  8119
 9370 10062
 9374 10031
 9382 10075
 9386 10076
 9399 10601
 9410  6780
 9430 10111
 9459   143
 9473 10861
 9487 10910
 9493 12707
 9508 10920
 9525 10958
 9542 10907
 9543 11012
 9559 11051
 9583  4980
 9590 15427
 9600 17382
 9606   123
 9664  6448
 9715  6540
 9740 11273
 9785 13740
 9830  5173
 9844    25
 9911   629
 9961  4997
 9971 10783
 9997  9501
10060 15801
10071 17278
10091  2303
10107  4051
10107 12543
10117  2300
10157  9503
10189  9717
10227 17288
10252 12555
10262 11050
10269 11054
10280 11087
10291 11117
10303 11142
10341 11277
10344 11276
10346 11278
10374 12024
10377 11332
10386  9314
10399    61
10405 11507
10421 11463
10433 11526
10491  3784
10501 12435
10512  3784
10556 12575
10566 12055
10591 12730
10610 12409
10628 12241
10656 12950
10659  7295
10680 12589
10682 12713
10701 12922
10728 12966
10761  6752
10820 12539
10844 13216
10884 12574
10962 13376
11027  9720
11066 12802
11099  6529
11126 13372
11134 12845
11182 12811
11222 13791
11245 13281
11323 13928
11396  7312
11422 10321
11449  4357
11471  7437
11480  3635
11485 10689
11534 13208
11735  3148
11762 13854
11777 13517
11817  4739
11889 13637
11916  4582
11948 12628
12137   882
12223 16659
12375 14159
12482 16637
12589 15109
12769 16090
12779 16099
12816 13752
12833 11177
12851  6446
12853  5284
12859  2676
12910  5284
13099 12543
13146 14697
13336 13762
13349 11738
13478  5011
13528 14723
13534  8451
13575  5729
13652  9464
13672 12223
13806 15391
13817 13912
13907 13957
13972  2303
14124  2494
14170  8127
14386 16013
14392  6521
14458 17184
14578 16160
14610  2942
14722 12022
14979 15087
15011  9534
15030 10268
15126 12027
15182 12676
15307    81
15361  3252
15373 14082
15373 14101
15458 11953
15728 15109
15829 10936
15869 12314
15907 16791
16155  8984
16216 12875
16480  9744
16506 13065
16508  6454
16565 17340
16570   589
16622 13305
16669 16494
17036  5834
17217 12415
17470  2321
17505 13118
17526  4709
17715  5889
17775  3966
17781 15975
17950 17319
18023  9398
18483  4722
18489  5431
18507  6249
18562  7832
18774 12158
18786  3375
18863    54
18889  9293
18896 16725
19432   808
19536  5980
19604 12620
19652 17330
19744 11598
19770  5557
19860 16706
19908 15881
20085  8235
20224 11029
20239 12980
20264 14079
20297 12836
20308 16029
20378 12425
20380 12893
20455 11029
20801 16584
20886   241
21151 11604
21322   404
21388 13938
21400 12893
21406  9043
21580 16344
21701  4908
22572 12104
22647  8069
22795  2008
22803    13
22865  5011
22880 13070
23103  1135
23151 17116
23162 13055
23168 16515
23368  5935
23450  3895
23556  6603
23776 15761
23807  2123
23884  2735
23898 11064
23972  1849
24011   606
24114  9610
24115 12836
24128 10553
24178 17278
24293 12037
24307 13785
24384  8358
24472  6693
24627 11693
24686 14234
24903  7581
24918 13729
24991  2224
25053 15682
25116 15179
25144  2114
25236  9561
25333  3810
25413 10884
25432 11860
25504  9747
25635  7635
25779  6972
25914 15602
25942 15991
26174  8043
26258  9534
26948 15723
26957 15723
27178 10030
27217  5189
27390 15478
27431  3452
27733  3358
27864  5104
27886  1907
27899  3442
28026  9208
28043 11107
28110 11482
28172   382
28236 10651
28236 10787
28242  6000
28248 12612
28405 12741
28414  8184
28434  4351
28538 10553
28591 15025
28629   244
28751 11631
28788  2438
28811    60
28858 14425
29049  5256
29144 12162
29248  1179
29270  5565
29328  4627
29365  4074
29399 16926
29431   601
29493 16402
29543  3195
29589  2706
29764  5916
29799 17337
29915 16279
29941 16068
30032 16867
30140 14467
30191  8098
30253  4620
30349     2
30374 14369
30389 15248
30390 17403
30408  8630
30422  3471
30434 13733
30467  8634
30492    23
30498 17415
