    0 20506
    5    36
    7    63
    8 19486
    9    63
   11 20510
  161  1584
  188  1937
  196  2017
  258 12650
  303  9419
  315  1427
  426  1695
  455 16191
  549 19768
  571 16884
  581  1511
  621 15958
  638 16087
  649 16076
  736  1573
  741  2124
  801  1935
  825  1960
  830  7425
  903  2005
  924  2467
  961  2112
 1033  1470
 1060  3353
 1071 18342
 1084  2109
 1110  2022
 1123  2027
 1141  2041
 1150 10663
 1160  2071
 1175  2532
 1189 19261
 1194 13261
 1207  2255
 1222  2243
 1263    98
 1297  2119
 1367  2384
 1382  5553
 1402  5136
 1408  2252
 1429  2298
 1445  3777
 1449  2434
 1483 13285
 1567  6671
 1568  9120
 1585  1643
 1588  2451
 1646  2532
 1683  2124
 1733  2575
 1738  4623
 1755  2584
 1886  6775
 1910  3389
 1987 10820
 2012  2277
 2041  2293
 2062  5561
 2078  1099
 2172  2335
 2199 10797
 2267  2236
 2305  1919
 2320  5488
 2333   131
 2419  2463
 2483  2642
 2494  2469
 2495  2651
 2521  2702
 2531  8350
 2540  2490
 2546  2470
 2581  2488
 2617  2486
 2649 11392
 2707  2531
 2745  2860
 2807  4551
 2819  3360
 2829  2849
 2890  2856
 2908  2895
 2909  2565
 2948  2580
 3025  2658
 3067  2622
 3069  2684
 3135  2964
 3148  2734
 3152 12233
 3162  1895
 3185  2699
 3187  3102
 3200  2573
 3208  3082
 3213  2776
 3217  1626
 3249 19213
 3270  2814
 3279  2769
 3321  2350
 3322  5895
 3368  2742
 3371  3087
 3376  3087
 3398  2742
 3402  2875
 3412  2833
 3427  3189
 3468  2916
 3476  3179
 3499  2892
 3519  2927
 3558  3250
 3561  3310
 3567  2933
 3624  3353
 3627 16626
 3658  3289
 3664  3282
 3696  3022
 3710  3350
 3735  3396
 3754  3334
 3784  2995
 3795  3097
 3824  1679
 3832  5404
 3844  3046
 3850  3403
 3852  3096
 3858  8616
 3872  3035
 3890  3443
 3922  3443
 3924  3439
 3934  3139
 3958  3106
 3960  3406
 3974 12233
 3989  3199
 3995  3437
 4018  3148
 4027  3230
 4038  1311
 4068  3162
 4092  3464
 4128  3198
 4132  3515
 4148  3503
 4153  3236
 4208  3491
 4310  3902
 4327  3314
 4341  3330
 4379  3325
 4390  3882
 4395  3588
 4410  3377
 4419  3633
 4421  3096
 4451  3371
 4538  3400
 4551  3438
 4565  3697
 4569  3671
 4580  3430
 4600  4484
 4649  3744
 4678  1597
 4691  3740
 4739  3748
 4742  3636
 4770 13218
 4807 16416
 4864  1378
 4866  3702
 4873  3502
 4921  3596
 4935  3592
 4963  4656
 5039 20151
 5081  3673
 5084  3678
 5093  3703
 5159  1924
 5183  3736
 5197  5153
 5272  3747
 5281  4836
 5287  3754
 5344  4797
 5388  4867
 5471  4704
 5479  4668
 5518  4711
 5523  4708
 5534  4709
 5561  4761
 5566  5352
 5573  4739
 5575  4746
 5591  4757
 5595  4756
 5603  5386
 5604  5384
 5619  4770
 5628  4772
 5663  4824
 5664  4820
 5673  4829
 5680  4830
 5681  4841
 5719  4874
 5726  4875
 5744  4898
 5747  4907
 5751 16781
 5758  4901
 5765  4925
 5771  4937
 5775  4928
 5777  4945
 5778  4948
 5784  4956
 5785  4964
 5787  2088
 5790  4955
 5796 18297
 5808  5430
 5832  5445
 5899  5457
 5903 20498
 5920   332
 5938  4164
 6058  5567
 6308 12849
 6346  2103
 6387  3340
 6441  5645
 6442   213
 6455  5564
 6467  5556
 6499  5568
 6533  5850
 6537  5661
 6546  5605
 6557  5607
 6573  5686
 6590  5637
 6593  5637
 6594  5644
 6596  5639
 6605  5877
 6607  5688
 6615  5712
 6638  5687
 6652  5714
 6657  5708
 6671  5725
 6689  5757
 6691  5757
 6696  5811
 6702  5809
 6709  5772
 6710  5807
 6713  5801
 6719  5976
 6723  5818
 6725  5814
 6745  5802
 6747  6010
 6762  6025
 6770  5873
 6772  6038
 6773  5878
 6775  5845
 6781  5848
 6799  5862
 6800  5895
 6803 12919
 6813  5885
 6814  6066
 6841  5941
 6869  2617
 6877  5953
 6891  6897
 6940  7398
 6957 12705
 6982  6840
 6986  6616
 7041  6740
 7046 13129
 7081  7366
 7100  7391
 7104  6991
 7114  9104
 7118  7391
 7127  7398
 7128  8885
 7129  8655
 7129  8897
 7142  9781
 7184  7498
 7203  7508
 7208  4562
 7230  7556
 7256  7530
 7281  8911
 7296  8655
 7321  8980
 7343  8117
 7393 19434
 7409  8134
 7419 14279
 7456  7093
 7547  7797
 7558  3186
 7577  4880
 7599  2830
 7614  7290
 7632  1101
 7647  7768
 7696  8134
 7710  6693
 7712  8197
 7714  8228
 7741  8004
 7744  6830
 7753  6824
 7766  7783
 7767  8302
 7782  6861
 7889  7805
 7949  7424
 7956 16532
 7975 10426
 7981  7108
 7982  8281
 7998 19587
 8016  5858
 8021  7824
 8049  5436
 8053  7679
 8084  8321
 8086  8738
 8095  8321
 8114  7404
 8120 11476
 8128  8500
 8132  9041
 8140  7560
 8147  7560
 8154  8458
 8165  7911
 8169 13169
 8193  8624
 8301  8609
 8320  8482
 8322  8739
 8342  8181
 8346  8759
 8421  7977
 8434  3354
 8456  7934
 8508  9100
 8540 11185
 8605  9094
 8621  8658
 8622  5626
 8657  7054
 8669  6897
 8687  9215
 8704  7005
 8707  7005
 8708  6737
 8748 20230
 8876 19797
 8974  3706
 8982  9099
 8993  8979
 9008  9239
 9009  9302
 9010  9238
 9018  9414
 9021  9342
 9023  9255
 9069  9415
 9080  9449
 9083  9708
 9084  9711
 9088  9621
 9096  9479
 9099  9480
 9109  9499
 9110  9559
 9111  9508
 9126  9521
 9127  9709
 9137  9539
 9141  9539
 9150 10190
 9152  9564
 9167  9604
 9168  9670
 9211  9671
 9222  9776
 9223  9699
 9228  9690
 9229  9707
 9260  9779
 9261  9766
 9265  9752
 9277  9808
 9286 10035
 9306  5557
 9338  5672
 9350  7491
 9352  9874
 9361  5560
 9375  6723
 9382  9919
 9383  7539
 9393  9822
 9396  9935
 9399 10296
 9412  5221
 9423  9963
 9430  9922
 9440  5373
 9456  2564
 9511 10541
 9520 10593
 9543 10646
 9562 10224
 9564 10617
 9577 10630
 9615  8124
 9619 15288
 9624 10695
 9641 10705
 9689 10749
 9700 11045
 9730  8499
 9740 10866
 9779 13665
 9781 11044
 9782 11045
 9815  2617
 9845  9867
 9975  3078
10052 19232
10100  7542
10136   402
10140   208
10147  1260
10156  2573
10211  5274
10259  9520
10262 10904
10271 10957
10273 11485
10276  9555
10280 10938
10291 10967
10307 11067
10312 11042
10341 11216
10344 11209
10374 11793
10377 11310
10380  9419
10387  3610
10412 11844
10413 11648
10421 11436
10433 11503
10501 12227
10517 12043
10524 11997
10566 11969
10591  5068
10604 12542
10610 12245
10612 12488
10615 14940
10624 10622
10628 12182
10633 12663
10656 12744
10682 12566
10702 10148
10752 12880
10753  5328
10820 12518
10897 12509
10941  9683
10991  8639
11111 13318
11182 12820
11222 13538
11245 13108
11399 19619
11449 15269
11480  2261
11483 13450
11534 13226
11739   437
11817  2494
11933 13721
12198  8682
12375 14255
12777 11455
12805  9567
12858 13442
12860  2672
12870  9070
12910  2672
13008 13513
13020  3205
13177  3205
13275 18306
13361  3143
13447  5740
13452  1535
13571   109
13628  2494
13710 18272
13725  5747
13863  6044
13875  9833
14151  3136
14315 15119
14385  3650
14423 18676
14458 19285
14587 16513
14749   206
14784 10653
14895 11028
15004 17759
15013 11438
15082 13783
15093 14584
15627 16104
15683 14015
15742 20525
15760  2979
15812 19293
15853 20510
15857  6139
15863 20506
16077 10040
16149  1662
16281 20038
16525  4413
17038 13502
17066  7594
17165  3951
17273  2673
17293  2672
17373  7216
17605 11213
17670 18786
18190 18742
18335 10190
18452 10908
18512 17694
18719 20172
18743  9109
18855  3306
19179  2930
19427 13619
19540 14391
19599 19857
19689  6248
20041  4880
20049 16123
20074 16126
20079 12155
20206 16911
20668  9515
20698 15079
20731 19894
21041  7131
21076 18247
21177  7035
21243  7230
21540  8090
21644 14391
21789  1426
21815  8226
22125  7504
22137  5442
22241 16420
22245 19386
22451 12272
22824  8531
22953  6139
23023  8930
23077 15452
23079 12456
23219 18261
23797 16427
23899 17121
24108  5482
24277  5858
24289  9076
24341 19219
24363  7886
24432 19195
24606  5858
24647 19940
24755  2672
24790 18865
24897 11896
24918 13721
25144 18401
25266 10262
25812  5685
25905 15210
26103 17394
26317  2244
26364 11625
26370  8875
26388 14611
26403 11236
26437 12817
26616  1937
26872 13943
26942 17457
26945  5540
26957  2673
26991 18864
27048 16435
27259  8999
27273  2203
27527 10704
27576  9216
27723  1904
27879 10343
27883  4009
28019  1311
28196 11703
28200 11596
28333  8559
28412  2420
28537  8016
28548 16849
28560 19278
28633 12410
28744 20011
28760 13323
28806 11013
28812 16101
28821 16664
28939 13558
29023 12129
29145 13415
29162 20263
29183  8908
29274 11478
29563 18593
29605  2588
29763 20332
29919 18270
30046 10683
30076  5637
30150  4039
30174 20323
30317 15660
30345 20333
30376    42
30387 20477
30418 20521
30445 20494
30459 20506
30473 15057
30487 20509
30492    30
