    4     7
    5 18285
   11 27631
   27  2395
   62  3607
   67 26557
  100  8892
  188  9586
  232 11555
  251 26000
  259  8089
  331  4386
  488  4495
  542  2489
  613    48
  649 23515
  698   693
  725  3669
  801   112
  817 10204
  825   144
  837   196
  851   193
  866   226
  877   234
  881   237
  886   219
  897   259
  903   241
  930   288
  949   313
  950   286
  955   314
  959 14632
  961   311
  968   157
  971   309
  977  7282
  978   291
  992   302
 1001  5994
 1006   357
 1011   335
 1013   341
 1014   317
 1016   331
 1027  7340
 1028  6551
 1031  7340
 1032  5892
 1033   358
 1035   334
 1043   382
 1051   400
 1055   384
 1062   362
 1063   361
 1065   374
 1070   389
 1074   410
 1076   380
 1077   403
 1087   416
 1088   378
 1097   437
 1101   396
 1102   396
 1104   444
 1105   445
 1106   404
 1109   397
 1110   398
 1120   406
 1127   413
 1132   423
 1141   433
 1142   441
 1144   435
 1157   460
 1160   461
 1161   463
 1163   507
 1165  6952
 1175   993
 1177   483
 1179   481
 1186   543
 1189   521
 1190   532
 1207   560
 1209   506
 1216   540
 1219   558
 1230   527
 1232   529
 1233   570
 1238   547
 1240   549
 1244   555
 1272   574
 1274   572
 1277  5238
 1281 11603
 1284   589
 1287 18165
 1288   623
 1291   583
 1292   591
 1295   623
 1302   594
 1310   599
 1311   609
 1315 13201
 1325   625
 1329   620
 1336   710
 1338   631
 1341   635
 1342   644
 1343   637
 1344   675
 1346   641
 1348   637
 1350   646
 1351   651
 1354   728
 1359   670
 1362   698
 1365   658
 1366   653
 1367   702
 1368   657
 1370   745
 1371   682
 1372   740
 1374   749
 1377   753
 1378   754
 1379   706
 1382   758
 1383   758
 1386   759
 1387   758
 1388   671
 1390   755
 1395   668
 1397   694
 1398   705
 1399   696
 1400   756
 1401   678
 1402   773
 1404   750
 1405   684
 1408   686
 1411   685
 1412   681
 1414   743
 1415   787
 1417   781
 1421   708
 1422   691
 1423   692
 1424   689
 1427   700
 1428 16296
 1429   709
 1436   731
 1441   715
 1446   717
 1449   764
 1459   746
 1460   741
 1467   742
 1468   742
 1470   762
 1475   765
 1479   772
 1501   794
 1502   807
 1504   803
 1505   800
 1506   790
 1511   795
 1512   816
 1517   818
 1518   798
 1523   825
 1537   353
 1539   824
 1540   826
 1554   838
 1559   863
 1561   846
 1565   891
 1577   875
 1578   868
 1579   870
 1581   867
 1582   876
 1584   887
 1587   899
 1588   904
 1592   890
 1593   895
 1603   938
 1604   898
 1614   923
 1615   954
 1618   912
 1619   983
 1620   924
 1625 19862
 1627   918
 1638   932
 1640   961
 1642   926
 1646   993
 1651   945
 1657   958
 1660   968
 1663   953
 1665   984
 1672   955
 1676  1002
 1678   988
 1684 15263
 1691  1020
 1693   991
 1694  1037
 1695  1014
 1697  1009
 1701  1045
 1706  1018
 1711  1058
 1712  1059
 1713  1035
 1716  1043
 1719  1041
 1722  1074
 1723  1044
 1724  1082
 1727  1128
 1733  1129
 1736  1115
 1744 10653
 1749  1099
 1755  1128
 1768 23860
 1775  1149
 1776  1165
 1781  1181
 1788  1200
 1791  1257
 1809  1266
 1813  1269
 1816  1305
 1821  1281
 1823 10808
 1824  1290
 1825  1287
 1826  1289
 1829  1335
 1831  1327
 1834  1308
 1837  1317
 1838  1368
 1841  1368
 1844  1306
 1851  1362
 1862  1366
 1869  1373
 1877  1419
 1878  1372
 1879  1372
 1881  1374
 1883  1394
 1884  1396
 1886  1389
 1894  1399
 1902  1405
 1903  1405
 1908  6440
 1910  1558
 1913  1425
 1917  1436
 1918  1427
 1940  1587
 1942  1442
 1946  1478
 1951   280
 1956  1460
 1965  1273
 1970  1279
 1987  1443
 2001  1331
 2011  1528
 2012  1316
 2018 22315
 2022  1348
 2028  1571
 2030  1330
 2040  1342
 2041  1343
 2042  1341
 2049  6969
 2051  1369
 2054  1583
 2060 22974
 2062 11172
 2067  1410
 2069  1371
 2071  1589
 2073  1393
 2078  1619
 2079  1641
 2085  1635
 2086  1659
 2087  1386
 2098  1395
 2103  1654
 2104  1651
 2105  1432
 2106  1680
 2109  1408
 2110 20907
 2118  1411
 2119  1567
 2122  1708
 2123 11207
 2131  1433
 2140  1537
 2144  1604
 2156  1449
 2168  1937
 2171  1461
 2172  1448
 2183 11339
 2186  1467
 2190  1462
 2205  1483
 2215  1487
 2216  1993
 2229  1496
 2232  1494
 2235  1582
 2239  1251
 2243  2030
 2271  1525
 2271 22069
 2276  1689
 2282  1693
 2288  1976
 2298  1711
 2302  1553
 2308  1743
 2311  1552
 2313  1755
 2318  1565
 2322  1556
 2325  1731
 2326  1559
 2328  1774
 2329  1557
 2341  1764
 2343  1563
 2350  1575
 2351  1821
 2360  1741
 2362 11544
 2363  1862
 2364  1854
 2368  1855
 2372  1830
 2373  1866
 2374  1891
 2375  1841
 2377  1811
 2379  1836
 2385  1851
 2389  1873
 2394  1669
 2396  1597
 2399  1856
 2401  1912
 2406  1878
 2409  1859
 2414 11475
 2416  1892
 2417 26668
 2418  1921
 2419  1639
 2424  1958
 2430  1908
 2442  1637
 2444  1930
 2445  1678
 2446  1684
 2447  1910
 2448  1932
 2451  1919
 2454  1927
 2455  1983
 2459  1933
 2461   388
 2464  1906
 2471  1954
 2472  1949
 2473  1987
 2475  1990
 2476  1728
 2478  1951
 2482  1975
 2483  1934
 2484  1959
 2486  2002
 2487  1704
 2488  2008
 2490  1989
 2491  1738
 2492  1752
 2494  1719
 2495   130
 2498  1979
 2499  2014
 2502  2005
 2504  2020
 2506  1999
 2508  1723
 2509  1781
 2514  1740
 2518  1807
 2519  2029
 2521  2011
 2529  1823
 2530  1787
 2532  1988
 2534  1840
 2540  1808
 2551  2039
 2555  2044
 2559  1843
 2561  2049
 2563  2070
 2568  1828
 2577  2113
 2580  2064
 2581  1868
 2588  2096
 2593  2121
 2595  1926
 2596  2122
 2598  2116
 2604    15
 2608  2153
 2614  2144
 2623  2124
 2624  2117
 2634  2166
 2636  2133
 2640  2146
 2641  2138
 2650 11444
 2654  2154
 2655  2299
 2662  1957
 2674  2157
 2692  2010
 2697  2180
 2701  2341
 2704  2181
 2707  2033
 2714  2210
 2724  2189
 2725  2205
 2732  2218
 2736  2208
 2740  2391
 2742  2048
 2744  2230
 2745  2236
 2748  2063
 2751 11595
 2755  2440
 2758  2090
 2759  2098
 2762  2420
 2765  2263
 2766  2250
 2767  2072
 2771  2075
 2776  2242
 2779  2451
 2792  2266
 2793  2285
 2794  2279
 2796  2265
 2802  2141
 2803  2456
 2806  2277
 2808  2298
 2810  2309
 2812  2156
 2814  2291
 2820  2313
 2822  2318
 2824  2541
 2825  2308
 2827  2321
 2829  2311
 2830  2334
 2833  2338
 2836  2177
 2849  2340
 2856  2203
 2859  2375
 2865  2221
 2866  2176
 2868  2381
 2870  2198
 2873  2368
 2882  2212
 2890  2373
 2893  2385
 2895  2240
 2896  2407
 2902  2389
 2905  2226
 2909  2235
 2912  2397
 2914  2415
 2915  2238
 2918  2427
 2919  2269
 2922  2247
 2931  2453
 2935  2444
 2940  2286
 2941  2446
 2943  2281
 2945  2330
 2946  2443
 2948  2295
 2950  2473
 2953  2460
 2955  2472
 2956  2467
 2958  2465
 2962  2462
 2970  2491
 2973  2488
 2980  2478
 2981 12841
 3008  2533
 3013  2502
 3015  2541
 3020  2537
 3024  2527
 3027  2539
 3029  2540
 3042  2567
 3044  3185
 3052  2583
 3054  2558
 3061  2571
 3063  2585
 3069  2445
 3071  2584
 3083  2575
 3087  2592
 3092  2609
 3095  2597
 3097  2599
 3098  2598
 3099  2616
 3107  2605
 3108  2600
 3112  2602
 3113  2628
 3114  2596
 3117  2624
 3118  2621
 3122  2612
 3126  2630
 3127  2873
 3135  2601
 3136  2643
 3137  2508
 3141  2657
 3143  2500
 3150  2663
 3152  2619
 3157  2688
 3161  9632
 3164  2700
 3167  2553
 3173  2696
 3180  2725
 3182  2729
 3185  2551
 3187  2738
 3190  2717
 3191  2721
 3192  2720
 3206  2744
 3208  3492
 3209  2728
 3210  2590
 3216  2542
 3217  1831
 3224  2625
 3233  2752
 3240  2873
 3242  2756
 3244  2611
 3249  2763
 3251  2766
 3260  2792
 3270  2664
 3273  2809
 3277  2794
 3280  2673
 3282  2646
 3288  2802
 3296  2666
 3301  2799
 3303  2811
 3306  2706
 3317  2823
 3321  2593
 3329  2701
 3333  8194
 3335  2829
 3340  2737
 3342  2821
 3347  2857
 3353  2751
 3354  2718
 3355  2750
 3365  2758
 3368  2724
 3371  2843
 3376  2848
 3377  2870
 3378 25377
 3381  2867
 3384  2895
 3386  2882
 3398  2724
 3402  2779
 3404  2908
 3410  2891
 3412  2775
 3418  2907
 3423  2913
 3434  2922
 3445  2943
 3450  1834
 3451  2593
 3452  2936
 3453  2941
 3454  2938
 3458  2946
 3467 11802
 3468  2835
 3474  2970
 3476  2973
 3479  2832
 3481  2834
 3482  2841
 3483  2982
 3488  3083
 3494  2851
 3499  2858
 3500  2993
 3501  3016
 3509  3039
 3510  2865
 3516  3008
 3517  3012
 3521  2879
 3524  3018
 3526  3022
 3528  3046
 3530  2889
 3531  3028
 3534  2924
 3541  3113
 3541  8572
 3543  3070
 3544  3027
 3546  2921
 3550  3052
 3551   541
 3558  3063
 3561  3099
 3563  3074
 3564  3096
 3572 18921
 3575  3085
 3585  3150
 3589  3120
 3590  3137
 3591  3100
 3598  3109
 3599  3129
 3602  3118
 3606  3147
 3609  3125
 3614  2992
 3615  3134
 3617  3104
 3618  3001
 3621  3171
 3623  2976
 3624  3198
 3626  3153
 3637  3173
 3638  3154
 3644  3193
 3646  3035
 3647  3169
 3654  3000
 3659  3186
 3661  8079
 3662  3200
 3663  3047
 3664  3191
 3667  3205
 3669  3209
 3670  3219
 3674  3245
 3676  3225
 3680  3216
 3683  3081
 3684  3240
 3692  3229
 3694  3228
 3696  3088
 3697  3246
 3699  3264
 3700  3251
 3703  3249
 3704   916
 3706  3271
 3708  3261
 3709  3076
 3710  3244
 3716  3255
 3719  3093
 3720  3127
 3722  3273
 3729  3257
 3730  3253
 3735  3287
 3740  3268
 3741  3133
 3742  3266
 3744  3295
 3746  3274
 3750  3123
 3752  3301
 3753  3281
 3754  3283
 3758  3305
 3768  3152
 3771  3183
 3772  3131
 3773  3308
 3776  3157
 3778  3313
 3780  3148
 3782  3324
 3784  3146
 3788  3168
 3789  3313
 3793  3156
 3796  3342
 3798  3194
 3801  4407
 3808  3354
 3810  3357
 3818  3162
 3821  3340
 3824  1011
 3827  3372
 3831  3371
 3836  3382
 3840  7571
 3843  3204
 3845  3208
 3847  3236
 3849  3407
 3850  3393
 3859  3403
 3861  3400
 3865  3385
 3868  3415
 3871  3233
 3872  3222
 3880  3448
 3887  3446
 3889  3252
 3890  3450
 3896  3459
 3902  3453
 3908  3475
 3910  3442
 3912  3480
 3913  3492
 3915  3467
 3921  3312
 3922  3450
 3924  3503
 3928  3493
 3929  3312
 3933  3481
 3934  3319
 3937  3317
 3938  3489
 3941  3509
 3942  3541
 3944  3522
 3945  3468
 3946  3491
 3947  3508
 3949  3496
 3950  3517
 3955  3500
 3958  3355
 3960  3529
 3964  3523
 3966  3515
 3970  3552
 3972  3534
 3974  3549
 3975  3559
 3978  3560
 3984  3547
 3985  3392
 3987  3566
 3988  3399
 3990  3582
 3991  3565
 3995  3569
 3999  3418
 4005  3545
 4008  3597
 4011  3608
 4016  3590
 4017  3607
 4018  3439
 4019  3435
 4023  3612
 4027  3474
 4028  3474
 4029  3623
 4031  3444
 4041  3638
 4043  3620
 4044  3652
 4046  3618
 4048  3653
 4049  3622
 4057  3662
 4059  3636
 4062  1457
 4068  3469
 4069  3484
 4075  3675
 4078  3659
 4079  3526
 4082  3672
 4086  3682
 4087  3680
 4091  3699
 4095  3704
 4097  3709
 4102  3714
 4108  3531
 4110  3701
 4114  3706
 4117  3737
 4122  3722
 4123  3742
 4126  3743
 4128  3567
 4130  3562
 4132  3747
 4134  3576
 4135  3728
 4144  3577
 4145  3764
 4146  3765
 4148  3750
 4149  3739
 4152  3775
 4153  3591
 4154  3767
 4157  3754
 4160  3779
 4161  3787
 4162  3785
 4164  3762
 4168  3778
 4178  3800
 4179  3793
 4180  3811
 4182  3820
 4183  3815
 4184  3796
 4185  3821
 4186  3812
 4188  3616
 4190  3824
 4196  3819
 4203  3797
 4204  3835
 4207  3645
 4208  3797
 4213  3846
 4219  3822
 4221  3829
 4223  8874
 4230  3866
 4233  3646
 4236  3871
 4242  3854
 4243  3881
 4250  3873
 4253  3856
 4254  3726
 4258  3711
 4262  4014
 4264  3901
 4271  3900
 4272  3888
 4278  3919
 4283  3917
 4287  3941
 4289  3911
 4292  3938
 4294  3943
 4303  3939
 4310  3970
 4311  3744
 4313  3949
 4314  3948
 4317  3777
 4327  3786
 4329  3991
 4330  3989
 4332  3988
 4334  3980
 4335  4000
 4336  3983
 4337  3998
 4339  4002
 4340  3783
 4341  3809
 4346  4008
 4347   822
 4348  2448
 4350  3995
 4351  3826
 4355  4013
 4356  4017
 4359  4018
 4361  4022
 4363  4040
 4367  4033
 4368  3768
 4374  4032
 4379  3847
 4383  1333
 4384  4029
 4387  3882
 4388  4048
 4389  4049
 4392  4263
 4396  3884
 4402  4059
 4403  3895
 4406  4062
 4409  4060
 4410  3906
 4419  4073
 4421  4260
 4427  4082
 4428  3926
 4429  4076
 4431  4072
 4432  4087
 4436  4090
 4441  4281
 4443  4089
 4444  3930
 4445  4084
 4453  4267
 4454  4098
 4463  4083
 4464  4095
 4469  4107
 4471   261
 4472  4110
 4473  4088
 4474  4112
 4476  4124
 4478  3958
 4480  4093
 4481  4122
 4486  4128
 4490  4135
 4499  4306
 4500  4121
 4503 10505
 4512  4325
 4518  4175
 4519  9200
 4524  4152
 4525  4155
 4526  4163
 4531  4302
 4534  4176
 4536  4351
 4538  3997
 4541  4178
 4543  4181
 4546   227
 4549  4201
 4563 13648
 4565  4218
 4568 11489
 4569  4210
 4571  4222
 4576  4224
 4580  4031
 4587  4232
 4593  4235
 4599  4255
 4600  4404
 4601  4240
 4602  4227
 4608  4241
 4614  4250
 4618  2480
 4619  4091
 4620  4258
 4621  4268
 4622  4271
 4624  4269
 4625  4287
 4634  4298
 4635  4290
 4639  4277
 4643  4275
 4649  4341
 4651  4320
 4652  4321
 4659  4301
 4662  4303
 4665  4339
 4671  4363
 4676  4345
 4678  3049
 4684  4366
 4705  4495
 4709  4436
 4710  4401
 4726  4464
 4728  4490
 4730  4455
 4739  4474
 4742  4383
 4743  4496
 4747  4395
 4749  4499
 4751  4446
 4761  4514
 4768  4542
 4773  4859
 4775  1650
 4777  4354
 4778  4548
 4780  5157
 4784  4549
 4795  4560
 4799  4552
 4800  4561
 4801  4577
 4802  4584
 4803  4358
 4806  4574
 4808  4592
 4812  4583
 4814  4602
 4815  4591
 4823  4590
 4832  4633
 4837  4431
 4858  5038
 4862  4676
 4865  4625
 4866  4566
 4870  4459
 4872  4661
 4873  4425
 4882  1986
 4900  4619
 4905  4505
 4907  4528
 4927  4638
 4935  4569
 4943  5162
 4946  5316
 4947  3364
 4953  4719
 4963  5181
 4964  4603
 4969  5187
 4977  4858
 4980  5198
 4985  5211
 4986  5202
 4988  5209
 4991  5355
 4992  4680
 4993  4959
 4999  5213
 5000  5398
 5006  5235
 5017  5229
 5023  4793
 5031  5240
 5033  5241
 5034  5269
 5036  5255
 5039  3332
 5048  5259
 5058  5405
 5061  5288
 5064 27502
 5082  5472
 5084  4766
 5087  5315
 5092  5465
 5094  5465
 5105  5325
 5106  5328
 5117  5337
 5121  5369
 5122  5366
 5124  5370
 5134  5379
 5135  5385
 5144  4834
 5148  4975
 5152  4964
 5163  2000
 5164  4866
 5168  4847
 5169  5400
 5170  4857
 5173  5384
 5177  8891
 5183  4893
 5188  5417
 5197  5429
 5198  5434
 5199  5185
 5201  5512
 5204  5430
 5208  5432
 5211  5042
 5214  5436
 5215  5437
 5219  5031
 5221  5445
 5223  5446
 5224  4948
 5226  4892
 5228   980
 5229   971
 5231  5052
 5237  5052
 5239  1101
 5240  5463
 5241  5471
 5242  5448
 5244  5484
 5245  5478
 5249  5482
 5250  5479
 5255  5491
 5268  5000
 5271  5490
 5272  4969
 5274  5001
 5276  5506
 5282  5511
 5304  3486
 5307  5557
 5316  5140
 5319  5559
 5323  5570
 5329  5575
 5342  5574
 5351  5585
 5358  5602
 5359  5587
 5365  5595
 5371  5609
 5377  4419
 5382  5624
 5383  5615
 5384  5621
 5393  5510
 5403  5632
 5404  5636
 5413  5646
 5421  5643
 5422  5654
 5423  5702
 5426  5662
 5429  5688
 5430  5663
 5431  5656
 5434  5554
 5435  5541
 5439  5658
 5440  5664
 5444  5664
 5447  5676
 5449 17846
 5450  5566
 5454  5683
 5458  5698
 5460  5699
 5461  5737
 5471  5613
 5479  5597
 5495  5768
 5503  5773
 5504  5618
 5512  5785
 5513  5535
 5515  5758
 5518  5657
 5523  5667
 5524  5666
 5534  5675
 5547  4273
 5560  5809
 5562 11479
 5570  5850
 5573  5751
 5575  5752
 5579  5893
 5591  5776
 5595  5778
 5597  5886
 5599  1847
 5599  1852
 5599  1853
 5603  5892
 5604  5903
 5611 10051
 5622  5801
 5628  5804
 5641  5878
 5654  5969
 5657 16777
 5660  2365
 5663  5845
 5664  5842
 5665  5889
 5669  5960
 5674  3359
 5680  5846
 5681  5857
 5712  4987
 5725  5874
 5734  4252
 5737  5952
 5758  5905
 5761  6131
 5763  5907
 5770  5916
 5771  5920
 5775  5922
 5777  5930
 5778  5936
 5781  5934
 5784  5939
 5798  5954
 5799  5949
 5813  5967
 5832  6126
 5837  6144
 5844  6145
 5845  6126
 5864  6130
 5899  6181
 5901  6188
 5909  6136
 5921 15085
 5925  6204
 5926  6183
 5932  6201
 5957  6301
 5959  6228
 5960  6235
 5965  6819
 5977  6819
 5982  6220
 5985  6218
 5992  6341
 5999  6255
 6006  6363
 6018  6290
 6021  6296
 6042  6293
 6050  6329
 6055  6372
 6057  6090
 6058  6374
 6061  4322
 6062  6346
 6063  6397
 6064  6349
 6071  6335
 6073  6360
 6077  6333
 6088  6380
 6092  1615
 6113  6464
 6124  6399
 6125  6500
 6126  6503
 6127  6402
 6135  6516
 6138 10414
 6143  6494
 6148  6524
 6160  6569
 6162  6459
 6167  5935
 6173  6562
 6176  6465
 6180  6440
 6190  6449
 6207  6507
 6209  3235
 6212  6540
 6217  6510
 6221  6532
 6226  6589
 6241  6566
 6242  6552
 6251  6519
 6255  6557
 6256  6555
 6257  6580
 6262  6594
 6265  6477
 6266  6430
 6275  6434
 6280  4570
 6281  6601
 6290  6635
 6292  6484
 6294  6600
 6295  6648
 6304  6669
 6305  6602
 6308  1071
 6313  6559
 6327  6488
 6336  6553
 6340  4385
 6342  6541
 6347  6830
 6350  6479
 6353  6621
 6355  6680
 6358  6504
 6359  6563
 6360  6720
 6360  6737
 6364  6549
 6367  6754
 6368  5036
 6372  6704
 6377  6584
 6378  6726
 6387  6636
 6388  6740
 6390  6631
 6395  6742
 6396  6718
 6397  6733
 6399 25167
 6401  9989
 6404  6581
 6405  6579
 6408  6598
 6411  6747
 6418  6556
 6423  6750
 6424  6573
 6429  6605
 6434  6683
 6436  6617
 6437  6687
 6438  6616
 6439  6662
 6440  6765
 6441  6699
 6443  6770
 6446  6642
 6450  6700
 6452  6701
 6460  6693
 6463  6797
 6468  6725
 6469  6743
 6470  6808
 6472  6788
 6474  6681
 6479  6794
 6481  6817
 6482  6628
 6485  6749
 6492  6753
 6493  6810
 6497  6814
 6498  6818
 6499  6689
 6500  6813
 6502  6820
 6503  6823
 6506  6824
 6509  6841
 6511  6756
 6515  6841
 6521  6738
 6526  6853
 6534  6460
 6535  6860
 6545  6882
 6546  6775
 6549  4492
 6551  6895
 6553  6896
 6559  6886
 6565  6835
 6571  6905
 6573  6868
 6576  6893
 6580  6919
 6583  6921
 6586  2813
 6589  6943
 6590  6838
 6593  6838
 6594  6849
 6596  6845
 6605  6944
 6610  6964
 6610 22597
 6613  6967
 6615  6897
 6616  3730
 6632  7007
 6638  6906
 6645  6965
 6652  6924
 6653  6966
 6656  7117
 6657  6923
 6658  7028
 6661  7040
 6664  7035
 6666  7053
 6675  7043
 6676  7053
 6679  7075
 6680  7048
 6689  6968
 6690  7068
 6691  6968
 6697  6983
 6702  7002
 6708  7073
 6709  6987
 6713  7037
 6715  7080
 6716  7088
 6717  7012
 6718  7024
 6719  7090
 6720  5346
 6721  7091
 6722  6752
 6723  7015
 6730  7098
 6739  7107
 6740  7108
 6745  7030
 6746  7115
 6747  7097
 6750  7110
 6751  7031
 6752  7109
 6757  7131
 6759  7134
 6760  7143
 6762  7125
 6763  7065
 6766  7137
 6767  7069
 6770  7072
 6772  7122
 6773  7074
 6777  7136
 6781  7076
 6799  7087
 6800  7135
 6810  7169
 6813  7102
 6820  5419
 6835  7250
 6840  7142
 6844  7238
 6846  7238
 6850  7276
 6854  7168
 6857 12888
 6870  7277
 6871  7292
 6876  8530
 6877  7167
 6882  7427
 6884  7436
 6885  7282
 6886  7324
 6889  7331
 6891  7485
 6892  7483
 6893  7487
 6895  7488
 6901  7491
 6902  7179
 6906  7493
 6911 18165
 6913  7203
 6915  7188
 6918  7545
 6922  7236
 6927  7554
 6935  7444
 6951  7288
 6958 26431
 6960  7385
 6966  7545
 6978  7593
 6980  7419
 6985  7289
 6986  7475
 6988  7411
 6997  2651
 6998 14126
 7001  7332
 7004  7320
 7006  7333
 7018  7378
 7026  7653
 7028  7624
 7035  7630
 7043  7611
 7048  8426
 7053  7638
 7059  4594
 7061  7587
 7063  7706
 7068  7410
 7072  7415
 7076  4610
 7077  7720
 7078  7756
 7082  4610
 7094  7765
 7096  7754
 7098  6352
 7115  7697
 7117  7776
 7128  7536
 7129  8663
 7130  7361
 7135  7727
 7137  7772
 7143  7647
 7148  7612
 7164  5651
 7165  7745
 7166  7596
 7168  7828
 7169  7813
 7183  7854
 7184  7835
 7191  8864
 7195  7848
 7196  7640
 7199  7837
 7202  7852
 7211  7851
 7213  7837
 7214  7810
 7220  7857
 7221  7855
 7223  7868
 7225  7678
 7236  7881
 7247  7863
 7252  7702
 7255  7898
 7260  8356
 7261  7911
 7262  7730
 7271  7873
 7275  7926
 7278  7927
 7283  7933
 7290  6613
 7293  7760
 7309  7787
 7316  7914
 7317  8015
 7319  8002
 7323  8001
 7325  8015
 7331  7972
 7332  7992
 7333  7977
 7340  7793
 7355  7981
 7363  7950
 7376  7950
 7377  8049
 7386  7816
 7390  8063
 7395  8059
 7399  8065
 7400  8059
 7402  8069
 7408  7843
 7411  7839
 7412  8069
 7418  8011
 7420  8053
 7427  7866
 7438  8128
 7439 11812
 7440  6542
 7445  8093
 7452  7912
 7455  7150
 7462  8101
 7463  7620
 7464  8096
 7466  7917
 7469  8094
 7470  8117
 7473  7925
 7478  8187
 7484  8135
 7489  8146
 7492  8153
 7501  8067
 7507  7682
 7509  8164
 7510  8158
 7513  8027
 7515  8194
 7521  8100
 7522  8238
 7524  7676
 7526  8251
 7529  8045
 7532  8062
 7539 18716
 7542  6755
 7545  8259
 7548  8209
 7549  8075
 7550  8267
 7553  8239
 7557  8281
 7558  6388
 7560  8087
 7564  8299
 7567  8368
 7569  8104
 7570  7725
 7574  8095
 7575  8315
 7581  6386
 7585  6386
 7586  7708
 7588  8120
 7594  8301
 7599  6289
 7600  8149
 7614  8213
 7624  8289
 7628  8867
 7638  8165
 7640  7959
 7646  8354
 7648  8175
 7659  8413
 7667  8368
 7669  8181
 7675  8198
 7679  8206
 7687  8200
 7688 12026
 7690  8210
 7691  8450
 7700  8457
 7706  8467
 7712  8465
 7714  8479
 7719  8528
 7725  8462
 7742  9198
 7744  8215
 7747  8540
 7760  8277
 7762  8555
 7763  8524
 7766  8454
 7767  8569
 7785  8589
 7787  8597
 7795  8574
 7797  8629
 7803  8592
 7805  8373
 7808  8616
 7809  8385
 7810  8576
 7811  8279
 7812  8376
 7816  8632
 7817  8633
 7820  8664
 7826  8675
 7829  8418
 7831  8418
 7836  8638
 7846  8867
 7847  8685
 7855  8440
 7856  8434
 7857  7008
 7862  8690
 7864  6418
 7866  8505
 7871  8704
 7872  8363
 7874  8437
 7882  8513
 7885  8572
 7886  8728
 7889  8548
 7895  8480
 7896  8414
 7902  6297
 7907  8484
 7908  8736
 7911  8723
 7913 18716
 7915  8489
 7917  8520
 7921  8722
 7923  8747
 7927  8735
 7942  7922
 7946  8794
 7948  8579
 7949  8584
 7955  1125
 7956  8746
 7962  8502
 7963  8598
 7964  8488
 7968  8838
 7974  4009
 7977  7118
 7982  8813
 7985  7970
 7987  8660
 7989  8634
 7990  8557
 7991  8634
 7993  8679
 7995 10277
 8000 23139
 8004 13264
 8006  8658
 8007  8808
 8025  8717
 8035  8740
 8036  8741
 8040  8742
 8043 22887
 8044  8903
 8048  8739
 8050  8708
 8053  8756
 8055  8760
 8059  8963
 8061  8772
 8062  6825
 8067  8773
 8068  8788
 8071  8926
 8079  8797
 8084  8968
 8086  9113
 8090  8820
 8092  9005
 8096 17321
 8100  8843
 8103  8841
 8105  8850
 8106  8830
 8109  8834
 8110  8833
 8114  8796
 8120  9093
 8121  9042
 8123  9103
 8126  8880
 8127  9103
 8128  9104
 8130  8898
 8132  9041
 8136  8853
 8140  8869
 8143  8877
 8147  8869
 8149  8928
 8150  8870
 8151 16910
 8155  8940
 8160  8894
 8164  8931
 8166  9108
 8168  8954
 8169  9122
 8176  8888
 8177  7906
 8184  9179
 8189  8982
 8191  8912
 8192  8921
 8195  8887
 8197  8992
 8207  3043
 8207  8930
 8208  9000
 8213  9011
 8219  8970
 8220  9178
 8225  8941
 8230  9185
 8231  9186
 8234  9109
 8238  9182
 8245  9234
 8248  8989
 8251  9007
 8256  9216
 8259  9235
 8263  9016
 8268  9224
 8272  9217
 8278  9222
 8279  9245
 8280  9124
 8282  9260
 8284  9242
 8288  9143
 8291  8918
 8294  9247
 8296  9285
 8300  8142
 8303  9278
 8305  8142
 8310  9280
 8311  8849
 8315  9299
 8316  8944
 8317  9281
 8320  9198
 8323  9305
 8327  8644
 8328  9169
 8332  9293
 8336 11540
 8338  9320
 8339  9172
 8342  9181
 8343  9333
 8345  9318
 8347  9335
 8348  9340
 8355  9188
 8359  9366
 8363  9344
 8365  9202
 8367  9209
 8368  9196
 8372  9365
 8379  9389
 8381  9376
 8387  9409
 8389  9408
 8393  9240
 8395  9250
 8397  9410
 8404  9421
 8407  9263
 8414  9203
 8415  9450
 8421  9223
 8423  9436
 8431  9449
 8433 11799
 8436  9441
 8443  9461
 8447  9453
 8451  9476
 8452  9463
 8455  9153
 8456  9225
 8458  9443
 8459  9481
 8460  9479
 8461  9473
 8462  9478
 8463  9277
 8466  9346
 8467  9483
 8468  9488
 8473  9490
 8476  9499
 8480  9372
 8485  9513
 8486  6157
 8487  6157
 8493  9405
 8496  9395
 8508  9520
 8510  9555
 8511  9418
 8518  9336
 8520  9430
 8522  9565
 8523  9563
 8524  9459
 8531  9442
 8534  9515
 8535  9460
 8539 13852
 8541  9546
 8546  9509
 8551  9537
 8553  9521
 8558  6802
 8559  9549
 8560  9573
 8561  9540
 8563 25288
 8565  9558
 8572  9568
 8573  9586
 8575  9526
 8583  9506
 8588  9551
 8590  9560
 8595  9561
 8598  9608
 8600  9610
 8601  9628
 8602  9623
 8605  9638
 8607  9614
 8611  9610
 8612  9595
 8616  9608
 8617  9615
 8618  9611
 8620  9655
 8621  9538
 8622  9648
 8626  9684
 8628  9699
 8631  9604
 8632  9687
 8633  9587
 8637  9639
 8639  9700
 8641  9658
 8642  9620
 8644  9687
 8647  9600
 8650  9597
 8656  9651
 8657  9654
 8659  9681
 8660  9703
 8662  9718
 8664  9668
 8674  9714
 8677  9734
 8679  9715
 8681  9714
 8682  9697
 8683  9755
 8688  9656
 8690  9744
 8694  9709
 8695  9742
 8697  9731
 8698  9761
 8700  9780
 8709  9779
 8710  9737
 8712  9775
 8716  9653
 8721  9663
 8722  9764
 8728  9702
 8730  9690
 8738  9741
 8748  8138
 8749  9781
 8756 24974
 8757  9815
 8762  9811
 8768  9818
 8769  9830
 8771  9828
 8772  9825
 8774  9854
 8776  9865
 8779  9862
 8780 25701
 8795  9841
 8798  9901
 8801  9880
 8809  9903
 8839  9923
 8845 24915
 8850  9948
 8861  9951
 8867  9935
 8868  9887
 8871  9899
 8873  9925
 8874  9956
 8878  9966
 8880  9967
 8888  9984
 8899 10007
 8903  9919
 8906  9940
 8908  9942
 8909  9955
 8911  9945
 8912 10069
 8915 10018
 8922 10065
 8925 10035
 8926  9989
 8927 10033
 8930 10009
 8932 10094
 8933 10038
 8935 10052
 8937 24191
 8938 10053
 8951  9974
 8953  9997
 8957  9994
 8959 10067
 8960 10027
 8961  9979
 8963  6662
 8964  9978
 8965 10093
 8967 10097
 8968 10101
 8982 10004
 8983 10095
 8987 10138
 8988 10000
 8989 10059
 8991 10136
 8992 10032
 8993 10064
 8995 10078
 8998  1885
 9001 10090
 9002 10154
 9008 10049
 9009 10054
 9010 10047
 9011 10090
 9020  8809
 9021 10066
 9022 10079
 9023 10063
 9027 10068
 9029 10183
 9031 10189
 9033 10081
 9036 10096
 9040 10088
 9046 10085
 9053 10220
 9057 10128
 9064 10239
 9066 10235
 9067 10147
 9069 10134
 9071 10137
 9084 10262
 9087 10263
 9093 10268
 9095 10414
 9096 10168
 9100 10170
 9103 10222
 9108 10299
 9110 10221
 9111 10202
 9116 10302
 9127 10308
 9130 10319
 9132  7463
 9133 10226
 9135 10316
 9137 10229
 9139 10238
 9141 10229
 9143 10345
 9152 10249
 9153 10295
 9156 10339
 9158 10265
 9164 10266
 9166 10377
 9167 10272
 9168 10303
 9169 10381
 9173 10405
 9187 10384
 9190 10404
 9191 10408
 9194 10418
 9199 10325
 9207 10370
 9211 10334
 9213 18555
 9215 10445
 9217 10430
 9218 10449
 9220 10460
 9222 10369
 9223 10360
 9225 10199
 9228 10352
 9229 10356
 9230 10380
 9231 10372
 9234 10365
 9237 10434
 9241 10470
 9242 10378
 9245 10371
 9246 10416
 9250 10450
 9251 10432
 9261 10441
 9265 10398
 9266 10503
 9270 10399
 9273 10505
 9280 10499
 9282 10498
 9287  6600
 9290 10496
 9293 10618
 9294 10424
 9297 10490
 9299 10542
 9301 10570
 9305 10567
 9308 10526
 9310 10514
 9326 10455
 9329 10575
 9335 10579
 9336  7394
 9338 10571
 9340  7394
 9347 10484
 9354 10581
 9360  7407
 9361 10564
 9363 10558
 9364 10584
 9365 10583
 9369 10636
 9374 10588
 9375 10583
 9379 10663
 9383 10119
 9386 10552
 9393 10591
 9394 10569
 9395 10639
 9396 10574
 9399 10682
 9401 10619
 9406 10611
 9410 10747
 9413 10609
 9420 10610
 9423 10661
 9430 10657
 9440  9456
 9446 10231
 9464 10711
 9469 10719
 9473 10766
 9474 10720
 9479 21799
 9484 10314
 9485  7462
 9487 10799
 9489  7462
 9491 10743
 9498 10806
 9503 10759
 9505 10347
 9509 10756
 9511 10818
 9512 10758
 9518 10324
 9520 10813
 9522 10795
 9523  9603
 9524 10767
 9536 10803
 9543 10879
 9544 10805
 9548 10802
 9562 10850
 9565 10847
 9567 10840
 9569  6044
 9570 10861
 9571 10836
 9574 10871
 9581 10856
 9595 10941
 9597 10925
 9599 10900
 9604 10899
 9608 10908
 9612 10929
 9614 10934
 9615 10891
 9621 10894
 9624 10953
 9638 11042
 9640 10992
 9643 10956
 9644 10614
 9647 10922
 9648 11016
 9651 10967
 9656 10990
 9660 10981
 9672 11049
 9680 11027
 9683 11030
 9684  9070
 9689 11037
 9691 11040
 9692 11048
 9697  7564
 9703 11032
 9707 11024
 9713 11071
 9715 11073
 9719 25044
 9722 11085
 9723 11530
 9730 10722
 9732 11088
 9737 11079
 9740 11094
 9746 11103
 9747 11122
 9757 11106
 9765 11098
 9771 11072
 9782 11142
 9784 11134
 9789 11135
 9792  7508
 9799 11160
 9814 11126
 9815 11238
 9831 11336
 9832 11224
 9834 11261
 9835 11145
 9836 10015
 9840 11237
 9845 11233
 9854 11330
 9856 11213
 9858  8948
 9869 11182
 9879 11247
 9880 11468
 9882 11168
 9885 11292
 9890 11173
 9892 11444
 9895 11272
 9899 11275
 9901 11459
 9904  6419
 9907 11453
 9915 11252
 9919 11313
 9922 11498
 9927 11444
 9929 11459
 9930 11196
 9933 11447
 9935 11197
 9938 11203
 9939 11514
 9940 11448
 9941 11369
 9945 11418
 9948 11422
 9950 11211
 9952 11386
 9953  5349
 9954 11353
 9956  2496
 9960 11200
 9961 11300
 9963 11493
 9964 11290
 9965 11350
 9967 11420
 9972 11283
 9973 11329
 9975 11479
 9978  8616
 9985 11340
 9990 11319
 9991 11321
 9998 11343
10000 11581
10001 11339
10006 11270
10007 11255
10009 11255
10010 11342
10012 11352
10016 11245
10018 11235
10018 24309
10021 11347
10022 11243
10024 11384
10029 11425
10037 11601
10038 11335
10039 11384
10040 11242
10042 11344
10044 11357
10045 11345
10048 11576
10052 10709
10053 11395
10059 11389
10060 11457
10061 11599
10064 11551
10067 11372
10070 11442
10072 11639
10073 11427
10081 11402
10083 11277
10085 11284
10097 11595
10098 11429
10100 10798
10103 11381
10109 11308
10110 11621
10112 11306
10113 11298
10114 11461
10115 11519
10116 11417
10117 11414
10119 11463
10121 11299
10122 11437
10124 11465
10125 11630
10130 11455
10132 11320
10135 11607
10136 11657
10140 27751
10141 11481
10143 11452
10147 11529
10148 11332
10153 11545
10156 11456
10161 11537
10162 11358
10165 11525
10166 11544
10168  8541
10173 11533
10174 11629
10179 11558
10181 11648
10186 11367
10188 11534
10191 11510
10192 11577
10195 11556
10201 13262
10203 11596
10206 11561
10209 11560
10212 11549
10213 10886
10213 11614
10218 11569
10220 11421
10223 11592
10224 11408
10227 11426
10228 11635
10232 11622
10244 11449
10250 11486
10253 11505
10257 11572
10259 11102
10261 11654
10262 11516
10267 11512
10269 11523
10270 11504
10271 11557
10274 11548
10276 11119
10280 11547
10286 11681
10296 11744
10297 11772
10301 11632
10303 11626
10307 11644
10308 11673
10311 11683
10312 11649
10315 11704
10317 11672
10318 11726
10323 11739
10325 11676
10341 11707
10344 11710
10346 11711
10359 11734
10367 11728
10370 11738
10374 11776
10375 11746
10376 11742
10377 11740
10384 11894
10385  8408
10386 11433
10411 11805
10412 11815
10413 11802
10427 11552
10434 14290
10436 11794
10439  9801
10440  9805
10443 11803
10444 11895
10446 11933
10448 11808
10453  6912
10468 11902
10476 11852
10478 11837
10480 11908
10482 11956
10486 11867
10486 11872
10491 11951
10492 11964
10493 11906
10495 11099
10501 11946
10503 11920
10504 11879
10516 11957
10517 11944
10520 11977
10524 11931
10527 11984
10538 11978
10543 12077
10544 11993
10545 11993
10546 11998
10547 11992
10548 11988
10556 12001
10564 11963
10566 11969
10572 12048
10573 12060
10577 12040
10579 12053
10583 12052
10585 12050
10591 12067
10592  6411
10593 12068
10594 12069
10596 12070
10598 11999
10600 12080
10608 12009
10614 12106
10615 12193
10621 12083
10626 12121
10628 12064
10633 12129
10636 12227
10652 12098
10656 12143
10669 12315
10674 12122
10678 12161
10679 12156
10681 12159
10682 12155
10695 12166
10705 12192
10725 12199
10728 12180
10752 12208
10755 12208
10789 17694
10820 12172
10822 12179
10832 12179
10843 12175
10853 12246
10857 12164
10868 12288
10869 12287
10884 12194
10891 12191
10892 12184
10893 12196
10932 12297
10934 12261
10937 12211
10938 12212
10942  9215
10947 10959
10950 12222
10962 12383
10991 11809
10999 12416
11013 12336
11025 12427
11048 12323
11049 12271
11054  8329
11062 12450
11068 10166
11111 12524
11134 12380
11153 12583
11182 12412
11190 12668
11197 12663
11221 12897
11222 12688
11245 12650
11262 22962
11290 12768
11295 10643
11323 12809
11342 12756
11344 12074
11396 12686
11484 12971
11501 12785
11534 12791
11595 12806
11599 12854
11627 12875
11667 12948
11721 13062
11777 13131
11831 13440
11866 16010
11927  9986
11954 23077
11965 14573
12009  7009
12031  5958
12130 14765
12178 23309
12185 26556
12340  8330
12375 13921
12490  2158
12540   410
12577 10432
12593 22626
12601 12320
12731  1465
12769 14447
12792 10790
12838 25312
12852  7584
12853 22993
12869 27486
12870 12404
12910 22993
12930  7939
13020 11108
13075 26423
13092 26434
13177 11144
13214 19448
13218 19469
13227 14126
13326 23673
13348 18128
13349 19629
13361 11169
13404  6762
13469 27095
13470 10996
13479 23818
13517 11147
13523 11043
13619 11322
13654 15643
13736 24231
13738   258
13844 22964
13892 19150
13909  7342
14035 11651
14079 14454
14199 21967
14213 21970
14234 17655
14292 22089
14385 19536
14460 11993
14580 14491
14706 10138
14727 21801
14732 11015
14741 23515
14744 16053
14783 19756
14789 19546
14903 10770
14935 12803
15009 12945
15013 27359
15039 17845
15105 13084
15186 13162
15199 19539
15214 10259
15307 19688
15324 19704
15412 19782
15414 20841
15415 19781
15416 12244
15418 20656
15443 19844
15547 19962
15596 25002
15604 20863
15640  8836
15749 24876
15907 26661
15941  9248
16020 26735
16123 16671
16163 22832
16233 22688
16301 21906
16312 22769
16329 22787
16346 21907
16379 21967
16399 15263
16402 25042
16404 15263
16404 23326
16426 22571
16442 25081
16444 20247
16481 10326
16495 10331
16497 25136
16525  9998
16541   965
16545 23078
16579 23099
16624 25308
16656 25382
16685 12084
16686 19865
16752 22453
16772 23348
16776 17083
16828 23357
16876 23428
16894 18077
16910 25737
16949 23444
16964 23477
17019 25895
17032 23619
17046 23590
17051 23639
17059 22837
17082 23692
17108 25987
17158 23798
17164 23780
17183 23740
17187 26105
17222 23896
17231 16589
17232 23861
17279 26193
17287 23906
17293 23026
17314 23909
17409 23210
17412 26339
17463  5695
17472 24128
17477 24163
17499 13442
17505  9248
17597 24313
17620 24324
17657 17907
17728 23482
17741 20918
17742 24479
17752 10346
17819  2791
17847 24582
17852 20297
17890 26924
17936 26981
17996 27445
18015 27077
18034 27095
18058 27140
18077 24911
18107 20483
18111 27202
18119 24052
18130 26027
18224 27372
18282 25138
18312 25162
18399 25289
18462  8818
18512 25425
18522 24828
18526 23311
18545 16382
18577 16510
18735 25946
18752  2221
18794  7203
18835  9174
18846  1036
18855 14993
18867 16468
18870 26654
18889 26654
18990 16674
19028 11659
19108 25370
19116 26206
19179 26858
19231 26374
19234 26384
19554 10424
19562 26016
19649 17845
19674 12175
19675 13524
19677 26943
19709 26976
19773 21775
19773 27061
19790 27070
19893 27225
19963 27337
19977 25368
20001 27303
20002  8836
20008 23077
20051  8836
20183  5120
20225 25308
20280 27120
20366  7961
20506 26472
20572  4270
20858  3603
20892 17189
20957 27742
21063 26606
21161  8612
21373 14073
21412 10216
21540 24443
21553  7806
21644 23947
21667 19950
21800 16198
21913 25686
21950  4715
22113  2395
22141  3144
22267  2298
22322 24026
22456 19525
22564 23901
22641  7379
22779  8112
22817 26480
22865  9605
22910 12457
22916  3319
22999 14588
23017 13112
23023 21182
23104 23697
23206 18848
23243  7590
23277  9922
23295 25503
23322 26745
23354 25542
23367 14392
23368  1960
23401 11147
23666  9228
23682 22493
23751  3344
23756 19659
23899 22446
24060 14491
24072 23840
24085  2837
24088 23528
24207 21449
24255   778
24286 25913
24347 11956
24393 25022
24460 21321
24483 26724
24697 24688
24884 26746
24942 26827
24991 22981
25036 26933
25090 20636
25133 27061
25246 13731
25386 22974
25389 19984
25430 10418
25468 25060
25676 23056
25796   774
25811 10353
25860 20297
26001 25949
26012 23205
26150 12166
26271 26157
26294 24437
26367 23916
26398   514
26416  3878
26528  9180
26601 23038
26739 14062
26740 24485
26824 26117
26945 10709
26957 16533
26974 20274
26979 16533
27023 18451
27026 10920
27129 23572
27167 10387
27179 21288
27207 24407
27265 20324
27373 15317
27400  8686
27524 17219
27527 19629
27544 23937
27546 22724
27645 11393
27672  5031
27705 10138
27762  9801
27790 25026
27833 16005
27980  3925
27987 14588
28067  8315
28175 25440
28265 26982
28376 18711
28389 25292
28390 24998
28414  8655
28564 21799
28703  7056
28714 14396
28989 15775
28996  7505
29028  6845
29033  9086
29194 20410
29215 17830
29250  5860
29307 13979
29380  2398
29383 27020
29497   647
29511  6620
29589 20742
29605 23908
29689  6819
29712 13827
29761 24109
29841 16448
29897  9337
29974  9754
29983 24616
30083  1310
30125 27283
30139   669
30187 25046
30198 12457
30287 17846
30295 21862
30349 27631
30369 27295
30370     7
30408 21390
30413 27643
30433     5
30465 27743
30481 11396
30486  3555
30496    15
30500  2395
