    6  7774
   11 27405
   17     5
   27    11
   47  1946
  188  6135
  193  8073
  195  4719
  232 10262
  272  3082
  283  3090
  321  4308
  329  6397
  383  6215
  469   811
  540   646
  799 18629
  814  4668
  847  4696
  924  4767
  949    35
  988    24
  992   182
 1001  4849
 1006    60
 1016    54
 1081    77
 1094 23598
 1101    40
 1102    40
 1105    96
 1106    39
 1109    33
 1110    32
 1123    38
 1124  6127
 1127    46
 1129    36
 1132    45
 1141    53
 1142    61
 1144    55
 1157    71
 1160    76
 1164    69
 1165    67
 1175   550
 1179    85
 1181    82
 1190   138
 1195  6163
 1209    93
 1216   125
 1232   107
 1238   120
 1240   122
 1243   173
 1244   128
 1258 13407
 1271  6705
 1272   143
 1274   136
 1288   254
 1293   140
 1295   254
 1302   170
 1304   167
 1310   164
 1311   183
 1313   185
 1314   191
 1328   208
 1333   181
 1335   194
 1341   199
 1342   229
 1346   204
 1351   227
 1353   213
 1354   318
 1357   242
 1358   203
 1361   226
 1365   237
 1367   296
 1370   334
 1371   265
 1372   322
 1374   341
 1375   240
 1382   351
 1383   351
 1386   355
 1390   333
 1391   225
 1395   231
 1398   277
 1399   266
 1400   340
 1401   247
 1404   327
 1408   260
 1418   251
 1422   246
 1437   261
 1438 13113
 1441   273
 1443   400
 1449   328
 1451   293
 1459   297
 1460   293
 1467   283
 1468   283
 1474   288
 1501   325
 1506   313
 1509   330
 1511   323
 1517   372
 1523   381
 1527 26881
 1539   354
 1540   361
 1547   399
 1559   404
 1564   447
 1579   397
 1581   393
 1582   398
 1588   443
 1589   415
 1592   411
 1593   419
 1598   488
 1603   503
 1604   421
 1615   506
 1618   439
 1619   509
 1627   438
 1632   435
 1638   454
 1640   493
 1643   473
 1646   550
 1651   464
 1655   519
 1657   469
 1660   478
 1664   522
 1665   511
 1671   504
 1676   505
 1693   480
 1694   548
 1695   512
 1697   492
 1701   551
 1706   500
 1711   553
 1712   563
 1713   516
 1716   523
 1719   518
 1723  3144
 1727   599
 1733   604
 1735   510
 1736   585
 1745   559
 1747   600
 1750   562
 1753   531
 1755   599
 1788   643
 1788  9582
 1794 18659
 1796 11491
 1809   653
 1816   699
 1825   664
 1830  1873
 1834   682
 1837   688
 1838   759
 1841   759
 1862   733
 1877   800
 1886   768
 1894   775
 1899   778
 1910   982
 1912   805
 1918   766
 1920   811
 1940  1013
 1942   777
 1956   789
 1961 10486
 2012   617
 2026   627
 2028   902
 2040   637
 2041   634
 2051   678
 2069   665
 2075   658
 2078   945
 2079   975
 2087   675
 2095   887
 2103 10259
 2107  9918
 2115   693
 2118   687
 2131   707
 2132   702
 2156   712
 2167   717
 2168  1209
 2172   704
 2183 10009
 2186   725
 2190   714
 2205   740
 2215   744
 2222  1251
 2229   752
 2230   758
 2235   818
 2275   770
 2277   986
 2294  8664
 2311   785
 2312  3478
 2318   796
 2322   787
 2326   799
 2329   797
 2338 10104
 2341   968
 2343   807
 2350   812
 2361   833
 2368  1074
 2372  1033
 2406  1079
 2408  1071
 2410  1028
 2416  1081
 2418  1105
 2419   843
 2428  1158
 2430  1087
 2439   865
 2446   856
 2451  1069
 2454  1073
 2461  1154
 2464  1044
 2467  1125
 2476   889
 2483  1080
 2484  1118
 2486  1161
 2487   854
 2492   908
 2493   903
 2494   873
 2495  1088
 2498  1124
 2502  1149
 2504  1178
 2506  1131
 2508   857
 2514   874
 2521  1137
 2527  1146
 2529   939
 2530   929
 2532  1143
 2534   948
 2540   923
 2541  1193
 2543  1156
 2546   893
 2550  1166
 2551  1157
 2555  1162
 2557  1213
 2559   947
 2561  1169
 2568   919
 2577  1249
 2580  1187
 2581   942
 2596  1245
 2635  1236
 2639  1247
 2640  1246
 2646  1046
 2655  5547
 2661  1229
 2674  1253
 2682  1288
 2691  1305
 2705  1269
 2707  1095
 2718  1334
 2722 10035
 2732  1324
 2736  1297
 2740  1517
 2742  1097
 2745  1339
 2746 10128
 2748  1108
 2754  1322
 2759  1136
 2762  1530
 2765  1365
 2766  1330
 2771  1114
 2774  2389
 2776  1323
 2785  1167
 2786  1128
 2794  1369
 2802  1175
 2808  1375
 2810  1381
 2812  1199
 2822  1382
 2825  1372
 2827  1383
 2828  1409
 2829  1366
 2830  1414
 2834  1643
 2836  1220
 2849  1397
 2856  1233
 2864  1197
 2865  1254
 2866  1192
 2867  1413
 2868  1431
 2870  1212
 2872  1416
 2876  1210
 2882  1224
 2890  1408
 2895  1268
 2902  1430
 2905  1238
 2909  1250
 2919  1300
 2922  1255
 2928  1252
 2938  1509
 2943  1287
 2944  1281
 2946  1474
 2948  1294
 2951  1304
 2952  1665
 2956  1510
 2973  1525
 2975  1497
 2976  1505
 2979  1721
 2980  1503
 2986  1553
 3011 22975
 3020  1558
 3027  1555
 3029  1565
 3038  1588
 3042  1605
 3052  1598
 3054  1585
 3056  1568
 3058  1603
 3063  1620
 3097  1624
 3098  1631
 3104  1615
 3106  1648
 3112 19644
 3114  1617
 3117  1654
 3120  1634
 3135  1602
 3136  1666
 3137  1472
 3139  1494
 3143  1452
 3148  1500
 3150  1667
 3152  1635
 3164  1690
 3167  1533
 3179 23649
 3183  1507
 3185  1516
 3187  1726
 3190  1697
 3192  1711
 3205  1731
 3208  2318
 3216  1645
 3242  1730
 3249  1733
 3251  1741
 3254  1754
 3270  1614
 3273  1795
 3282  1595
 3301  1771
 3302  1764
 3303  1782
 3329  1625
 3341  1817
 3342  1776
 3354  1640
 3355  1681
 3365  1691
 3369  1830
 3377  1840
 3386  1842
 3402  1716
 3410  1850
 3412  1694
 3415  1870
 3419  1702
 3434  1864
 3444  1887
 3454  1872
 3468  1765
 3476  1891
 3480  1749
 3482  1753
 3483  1916
 3499  1772
 3501  1945
 3508  1101
 3510  1781
 3516  1926
 3519  1814
 3521  1788
 3526  1946
 3530  1800
 3534  1832
 3536  1962
 3539  1991
 3540  1809
 3558  1977
 3561  2018
 3571  1855
 3575  1983
 3581  2036
 3585  2041
 3590  2054
 3594  2006
 3597  2048
 3598  2005
 3599  2028
 3601  2072
 3602  2011
 3609  2020
 3614  1884
 3618  1890
 3621  2079
 3622  2034
 3624  2097
 3626  2039
 3628  2045
 3633  1893
 3634  2050
 3638  2052
 3645  2111
 3646  1907
 3647  2063
 3650  2084
 3651  2073
 3658  2075
 3659  2075
 3669  2092
 3670  2103
 3673  1899
 3679  2137
 3680  2095
 3683  1943
 3692  2105
 3696  1949
 3706  2143
 3708  2131
 3709  1929
 3710  2129
 3714  2152
 3715  1924
 3716  2123
 3718  2168
 3720  1970
 3722  2148
 3729  2118
 3730  2120
 3735  2163
 3736  2117
 3738  2149
 3742  2121
 3744  2172
 3747  2136
 3751  2164
 3752  2171
 3753  2132
 3754  2138
 3768  1982
 3769  2170
 3772  1961
 3773  2165
 3776  1987
 3777  2186
 3778  2177
 3784  1973
 3788  2001
 3789  2177
 3796  2211
 3798  2037
 3803  2195
 3808  2213
 3810  2224
 3821  2189
 3832  2242
 3835  2200
 3836  2238
 3842  2010
 3843  2032
 3845  2046
 3849  2257
 3850  2241
 3853  2230
 3859  2251
 3862  2264
 3865  2226
 3871  2061
 3872  2043
 3890  2274
 3896  2292
 3906  2306
 3913  2318
 3917  2322
 3919  2323
 3922  2274
 3924  2332
 3926  2320
 3928  2316
 3934  2145
 3937  2112
 3941  2345
 3942  2358
 3945  2280
 3946  2310
 3947  2336
 3949  2314
 3951  2348
 3955  2313
 3957  2327
 3958  2134
 3960  2329
 3964  2339
 3966  2331
 3972  2353
 3972 19972
 3974  2364
 3975  2374
 3978  2381
 3984  2357
 3985  2169
 3990  2386
 3999  2188
 4002  2414
 4003  2405
 4008  2398
 4011  2417
 4014  2419
 4018  2204
 4019  2202
 4027  2254
 4029  2423
 4031  2210
 4041  2439
 4044  2443
 4048  2446
 4052  2436
 4053  2437
 4064  2465
 4068  2229
 4075  2469
 4078  2434
 4079  2291
 4082  2457
 4086  2480
 4089  2445
 4090  2266
 4091  2495
 4094  2501
 4095  2498
 4096  2507
 4110  2482
 4117  2536
 4118  2506
 4122  2504
 4126  2535
 4127  2523
 4128  2309
 4130  2307
 4132  2540
 4134  2308
 4144  2319
 4145  2555
 4152  2570
 4153  2338
 4154  2552
 4157  2531
 4162  2163
 4168  2565
 4177  2575
 4180  2593
 4182  2595
 4188  2354
 4196  2596
 4205  2373
 4208  2571
 4210  2600
 4215  2383
 4230  2632
 4236  2642
 4240  2644
 4249  2655
 4250  2635
 4258  2427
 4262  1447
 4272  2645
 4278  2690
 4282  2661
 4287  2701
 4289  2674
 4304  2706
 4310  2717
 4311  2455
 4314  2696
 4317  2502
 4319  2703
 4327  2510
 4329  2733
 4330  2726
 4332  2727
 4334  2712
 4335  2742
 4339  2743
 4340  2497
 4341  2522
 4346  2753
 4350  2731
 4351  2529
 4359  2761
 4361  2766
 4370  2551
 4374  2770
 4379  2550
 4384  2759
 4387  2581
 4394  2785
 4396  2577
 4403  2587
 4410  2611
 4419  2811
 4425  2780
 4428  2619
 4436  2823
 4441  3072
 4443  2824
 4444  2624
 4450  5494
 4463  2808
 4469  2838
 4472  2840
 4473  2813
 4474  2841
 4476  2846
 4478  2656
 4481  2847
 4490  2854
 4493  2848
 4497  2836
 4504  2843
 4511  9245
 4521  2858
 4524  2861
 4525  2867
 4526  2876
 4528  2865
 4529  2880
 4538  2691
 4541  2890
 4543  2902
 4549  2912
 4558  2909
 4565  2927
 4566  2919
 4571  2930
 4573  2932
 4580  2716
 4581  2995
 4582  2938
 4600  3134
 4608  2937
 4620  2951
 4621  2967
 4622  2966
 4624  2963
 4637  2806
 4639  2969
 4643  2970
 4652  3008
 4653  2999
 4658  7093
 4676  3036
 4680  3030
 4681  3083
 4691  3087
 4693  4710
 4694 25355
 4710  3078
 4721 27078
 4732  2532
 4734  3132
 4739  3155
 4749  3175
 4752  3045
 4756  3163
 4761  3198
 4765  3944
 4766  3203
 4769  3185
 4777  2979
 4778  3220
 4780  4011
 4789  3944
 4791   901
 4801  3248
 4806  3231
 4808  3268
 4812  3258
 4814  3277
 4815  3265
 4825  3278
 4827  3295
 4829  3299
 4852  3040
 4866  3202
 4870  3061
 4881  9284
 4907  3157
 4935  9721
 4943  4002
 4946  4152
 4962  1686
 4963  4018
 4964  3195
 4969  4019
 4984  3250
 4985  4044
 4986  4034
 4988  4040
 4992  3305
 4993  3733
 4996  4041
 4997  4968
 5000  4214
 5006  4055
 5010  4057
 5017  4053
 5023  3472
 5031  4063
 5034  4079
 5051  4080
 5057   619
 5084  3396
 5086  4124
 5095  4126
 5102  4130
 5105  4131
 5126  4146
 5130  3473
 5135  4174
 5144  3510
 5173  4175
 5188  4217
 5194  4221
 5198  4230
 5204  4227
 5220  4244
 5221  4243
 5222  4231
 5244  4271
 5247  4255
 5249  4260
 5250  4262
 5257  3609
 5267  4275
 5276  4293
 5281  4328
 5282  4304
 5287  3649
 5323  4353
 5325  3129
 5329  4360
 5332  4345
 5333  4351
 5334  3590
 5344  4337
 5351  4382
 5359  4385
 5361 25396
 5365  4391
 5384  4421
 5393  4266
 5403  4435
 5414  4488
 5421  4447
 5422  4457
 5423  4506
 5429  4346
 5431  4464
 5434  4303
 5435  4296
 5440  5778
 5442  4665
 5444  5778
 5450  4327
 5451  4491
 5458  4520
 5467  3294
 5471  4383
 5474  4356
 5480  4373
 5518  4433
 5523  4446
 5534  4449
 5537  4821
 5559 25335
 5560  4636
 5561  4522
 5566  4719
 5573  4521
 5575  4523
 5582  4753
 5592  4544
 5595  4550
 5597  4781
 5603  4781
 5604  4791
 5608  4565
 5614  9252
 5627  4623
 5651  4630
 5654  4861
 5656  4629
 5663  4646
 5664  4648
 5669  4838
 5673  4650
 5676  4655
 5677  4680
 5680  4647
 5694  4673
 5720  4960
 5741  4717
 5758  4740
 5765  4754
 5770  4755
 5771  4759
 5775  4765
 5777  4782
 5778  4783
 5784  4789
 5785  4794
 5790  4800
 5791  4799
 5799  4804
 5811  4831
 5832  4989
 5837  5000
 5844  5009
 5845  4989
 5899  5053
 5901  5061
 5913  5063
 5932  5184
 5938  5045
 5956  5094
 5958  5106
 5959  5103
 5960  5098
 5982  5097
 5992  5161
 5999  5121
 6006  5180
 6006 13282
 6018  5141
 6038  5166
 6050  5168
 6055  5189
 6058  5184
 6064  5188
 6066  5222
 6073  5196
 6074  5214
 6077  5183
 6084  5245
 6088  5205
 6091  4376
 6124  5234
 6125  5321
 6127  5220
 6150  5252
 6151  5265
 6162  5281
 6176  5255
 6180  5290
 6190  5309
 6212  5359
 6218  5364
 6221  5379
 6226  5358
 6236  5396
 6242  5353
 6257  5369
 6270  9252
 6280  3238
 6290 20021
 6294  5388
 6295  5455
 6304  5466
 6305  5377
 6342  5251
 6355  5465
 6359  5271
 6367  5549
 6392 10141
 6396  5495
 6401  8769
 6404  5386
 6405  5389
 6418  5384
 6422 26694
 6424  5385
 6429  5430
 6434  5502
 6436  5440
 6438  5444
 6439  5489
 6441  5519
 6442  8807
 6443  5531
 6444  7259
 6450  5387
 6452  5405
 6463  5555
 6468  5541
 6469  5545
 6470  5562
 6471  5559
 6473  5422
 6479  5561
 6481  5567
 6485  5553
 6494  5574
 6497  5579
 6498  5580
 6499  5515
 6500  5563
 6502  5577
 6506  5583
 6511  5572
 6517  5536
 6521  5542
 6535  5607
 6546  5575
 6551  5630
 6553  5627
 6557  5590
 6565  5538
 6571  5646
 6573  5592
 6576  5612
 6580  5653
 6583  5652
 6592  5678
 6594  5634
 6596  5632
 6599  5684
 6605  5660
 6607  5611
 6614  5717
 6615  5661
 6638  5681
 6645  5736
 6655 18529
 6657  5701
 6658  5744
 6664  5755
 6671  5713
 6675  5763
 6687  5777
 6690  5768
 6697  5745
 6698  5785
 6702  5753
 6708  5769
 6709  5746
 6710  5751
 6713  5708
 6717  5764
 6719  5778
 6723  5765
 6739  5807
 6745  5781
 6747  5815
 6752  5799
 6757  5828
 6762  5808
 6763  5797
 6766  5829
 6770  5798
 6772  5835
 6781  5804
 6795  5825
 6796  5856
 6800  5787
 6810  5863
 6813  5842
 6821  5880
 6826 10035
 6840  5862
 6851  5932
 6854  5889
 6877  5890
 6889  5986
 6895  6153
 6902  5911
 6906  6157
 6941 24344
 6956  6859
 6960  6091
 6969  6005
 6977  6150
 6982  6249
 6985  6044
 6986  6201
 6988  6058
 7000   483
 7004  6066
 7043  6405
 7063  6541
 7077  6567
 7092  6569
 7092  6572
 7094  6606
 7096  6569
 7097  6093
 7100  6612
 7106  6574
 7118  6612
 7124  6897
 7128  6367
 7129  7503
 7134  7514
 7139 10961
 7155  6351
 7162  6298
 7164  3696
 7164  3854
 7166  6256
 7168  6642
 7169  6651
 7169  6656
 7183  6657
 7184  6666
 7188  7786
 7193  6213
 7199  6700
 7204  6279
 7207  3854
 7213  6700
 7214  6689
 7219  6716
 7223  6533
 7226  6709
 7230  6698
 7236  6552
 7243  6494
 7245  2946
 7247  6737
 7255  6589
 7256  6756
 7275  6758
 7278  6619
 7296  7742
 7297  7562
 7302  6802
 7309  6450
 7313  9252
 7314  3944
 7316  6722
 7328  6883
 7334  6898
 7366  6862
 7392  6953
 7393  6705
 7399  7318
 7402  6729
 7408  6488
 7412  6729
 7418  6667
 7427  6516
 7433  6795
 7436  6514
 7445  7033
 7462  7044
 7464  7039
 7470  7061
 7478  6868
 7496  6934
 7501  6757
 7502  6623
 7512  6339
 7522  6990
 7526  7001
 7553  6994
 7554  6995
 7560  6710
 7561  7126
 7564  7028
 7567  6907
 7569  6726
 7575  7050
 7582  6744
 7587  7024
 7590  7459
 7595  7194
 7598  7040
 7610  6610
 7620  7875
 7621  7209
 7627  7001
 7652  6813
 7659  7096
 7667  6907
 7669  6791
 7700  7114
 7714  7350
 7719  7357
 7723  7141
 7725  7360
 7742  7097
 7760  7002
 7762  7399
 7762  7442
 7763  7442
 7765  7411
 7766  7228
 7767  7404
 7778 23116
 7779  7442
 7782  6891
 7787  7230
 7793 23132
 7799  7473
 7801 19122
 7805  7064
 7808  7465
 7809  7065
 7810  7485
 7811  6955
 7816  7482
 7820  7329
 7826  7479
 7829  7084
 7831  7084
 7834  7507
 7836  7512
 7843  7771
 7858  8209
 7866  7255
 7872  7017
 7881  6476
 7882  7241
 7885  7246
 7886  7376
 7889  7319
 7911  7670
 7915  7158
 7919  7156
 7921  7624
 7922  7135
 7937  7717
 7946  7462
 7949  7257
 7952  2468
 7956  7471
 7961  4376
 7962  7090
 7964  7088
 7968  7499
 7977  7138
 7982  7513
 7985 18505
 7991  7263
 8004 15524
 8006  7252
 8010  7753
 8021  7370
 8034  1325
 8035  7367
 8040  7388
 8053  7419
 8059  7862
 8062  7448
 8073  7524
 8075  7587
 8078  7733
 8079  7455
 8082  7497
 8086  7922
 8089  7519
 8090  7516
 8092  7920
 8103  7518
 8106  7504
 8107  7505
 8109  7505
 8110  7491
 8114  7422
 8121  7731
 8123  7979
 8126  7566
 8127  7979
 8128  7832
 8130  7511
 8132  7711
 8140  7509
 8143  7510
 8147  7509
 8149  7605
 8150  7493
 8155  7617
 8160  7537
 8164  7607
 8166  7794
 8176  7526
 8181  7633
 8186 25237
 8187 26115
 8189  7649
 8191  7551
 8192  7552
 8196  7818
 8208  7664
 8213  7701
 8218  7694
 8219  7596
 8220  7871
 8225  7569
 8238  8136
 8239  9220
 8245  8092
 8248  7612
 8255  7924
 8257  7760
 8258  7652
 8259  7942
 8263  7650
 8267  8184
 8269   813
 8272  7915
 8282  7972
 8285  7679
 8288  7803
 8291  7567
 8294  7947
 8296  7963
 8301  7989
 8302  7981
 8307  7822
 8310  8204
 8315  7969
 8317  8215
 8320  7957
 8322  7958
 8323  8016
 8326  8009
 8328  7841
 8339  7848
 8343  8041
 8347  8023
 8352  7730
 8365  7900
 8366  8520
 8381  8257
 8387  8218
 8388  8080
 8389  8095
 8400  8108
 8401  7946
 8407  8060
 8414  7850
 8421  7877
 8422  7973
 8423  8117
 8424  8123
 8439  8146
 8444  8026
 8447  8150
 8451  8158
 8452  8160
 8453  8034
 8458  8220
 8459  8167
 8460  8173
 8461  8168
 8466  8058
 8467  8176
 8468  8175
 8476  8186
 8488  8086
 8490  7949
 8493  8094
 8501  8279
 8508  8287
 8526  5219
 8527  8013
 8528  8133
 8531  8151
 8534  8351
 8535  8159
 8540 10760
 8541  8307
 8550  1680
 8553  8357
 8558 25733
 8560  8308
 8583  8200
 8591  8344
 8595  8246
 8597  8341
 8598  8352
 8601  8353
 8605  8327
 8608  8369
 8611  8381
 8612  8397
 8617  8388
 8618  8405
 8620  8337
 8622  8328
 8626  8363
 8627  8375
 8632  8387
 8636  8401
 8639 27178
 8641  8417
 8644  8387
 8650  8479
 8656  8448
 8657  8455
 8660  8404
 8662  8402
 8669  8438
 8671  8416
 8682  8490
 8697  8522
 8711  8507
 8712  8493
 8716  8537
 8719  8542
 8723  8547
 8728  8558
 8738  8557
 8745  5474
 8748 18109
 8749  8551
 8752  8641
 8753  8567
 8761  8580
 8762  8592
 8771  8594
 8772  8596
 8774  8569
 8801  8565
 8803  8565
 8809  8597
 8833  8661
 8844  8560
 8858 24878
 8869  8420
 8890  8665
 8894  8722
 8899  8682
 8902  8706
 8910  8727
 8914  8725
 8921  8693
 8922  8662
 8925  8711
 8926  8769
 8930  8536
 8932  8778
 8933  8705
 8935  8745
 8936  1185
 8938  8736
 8946  8662
 8947  8768
 8951  8767
 8952  3757
 8953  8781
 8957  8784
 8961  8777
 8965  8758
 8967  8776
 8968  8763
 8977  8806
 8980  8804
 8982  8809
 8987  8754
 8989  8838
 8992  8825
 8993  8646
 8995  8859
 9001  8865
 9002  8822
 9008  8847
 9009  8832
 9010  8846
 9017  1156
 9021  8844
 9027  8863
 9046  8870
 9047  8902
 9057  8911
 9063  8913
 9064  8909
 9069  8914
 9076  8926
 9080  8936
 9084  8925
 9090  8931
 9093  8947
 9094  8946
 9096  8967
 9108  8966
 9110  8992
 9111  8976
 9126  9006
 9127  8961
 9134  8984
 9137  9029
 9139  9024
 9141  9029
 9158  9058
 9167  9075
 9168  9087
 9169  9059
 9173  9074
 9181  9092
 9187  9049
 9191  9082
 9194  9128
 9215  9117
 9217  9115
 9220  9133
 9222  9153
 9223  9149
 9227  9160
 9228  9155
 9231  9159
 9241  9164
 9245  9186
 9251  9245
 9259  9211
 9260  9214
 9261  9071
 9265  9216
 9266  9179
 9269  9180
 9272  9212
 9273  9219
 9277  9243
 9278  9230
 9280  9113
 9282  9201
 9286  9242
 9294  9256
 9310  9311
 9313  9292
 9321  9210
 9326  9289
 9329  9292
 9335  9283
 9338  9282
 9347  9316
 9348  9319
 9352  9323
 9353  9322
 9361  9148
 9364  9178
 9365  9146
 9374  9181
 9379  9387
 9423  9291
 9430  9286
 9468  9384
 9469  9376
 9472  3842
 9473  9520
 9485  5122
 9487  9531
 9489  5122
 9491  9421
 9498  9554
 9499   613
 9503  9437
 9511  9508
 9520  9559
 9524  9426
 9531  9447
 9541  9455
 9543  9573
 9544  9464
 9545  9475
 9549 19739
 9562  9591
 9570  9592
 9571  9476
 9573  9594
 9577  9600
 9583  9616
 9587  9607
 9605  5664
 9612  9644
 9614  9655
 9615  9509
 9618 24208
 9621  9510
 9624  9663
 9628 15538
 9641  9666
 9643  9665
 9644  9273
 9648  9687
 9651  9685
 9656  9683
 9672  9730
 9675 26814
 9680  9745
 9683  9741
 9689  9673
 9692  9759
 9702  9749
 9703  9751
 9713  9713
 9722  9764
 9730  9422
 9731  9716
 9732  9736
 9737  9788
 9740  9738
 9746  9737
 9747  9790
 9761 22394
 9762  2384
 9771  9816
 9782  9826
 9784  9762
 9788  9838
 9790  9824
 9799  9851
 9812   895
 9832  9875
 9835  9852
 9838  9862
 9842  9848
 9849  9890
 9856  9920
 9869  9893
 9874  9892
 9877  9936
 9880  9873
 9885  9916
 9890  9881
 9892  9914
 9895  9971
 9902  9526
 9914  9903
 9915  9855
 9919 23560
 9927  9914
 9927  9980
 9929  9871
 9930  9898
 9931  9537
 9933  9991
 9935  9901
 9937 10152
 9938  9900
 9940  9992
 9941  9943
 9948 10005
 9960  9907
 9961 10039
 9963 15723
 9964 10015
 9973  9947
 9982  9949
 9985  9944
10000  9911
10001 10009
10010  9997
10013 10003
10015  9949
10016  9953
10029 16813
10037  9963
10040  9972
10042 10105
10045 10094
10053 10047
10060 10022
10061 10058
10064 10090
10068 24231
10070 10061
10071 10063
10072 10027
10079 10035
10103  9910
10106  5589
10107  6017
10109 10042
10112 10046
10115 10099
10122 10175
10125 10063
10130 10189
10132 10078
10136 10117
10144 10117
10147 10144
10148 10073
10150 10174
10153  8781
10156 10002
10158 10205
10165 10192
10173 10215
10174 10197
10179 10201
10181 10231
10184 10191
10195 10202
10201 15538
10205   859
10209 10249
10218 10256
10220 10162
10221 10178
10223 10137
10224 10176
10228 10234
10250 10219
10257 10252
10262 10239
10267 10226
10271 10253
10280 10257
10281 10264
10291 10277
10303 10315
10307 10319
10310 10316
10311 10329
10312 10312
10317 10325
10318 10371
10341 10365
10344 10370
10346 10372
10362 12378
10374 10446
10375 10408
10382 10443
10384 10501
10385   175
10388 10414
10390  8944
10392 20649
10411 10419
10412 10479
10413 10413
10433 10456
10448 10482
10476 10531
10480 10573
10486 10540
10491  7246
10501 10663
10504 10567
10517 10582
10520 10666
10527 10660
10535 10677
10539 11592
10543 10667
10544 10665
10545 10665
10548 10694
10554 10699
10555 10664
10556 10718
10563 10684
10566 10672
10572 10714
10573 10708
10583 10762
10585 10763
10587 10771
10593 10776
10598 10724
10599  3693
10604 10793
10612 10779
10617 10830
10618 10791
10626 10848
10628 10796
10633 10865
10645    12
10656 10890
10678 10895
10682 10825
10701 10870
10705 10911
10708 11695
10711  5346
10726  3004
10728 10938
10730  5839
10747 10910
10752 10986
10755 10986
10770 10981
10775 10972
10807 10967
10820 10988
10822 11008
10832 11008
10853 10931
10884 11018
10891 11042
10931  1012
10934 11196
10937 11162
10942  5155
10950 11168
10953 25743
10962 11250
10967  9579
11049 11289
11051 11348
11054  5229
11088 11325
11099  9387
11123 11491
11134 11375
11182 11434
11221 11378
11239 26635
11245 11417
11280  2744
11323 11745
11342 11470
11484 11678
11501 11867
11534 11915
11581 15236
11739 11953
11951 12494
11975 13373
12028  6248
12030 15849
12066  7550
12069  1086
12080 26347
12196  8257
12295 13078
12317  2481
12317 13111
12407 21666
12525  1787
12543 21159
12577  9245
12593 23247
12633 23116
12671 20587
12700 23320
12751 25844
12770 25844
12777 17813
12825 23623
12853 13614
12858  5177
12865 23530
12926 23509
12935 23565
12936 23509
12992 23711
13140 20678
13323 24109
13326 24119
13341  5854
13478  7118
13493  5621
13547 25300
13656  7804
13787 19894
13880 19786
13892 19786
14242 10868
14374 14774
14396 27355
14481  9477
14752  8325
14821 12304
14903  7868
15243 19998
15302 11722
15307 20143
15324 20190
15443 20361
15478 20396
15507  8061
15516  8052
15522 20365
15541 20521
15592 20503
15624  7897
15670 20653
15810 11254
16015  5819
16028  5819
16075  5195
16110 11745
16222  9143
16312 25237
16500 25316
16532 22874
16575 25578
16601 25431
16656 17117
16828 25751
16838 26131
16910 23247
16925 23247
16935 23823
16964 25887
16971  7082
17025 25889
17032 25958
17051 25978
17082 26058
17143  2025
17164 26132
17198   743
17201 26119
17232 26222
17287 26281
17314 26304
17321 21858
17332  7775
17447 26003
17456  4434
17472 26547
17477 26518
17657  6672
17830 26984
17847 26895
17852 24646
17890 24119
18020 12566
18047 24342
18107 24394
18185 16592
18190 19919
18298 26609
18346 23175
18407 13952
18467 24532
18479 24342
18581 25597
18738 26048
18800  8627
19069 20424
19144 19401
19211 10703
19227 26125
19240  5034
19317 15331
19364 17484
19403  6729
19551 22350
19595  6223
19631 20974
19633  2976
19740  6680
19826  8870
19849 24746
20149 15767
20417 25737
20533 27030
20547 14258
20698  3131
20765 11370
20969  6196
20981   363
21431  5489
21590 12469
21657 21886
21770 24002
21803 18620
21880 17757
21944 11635
22056 23643
22593 26905
22923  2916
23346 26118
23661 10373
23662 16576
23724 17742
23853  2630
23857  7439
23869 16916
24134 20856
24150 12816
24179 10063
24389  1272
24431 22198
24755  9711
24776 22487
24916 14108
25008 27260
25098   283
25295 19843
25344  9107
25365 13305
25430  9128
25474 11222
25495 22733
25585  7472
25816  1700
25965  4595
26002 16141
26048  9627
26168    12
26258 21585
26288 26092
26304 15096
26375 18204
26453  5814
26636  7136
26708 21159
26740  4064
26948   340
26951 19739
26957   340
26958 13763
27206  1155
27267  4306
27363 24121
27442 23205
27607 24766
27608 24766
27622  8754
27639 17643
27675 19261
27681 25792
27700  3626
27733 19264
27807 25667
27879 26013
28003 23471
28018 21164
28331 14348
28414  7197
28433 25988
28670  5889
28738 22067
28804  9528
29017 27112
29086  9047
29113 18501
29205 19214
29217  9528
29268 25249
29514 21269
29541 26625
29632 23631
29679 23957
29692  5981
29733  5904
29882 27142
29925 26837
29998  9789
30091 23502
30139 17856
30220 14275
30325 17222
30363  5038
30370 27372
30375 11498
30390 20583
30417 19260
30421 16543
30440     5
30461     3
