    4 27536
    7     7
   12    14
   13     4
   36   685
   44   654
   45   681
   47   677
   50   671
   60   680
   66   672
   67  2180
   70   673
   72   674
   74   678
   84 15147
   90   689
   97   692
  104   742
  106 16944
  107   737
  111   779
  117   712
  122   718
  126   739
  131   794
  135   798
  136   750
  138   700
  139   747
  140   765
  142   735
  146   749
  150   736
  169   717
  177   777
  182   800
  183   780
  190   791
  194   807
  208   825
  220   805
  223   555
  244   820
  250   832
  252   833
  253   831
  260   914
  261   844
  266   811
  267   808
  276   818
  277 24597
  281   930
  289   933
  296   843
  308   897
  310   842
  312   858
  313   861
  315   826
  318   877
  320   863
  321   911
  330   869
  338   865
  339   817
  341   937
  343   875
  347   878
  349   862
  360   945
  363   908
  368   884
  369   888
  377   901
  380   879
  382   925
  390   932
  392   912
  393   904
  404   907
  411   920
  418   895
  422   936
  426   910
  432   923
  433   918
  440  1043
  442   935
  445   944
  446   981
  447   982
  448   941
  449   968
  453  1027
  454   994
  458   999
  459   971
  461   953
  466   951
  467   954
  469   943
  475   964
  476   955
  478   983
  480  1031
  482   931
  486  1034
  487   969
  488  1035
  495  1009
  496   975
  500  1056
  506   990
  507  1025
  519  1044
  520  1044
  524  1042
  536  1116
  537  1028
  538  1051
  546  1008
  547  1096
  548   996
  550  1016
  552  1069
  554  1131
  589  1105
  591  1133
  595  1077
  596  1101
  606  1162
  607  1053
  610  1127
  621  1142
  625  1148
  630  1140
  650  1126
  661  1158
  671  1161
  682  1179
  690 17545
  691  1182
  699  1123
  705  1121
  731  1194
  732  1191
  736  1159
  744  1144
  758  1166
  760  1164
  794  1243
  801  1205
  814  1264
  827  1231
  829  1226
  837  1238
  840  1228
  851  1237
  853  1234
  858  1252
  865  1283
  871  4948
  879  1247
  881  1262
  887  1325
  889  1266
  895  1305
  897  1294
  930  1311
  936  1351
  950  1307
  952  1346
  955  1321
  967  1326
  968  1379
  970 19846
  971  1317
  978  1345
  987  1354
 1006  1359
 1011  1339
 1021  1432
 1022  1438
 1027  1404
 1031  1404
 1032  1349
 1033  1410
 1051  1417
 1055  1373
 1065  1365
 1070  1424
 1076  1370
 1084  1425
 1088  1387
 1091  1382
 1092  1382
 1097  1428
 1101  1394
 1102  1394
 1105  1441
 1106  1393
 1109  1396
 1110  1395
 1120  1402
 1127  1408
 1129  1403
 1132  1413
 1141  1419
 1142  1433
 1143  1409
 1144  1423
 1146  1462
 1156  5045
 1157  1449
 1160  1455
 1161  1454
 1163  1476
 1164  1453
 1175  1483
 1180  1487
 1186  1511
 1189  1500
 1193  1506
 1200  1557
 1207  1526
 1221  1525
 1229  1495
 1232  1505
 1235  8635
 1238  1518
 1239  1521
 1240  1523
 1254  1544
 1262  1549
 1263  1081
 1271  6074
 1272  1539
 1274  1540
 1288  1558
 1292  1556
 1295  1558
 1302  1561
 1307  5928
 1313  1569
 1314  1570
 1317  1573
 1329  1577
 1337  1593
 1343  1592
 1344  1618
 1348  1592
 1351  1599
 1354  1612
 1361  1606
 1362  1628
 1365  1614
 1366  1601
 1369  1608
 1371  1622
 1372  1636
 1374  1625
 1382  1634
 1383  1634
 1386  1635
 1388  1617
 1390  1638
 1394  1610
 1398  1640
 1399  1631
 1400  1655
 1401  1623
 1404  1652
 1413  1646
 1414  1658
 1418  1629
 1423  4748
 1426  1663
 1441  1659
 1443  1669
 1446  1660
 1449  1676
 1451  1668
 1461  5923
 1467  1667
 1470  1679
 1479  1681
 1483 17249
 1496  1687
 1501  1686
 1504  1692
 1506  1685
 1510  1726
 1518  1691
 1520  1702
 1523  1700
 1528  4261
 1529  1712
 1540  1705
 1545  1706
 1559  1727
 1563  1721
 1565  1737
 1568  1741
 1569  1743
 1571  1728
 1572  1722
 1578  1738
 1579  1740
 1581  1739
 1582  1733
 1586  1696
 1588  1762
 1593  1753
 1596  1773
 1598  1780
 1599  1774
 1603  1792
 1604  1760
 1615  1797
 1616 21655
 1617  1787
 1619  1786
 1620  1778
 1627  1776
 1635  1775
 1638  1782
 1642  1784
 1644  1813
 1646  1820
 1648  1819
 1651  1798
 1653  1788
 1657  1800
 1660  1806
 1667  1824
 1668  1812
 1672  1799
 1676  1823
 1684  1834
 1686  1840
 1689  1853
 1693  1828
 1694  1842
 1695  1831
 1697  1830
 1698  1867
 1701  1849
 1703  1856
 1710  1857
 1711  1866
 1712  1861
 1713  1844
 1716  1852
 1717  1836
 1718  1838
 1719  1850
 1724  1872
 1727  1890
 1728  1876
 1731  1877
 1734  5211
 1735  1858
 1736  1888
 1745  1883
 1750  1885
 1753  1878
 1755  1890
 1759  1892
 1772  1901
 1775  1899
 1779  2053
 1781  1934
 1787  1905
 1788  1930
 1788  8114
 1794  5068
 1797  1911
 1801  1913
 1808  1918
 1809  1927
 1811  1922
 1813  1929
 1816  1942
 1818  1924
 1824  1938
 1827  1928
 1829  1960
 1831  1949
 1834  1941
 1837  1944
 1838  1967
 1841  1967
 1844  1956
 1846  1968
 1847  1964
 1851  1972
 1855  2013
 1862  1974
 1865  2021
 1866  1976
 1868  1969
 1870  1997
 1871  1973
 1878  1979
 1879  1979
 1882  1986
 1892  2009
 1893  1984
 1894  2012
 1897  2053
 1902  2034
 1907  2005
 1910  2068
 1912  2042
 1918  2008
 1919  2096
 1923  2010
 1927  2019
 1929  2020
 1930  2028
 1931  2046
 1935  2033
 1937  2032
 1940  2099
 1942  2026
 1945  2044
 1949  2083
 1951  2081
 1954  2077
 1956  2029
 1958  2048
 1962  2045
 1967  2058
 1970  2056
 1975  2062
 1976  2066
 1982  2054
 1984  2107
 1984  4178
 1985  2051
 1986  2067
 1987  2119
 1989  2071
 1991  2106
 1994  2074
 1996 10231
 2000  2115
 2001  2085
 2004  2087
 2006  2089
 2012  2080
 2015  2086
 2017  2123
 2018  2105
 2021  2090
 2022  2108
 2023  2084
 2024  2110
 2025  2095
 2031  2114
 2033  2127
 2034  2100
 2035  2128
 2036  2127
 2040  2104
 2041  2103
 2050   107
 2051  2120
 2054  2133
 2055  2176
 2060  2174
 2062  2123
 2063  2171
 2065  2142
 2066  2138
 2067  2129
 2069  2132
 2070  2149
 2071  2153
 2073  2139
 2074  2121
 2076  2135
 2078  2156
 2079  2151
 2087  2137
 2092  2195
 2093  2131
 2094  2182
 2095  2179
 2098  2141
 2105  2159
 2107  2212
 2110  2152
 2119  2166
 2122  2184
 2123  2204
 2129  2237
 2133  2250
 2138  2260
 2140  2260
 2144  2214
 2145  2213
 2151  2188
 2163  2193
 2166  2276
 2168  2235
 2172  2186
 2176  2224
 2177  8615
 2180  2205
 2181  2210
 2183  2216
 2184  2279
 2187  2219
 2194  2226
 2198  2297
 2206  2257
 2211  2240
 2215  2231
 2217  2225
 2220  2238
 2225  2257
 2226  2226
 2229  2245
 2230  2248
 2231  2252
 2232  2247
 2234  2282
 2235  2269
 2236  2275
 2237  2243
 2243  2301
 2245  2298
 2246  2261
 2250  2281
 2256  2273
 2266  2334
 2270  2305
 2274  2312
 2277  2288
 2280  2318
 2288  2362
 2289  2323
 2296  2330
 2297 17154
 2298  2295
 2300  2324
 2301  2328
 2304  2343
 2305  2306
 2313  2329
 2318  2303
 2321  2331
 2322  2304
 2323  2344
 2324  2332
 2325  2311
 2326  2307
 2328  2335
 2332  2345
 2333  5104
 2334  2390
 2336  2336
 2338  2367
 2341  2320
 2342  2349
 2343  2316
 2345  2370
 2347  2401
 2350  2321
 2353  2348
 2358  2402
 2361  2351
 2365  2361
 2372  2368
 2373  2382
 2374  2394
 2376  2369
 2377  2356
 2378  2341
 2379  2358
 2383  2357
 2389  2364
 2392  2386
 2393  2410
 2394  2385
 2398  2400
 2399  2372
 2401  2393
 2406  2391
 2409  2381
 2413  2377
 2419  2378
 2421  2412
 2424  2419
 2426  2418
 2431  2420
 2439  2404
 2445  2408
 2450  2429
 2451  2406
 2452  2450
 2453  2453
 2454  2403
 2455  2438
 2464  2413
 2467  2441
 2468  2414
 2470  2464
 2472  2426
 2476  2437
 2482  2446
 2483  2428
 2484  2442
 2486  2463
 2489  2485
 2492  2448
 2493  2449
 2494  2445
 2495  2434
 2498  2452
 2501  2472
 2502  2465
 2503  2485
 2504  2474
 2509  2461
 2514  2455
 2517  2495
 2521  2469
 2526  2504
 2529  2475
 2531  2489
 2534  2480
 2540  2476
 2542  2484
 2543  2525
 2548  2500
 2554  2508
 2555  2483
 2557  2501
 2558  2491
 2559  2487
 2561  2488
 2565  2514
 2567  2526
 2572  2493
 2577  2519
 2581  2490
 2583  2497
 2586  2517
 2588  2512
 2593  2535
 2596  2530
 2601  2529
 2602  2555
 2608  2586
 2613  2585
 2614  2547
 2616 22038
 2617  2522
 2618  2520
 2621  2565
 2623  2532
 2624  2538
 2625  2539
 2635  2542
 2637  2596
 2642  2580
 2643  2578
 2644  2597
 2647  2584
 2649  2618
 2651  2599
 2652  2559
 2655  2591
 2661  2543
 2675  2603
 2678  2546
 2679  2622
 2683  2624
 2687  2604
 2689  2634
 2690  2611
 2692  2575
 2694  2583
 2696  2595
 2700  2628
 2701  2632
 2702  2630
 2703  2610
 2704  2592
 2707  2587
 2709  2627
 2710  2649
 2712  2590
 2713  2605
 2718  2625
 2722  2652
 2724  2600
 2732  2645
 2734  2641
 2735  2656
 2736  2612
 2740 18075
 2742  2614
 2745  2638
 2746  2670
 2748  2617
 2755  2683
 2759  2633
 2762  2664
 2766  2644
 2771  2629
 2772  2691
 2773  2681
 2776  2642
 2785  1608
 2788  2713
 2793  2673
 2796  2659
 2803  2714
 2805  2682
 2810  2679
 2825  2678
 2827  2686
 2829  2674
 2831  2706
 2846  2696
 2849  2707
 2852  2695
 2856  2709
 2859  2731
 2861   107
 2862  2719
 2865  2725
 2870  2710
 2871  2729
 2872  2716
 2876  2715
 2882  2722
 2886  2734
 2893  2736
 2905  2735
 2909  2743
 2916  2763
 2918  2765
 2919  2758
 2922  2748
 2938  2780
 2943  2766
 2946  2775
 2948  2770
 2951  2772
 2955  2787
 2961  2800
 2962  2785
 2980  2797
 2990  2804
 3007  2830
 3010 20370
 3011  2815
 3012  2823
 3016  2843
 3018  2844
 3020  2832
 3024  2828
 3025  2835
 3029  2836
 3045  2838
 3051  2812
 3052  2854
 3065  2857
 3067  2847
 3069  2866
 3075  7838
 3097  2876
 3098  2878
 3099  2896
 3108  2879
 3111  7815
 3117  2902
 3118  2899
 3120  2893
 3127  8642
 3128 19705
 3131  2889
 3135  2894
 3136  2912
 3137  2900
 3139  2909
 3141  2919
 3148  2914
 3150  2917
 3152  2948
 3161  2927
 3163 22944
 3167  2929
 3183  2933
 3185  2935
 3187  2946
 3190  2943
 3209  2954
 3213  2964
 3216  2851
 3230  2983
 3233  2971
 3242  2975
 3245  3023
 3249  2977
 3262  3030
 3270  3001
 3282  3000
 3283  3002
 3296  3012
 3300  3004
 3302  3008
 3306  3024
 3329  3034
 3342   122
 3347  3066
 3366  3072
 3367  3086
 3368  3070
 3369  3068
 3372  3064
 3375  3059
 3377 18849
 3380  3080
 3381  3073
 3382  5779
 3399  3089
 3401  3103
 3408  3096
 3410  3095
 3412  3093
 3425  3110
 3427  3108
 3430  3099
 3445  3116
 3452  3117
 3453  3119
 3454  3114
 3468  3126
 3471  7264
 3479  3132
 3482  3138
 3483  3139
 3485  3160
 3488  3172
 3494  3147
 3499  3150
 3501  3161
 3502  3164
 3503  3154
 3507  3171
 3510  3158
 3513  3159
 3516  3162
 3519  3168
 3526  3177
 3528  3187
 3529  3175
 3534  3186
 3539  3198
 3540  3183
 3546  3190
 3550  3192
 3558  3200
 3561  3204
 3567  3202
 3580  3217
 3581  3231
 3582  3229
 3589  3219
 3590  3230
 3601  3245
 3602  3220
 3614  3246
 3618  3250
 3621  3262
 3623  3253
 3624  3260
 3634  3248
 3646  3268
 3647  3265
 3653  3290
 3655  3309
 3657  3288
 3658  3270
 3659  3270
 3660  3289
 3662  3275
 3663  3280
 3664  3276
 3667  3281
 3669  3284
 3673  3285
 3674  3303
 3676  3291
 3679  3308
 3683  3306
 3689  3321
 3696  3312
 3697  3322
 3703  3319
 3706  3334
 3707  3327
 3710  3363
 3711  3323
 3714  3340
 3715  3314
 3716  3326
 3719  3328
 3720  3339
 3722  3353
 3723  3352
 3726  3342
 3729  3331
 3730  3333
 3732  3366
 3735  3358
 3738  3349
 3740  3343
 3741  3351
 3742  3338
 3745  3367
 3747  3354
 3752  3364
 3754  3359
 3758  3370
 3768  3378
 3770  3396
 3772  3375
 3778  3387
 3782  3391
 3784  3373
 3788  3392
 3789  3387
 3790  3393
 3791  3406
 3795  3400
 3796  3413
 3798  3404
 3799  3409
 3806  3410
 3808  3411
 3821  3412
 3829  3424
 3835  3416
 3836 13967
 3844  3423
 3847  3437
 3850  3439
 3862  3454
 3864  3446
 3871  3447
 3872  3442
 3890  3475
 3897  3487
 3899  3462
 3901  3470
 3902  3467
 3913  3486
 3917  3497
 3919  3500
 3921  3490
 3922  3475
 3924  3483
 3927  3499
 3928  3494
 3929  3490
 3933  3489
 3934  3480
 3934  3496
 3937  3495
 3938  3493
 3939  3504
 3941  3510
 3942  3520
 3946  3502
 3949  3508
 3955  3509
 3958  3515
 3960  3505
 3964  3517
 3966  3518
 3970  3526
 3976  3524
 3985  3534
 3987  3540
 3989  3543
 3993  3544
 3995  3542
 3998  3551
 4008  3555
 4014  3565
 4017  3560
 4018  3556
 4025  3564
 4027  3571
 4028  3571
 4031  3559
 4035  3577
 4041  3580
 4044  3581
 4048  3585
 4057  3592
 4058  3579
 4065  3591
 4068  3589
 4071  3596
 4080  3597
 4082  3599
 4091  3610
 4094  3210
 4095  3612
 4100  3613
 4104  3617
 4110  3619
 4113  3625
 4117  3637
 4125  3632
 4128  3635
 4130  3638
 4132  3648
 4133  3646
 4134  3643
 4144  3651
 4153  3656
 4160  3667
 4161  3670
 4162  3358
 4163  3665
 4167  3659
 4168  3666
 4180  3685
 4182  3684
 4183  3687
 4186  3690
 4191  3681
 4196  3691
 4203  3677
 4208  3677
 4215  3701
 4223 20463
 4228  3705
 4229  3722
 4235  3708
 4242  3713
 4248  3731
 4249  3728
 4261  3736
 4262  3748
 4264  3744
 4271  3739
 4272  3737
 4279  3751
 4280  3747
 4283  3753
 4284 20669
 4289  3754
 4294  3756
 4299  3759
 4304  3764
 4309  3774
 4310  3776
 4311  3768
 4314  3767
 4320  3778
 4321  3779
 4327  3782
 4329  3787
 4334  3786
 4335  3796
 4339  3794
 4346  3805
 4351  3802
 4367  3818
 4370  3812
 4379  3814
 4387  3826
 4389  3825
 4394  3831
 4395  3824
 4399  3829
 4402  3833
 4403  3835
 4406  3836
 4412  3840
 4421  2977
 4436  3862
 4437  3857
 4444  3852
 4450  3877
 4451  3859
 4452  3854
 4454  3867
 4464  3869
 4473  3868
 4474  3880
 4476  3882
 4479  3878
 4480  3872
 4481  3883
 4486  3886
 4490  3891
 4492  3892
 4499  3900
 4503  7800
 4511  3897
 4512  3911
 4515  3904
 4518  3908
 4526  3910
 4532  3914
 4534  3915
 4538  3918
 4541  3921
 4543  3927
 4547  3904
 4552  3911
 4555  3933
 4561  3941
 4564  3937
 4565  3948
 4566  3946
 4567  3976
 4571  3952
 4580  3956
 4581  3954
 4583  3955
 4588  3972
 4592 21438
 4593  3970
 4600  5756
 4608  3974
 4614  3980
 4623  3996
 4635  4002
 4637  4008
 4649  4021
 4652  4018
 4663  4022
 4670  4032
 4673  4028
 4676  4036
 4679  4034
 4680  4035
 4682  4037
 4684  4038
 4691  4046
 4697  4056
 4700  4055
 4701  4047
 4718  4061
 4724  4066
 4739  4081
 4743  4085
 4746  4082
 4753  4088
 4759  4077
 4766  4101
 4773  4089
 4776  4096
 4778  4113
 4779  4111
 4780  4065
 4786  4102
 4787  4106
 4792  4118
 4796  4126
 4799  4123
 4800  4124
 4803  4134
 4808  4140
 4812  4136
 4815  4139
 4817  4150
 4829  4163
 4832  4165
 4833  4168
 4855  4182
 4866  4225
 4872  4191
 4873  4198
 4882 26269
 4905  4236
 4913 20079
 4916  4173
 4921  4261
 4935  4292
 4946  4201
 4978  4245
 4987  4330
 4991  4260
 4992  4333
 5000  4283
 5003  4324
 5013    95
 5015  4284
 5017  4273
 5023  4367
 5025  8829
 5055  4320
 5057  1363
 5059  4324
 5061  4328
 5082  4348
 5084  4407
 5091  4353
 5092  4359
 5093  4413
 5094  4355
 5103  4356
 5105  4358
 5122  4376
 5124  4383
 5140  4386
 5144  4444
 5147  4394
 5148  4478
 5149  4400
 5157  7796
 5159  4481
 5164  4464
 5169  4402
 5175  4459
 5182 25275
 5183  4488
 5184  4409
 5185  4452
 5188  4415
 5193  4420
 5198  4424
 5201  4503
 5204  4429
 5207  4501
 5212  4428
 5214  4425
 5215  4432
 5217  4507
 5219 25234
 5221  4439
 5223  4437
 5226  7408
 5232 25858
 5236  4481
 5240  4457
 5242  4442
 5249  4463
 5250  4465
 5261  4472
 5266  4476
 5270  4486
 5272  4534
 5276  4487
 5286  8137
 5295  4498
 5297  4500
 5302  4505
 5311  4559
 5314  4565
 5322  4509
 5329  4518
 5339  4520
 5342  4519
 5358  4537
 5365  4540
 5371  4544
 5382  4554
 5383  4550
 5384  4556
 5404  4570
 5415  4572
 5416  4571
 5418  4579
 5431  4585
 5442  4583
 5447  4591
 5454  4594
 5455  4589
 5458  4595
 5460  4606
 5462  4602
 5468  4617
 5481  4632
 5483  6157
 5505  4672
 5509  4667
 5510  4665
 5513  4503
 5518  4680
 5533  4689
 5534  4690
 5543  4702
 5554  4709
 5561  4719
 5563  4712
 5570  4729
 5573  4728
 5575  4731
 5580  4762
 5581  4762
 5586  4723
 5591  4740
 5601 11796
 5604  4738
 5617 20054
 5637  2117
 5641  4769
 5654  4763
 5656  4770
 5660  4782
 5663  4781
 5669  4783
 5673  4786
 5677  4787
 5680  4791
 5685  3491
 5698  4803
 5719  4812
 5724   744
 5725  4809
 5747  4827
 5756  4837
 5758  4836
 5766  4841
 5770  4845
 5771  4847
 5777  4856
 5778  4861
 5780  4855
 5785  4866
 5789  4838
 5790  4868
 5796  8042
 5799  4873
 5819  4909
 5832  4887
 5847  4924
 5851  4927
 5857  4922
 5880  4936
 5901  4943
 5902  4942
 5903  4405
 5926  4958
 5932  5005
 5938  4963
 5957  4971
 5960  4974
 5976  4979
 5978  4975
 5982  4984
 5990  4986
 5991 24024
 6002  4993
 6003  4988
 6006  4999
 6009  5000
 6013 13707
 6015  5004
 6017  5011
 6018  5009
 6021  5020
 6026  5016
 6038  5015
 6042  5018
 6050  5029
 6055  5028
 6058  5038
 6059  5041
 6062  8225
 6063  5034
 6064  5042
 6065  5040
 6068  5047
 6073  5043
 6074  5054
 6076  5050
 6084  5053
 6088  5065
 6091  2117
 6091  5070
 6096  6824
 6097  5046
 6113  5069
 6114  5071
 6116  5123
 6117  5087
 6124  5086
 6125  5078
 6127  5090
 6134  5085
 6135  5088
 6136  5101
 6139  5094
 6142  5102
 6143  5096
 6148  5100
 6150  2004
 6150  5113
 6151  5112
 6157  5106
 6160  5104
 6162  5099
 6163 25192
 6164  5111
 6173  5114
 6180  5121
 6201  5137
 6202  5140
 6205  5137
 6206  5136
 6211  5141
 6212  5143
 6215  5139
 6216  5149
 6217  5151
 6219  5166
 6224  5158
 6225  5158
 6226  5157
 6229  5167
 6233  5153
 6234  5163
 6235  5169
 6236  5168
 6240  5161
 6242  5170
 6243  5199
 6244  5159
 6250  5177
 6251  5185
 6253  5178
 6255  5186
 6256  5179
 6257  5188
 6262  5190
 6267  5189
 6271  5194
 6274  8098
 6278  5211
 6280  5201
 6281  5202
 6286  5182
 6287  5224
 6289  5212
 6291  5225
 6293  5203
 6294  5205
 6295  5204
 6297  5208
 6304  5215
 6305  5219
 6310  5220
 6313  5223
 6318  5229
 6322  1361
 6323  5221
 6324  5234
 6326  5239
 6327  5248
 6332  5233
 6334  5253
 6336  5242
 6339  5249
 6341  5251
 6342  5261
 6345  5246
 6353  5259
 6355  5250
 6359  5275
 6360  5258
 6361  5272
 6365  5267
 6367  5265
 6372  5273
 6373  5283
 6376  5284
 6377  5295
 6386  5288
 6388  5287
 6389  5289
 6390  5292
 6392  5299
 6393  5294
 6395  5297
 6396  5293
 6400  5298
 6401  5296
 6408  5303
 6411  5300
 6424  5310
 6428  5313
 6429  5315
 6436  5320
 6437  5316
 6437  7546
 6438  5325
 6439  5323
 6440  5318
 6442  5321
 6443  5314
 6446  5327
 6450  5335
 6452  5342
 6459  7371
 6460  5343
 6463  5336
 6465  5345
 6468  5341
 6469  5347
 6470  5340
 6473  5358
 6474  5339
 6481  5348
 6482  5331
 6485  5367
 6489  5354
 6491  5362
 6492  5369
 6493  5352
 6494  5360
 6497  5361
 6498  5371
 6499  5372
 6500  5356
 6502  5364
 6503  5363
 6506  5366
 6508  5377
 6509  5373
 6511  5370
 6515  5373
 6517  5381
 6519  5385
 6521  5382
 6526  5380
 6535  5383
 6537  5396
 6542  5394
 6545  5391
 6546  5404
 6551  5399
 6553  5402
 6557  5415
 6559  5406
 6573  5425
 6574  5424
 6579  5420
 6583  5427
 6587  5431
 6589  5432
 6590  5449
 6591  5439
 6592  5442
 6593 27395
 6596  5452
 6599  5443
 6605  5444
 6607  5457
 6610  5450
 6614  5455
 6615  5468
 6625  5469
 6631  5474
 6632  5477
 6638  5490
 6641  5483
 6645  5489
 6652  5501
 6653  5481
 6654  5504
 6655  5482
 6656  5497
 6658  5495
 6660  5500
 6664  5494
 6666  5503
 6670  5508
 6671  5528
 6675  5509
 6679  5510
 6680  5521
 6681  5523
 6687  5526
 6689  5541
 6690  5531
 6691  5541
 6698  5538
 6702  5549
 6709  5553
 6710  5550
 6713  5547
 6716  5543
 6717  5556
 6721  5548
 6725  5568
 6726  5536
 6727  5557
 6731  5558
 6740  5560
 6743  5567
 6745  5585
 6747  5573
 6748  5571
 6750  5576
 6757  5586
 6763  5597
 6766  5590
 6770  5601
 6771  5591
 6773  5604
 6775  5612
 6777  5603
 6778  5594
 6781  5617
 6782  5607
 6787  5622
 6795  5625
 6796  5616
 6800  5630
 6806  5650
 6807  5638
 6813  5644
 6814  5634
 6818  5649
 6828  5645
 6830 24523
 6831  5662
 6832  5656
 6837  5667
 6840  5670
 6841  5669
 6847  5671
 6850  5679
 6851  5673
 6857  6235
 6861  5681
 6866  5689
 6871  5682
 6872  5718
 6877  5711
 6882  5703
 6884  5698
 6890  5697
 6892  5693
 6895  5676
 6900  5714
 6901  5677
 6902  5730
 6908  5683
 6912 11163
 6915  5736
 6928  5672
 6937  5683
 6948  5756
 6960  5762
 6977  5770
 6978  6387
 6980  5763
 6981  5803
 6982  5739
 6987  5769
 6988  5773
 6994  5745
 7000  1777
 7002  5751
 7014  5776
 7026  5780
 7036  5793
 7037  5780
 7050  5787
 7053  5796
 7058  5792
 7063  5811
 7067  5802
 7071  5698
 7073  5804
 7077  5819
 7078  5832
 7084  6501
 7086 15843
 7092  5821
 7094  5829
 7096  5821
 7097  5873
 7099  5830
 7101  5822
 7104  5826
 7106  5835
 7113  5791
 7115  5865
 7119  5836
 7128  6543
 7129  5855
 7138  6501
 7140 24320
 7143  5882
 7145  5858
 7147  5860
 7157  5825
 7162  5867
 7167  6387
 7168  5888
 7169  5889
 7173  5896
 7176  5905
 7178  5919
 7180  5899
 7182  5903
 7183  5902
 7191  5911
 7193  5964
 7195  5916
 7198  5914
 7199  5917
 7201  5934
 7204  5937
 7206  5918
 7207  6388
 7208  5840
 7209  5924
 7211  5912
 7214  5940
 7218 25101
 7219  5938
 7220  5933
 7221  5933
 7224  5923
 7225  5946
 7243  5962
 7244  5944
 7247  5954
 7248  5960
 7250  5973
 7252  5974
 7253 18378
 7255  5952
 7256  5968
 7257  5951
 7259  5966
 7261  5958
 7262  5982
 7268  5988
 7271  5970
 7272  5978
 7280  5976
 7281  5967
 7293  6005
 7296  9235
 7300  5981
 7303  6009
 7305  6009
 7309  6037
 7315  5994
 7316  6007
 7317  5994
 7318  5996
 7319  6011
 7323  6013
 7325  5998
 7329  5862
 7333  6047
 7338  6358
 7341  6029
 7347  6047
 7351  6024
 7354  6068
 7371  6053
 7376  6057
 7378  6070
 7382  6019
 7392 24554
 7393  6074
 7402  6086
 7403  6129
 7408  6127
 7412  6086
 7413  6130
 7420  6132
 7422  6136
 7426  6113
 7431  6150
 7435  6193
 7436  6409
 7438  6134
 7444  6145
 7445  6175
 7446  6007
 7448  6178
 7449  6177
 7455 22197
 7456  6155
 7462  6189
 7464  6194
 7468  6168
 7478 11328
 7483  6206
 7488  6216
 7491  6184
 7492  6198
 7502  1177
 7502  6179
 7509  6237
 7510  6232
 7511  6234
 7515  5679
 7521  6225
 7522  6230
 7527  6246
 7529  6248
 7531  6231
 7548  6257
 7550  6239
 7554  6242
 7555  6276
 7560  6272
 7561  6281
 7564  6245
 7567  6259
 7567  6307
 7569  6288
 7574  6290
 7580  6252
 7584  6260
 7587  7785
 7588  8854
 7591  6302
 7594  6299
 7598  6286
 7600  6313
 7601  6155
 7602  6310
 7607  6308
 7612  6314
 7614  6321
 7615  6004
 7621  6323
 7632  6053
 7648  6369
 7657  6365
 7659  6309
 7664  6307
 7665  6059
 7666  6378
 7667  6307
 7677  6386
 7680  6393
 7681  6355
 7683  6390
 7698  6379
 7699  6395
 7700  6348
 7703  6398
 7705  6401
 7706  6371
 7710  6423
 7714  6408
 7716  6370
 7719  6479
 7723  6334
 7725  6426
 7727  6431
 7728  6416
 7729  6392
 7731  6444
 7733  6441
 7736  6405
 7737  6445
 7739  6427
 7741  6417
 7742  6451
 7745  6454
 7746  6412
 7755  6422
 7756  6464
 7757  6459
 7760  6465
 7762  6470
 7764  6467
 7765  6472
 7766  6491
 7767  6457
 7772  7725
 7778 26161
 7779  6485
 7781  6481
 7786  6483
 7792  6422
 7795  6499
 7799  6510
 7803  6516
 7805  6505
 7808  6508
 7810  6523
 7812  6513
 7815  6507
 7816  6514
 7817  6486
 7827  6490
 7836  6532
 7840  6495
 7844  6546
 7846  6032
 7849  6504
 7855  6548
 7862  6512
 7866  6562
 7871  6566
 7872  6569
 7875  6522
 7883  5903
 7885  6583
 7886  6536
 7889  6582
 7892  6551
 7893  6593
 7895  6585
 7901  6578
 7903  6590
 7907  6594
 7908  6599
 7911  6603
 7915  6613
 7916  6605
 7917  6609
 7922  6607
 7923  6564
 7928  6604
 7935  6601
 7937  6616
 7944  6629
 7947  6615
 7949  6642
 7956  6602
 7957  6641
 7958  6640
 7963  6646
 7964  6661
 7968  6624
 7974  6662
 7977  5620
 7982  6637
 7984  6666
 7989  6667
 7991  6667
 7994  6685
 7997  6655
 7998 21951
 8006  6675
 8014  6657
 8017  6691
 8020  6689
 8021  6705
 8036  6713
 8040  6715
 8041  6698
 8042 25253
 8050  6724
 8053  6719
 8061  6736
 8071  6601
 8084  6746
 8086  6782
 8091  6565
 8092  6772
 8094  6757
 8100  6768
 8103  6767
 8107  6774
 8109  6779
 8110  6777
 8114  6791
 8119  6797
 8120  6802
 8123  6805
 8124  6764
 8127  6803
 8127  6805
 8128  6754
 8130  6856
 8132  6788
 8135  6813
 8136  6799
 8140 26399
 8143  6830
 8147  6821
 8149  6825
 8150  6827
 8154  6837
 8155  6826
 8159 12135
 8160  6821
 8166  6812
 8169  6811
 8173  6814
 8176  6849
 8186 19431
 8189  6854
 8191  6868
 8192  6866
 8193  6820
 8195  6798
 8196  6872
 8201  6878
 8205 21242
 8206  6847
 8208  6885
 8214  6892
 8219  6894
 8224  6900
 8230  6879
 8232  6898
 8234  6902
 8239  6905
 8241  6887
 8242  6909
 8245  6904
 8248  6925
 8255  6901
 8256  6899
 8257  6933
 8258  6936
 8259  6896
 8265  6922
 8267  6916
 8272  6920
 8273  6927
 8278  6931
 8280  6957
 8282  6932
 8287  6924
 8288  6954
 8296  6937
 8298  6979
 8299  2117
 8303  6947
 8307  6973
 8308  6985
 8309  6972
 8311  7047
 8312  6974
 8315  6945
 8317  7005
 8320  6988
 8323  6955
 8326  6958
 8328  6986
 8332  6960
 8337  6991
 8338  6959
 8339  6992
 8342  7000
 8343  6967
 8346  6966
 8347  6969
 8349  6978
 8353  6977
 8358  7020
 8359  6989
 8360  6987
 8361  7002
 8363  7004
 8365  7027
 8366  7024
 8368  7029
 8370  7008
 8379  7012
 8381  7056
 8387  7040
 8388  7017
 8389  7019
 8390 22072
 8391  7032
 8393  7062
 8395  7060
 8397  7034
 8400  7031
 8401  7054
 8404  7030
 8414  7071
 8417  7043
 8420 12284
 8421  7075
 8422  7079
 8423  7050
 8424  7046
 8425  7078
 8430  5810
 8434 22443
 8444  7086
 8451  7068
 8452  7069
 8453  7091
 8454  7093
 8456  7098
 8458  7094
 8459  7077
 8466  7099
 8467  6153
 8468  7084
 8469  7052
 8476  7089
 8477  7092
 8485  7095
 8488  7121
 8494  7102
 8501  7128
 8508  7136
 8511  7133
 8523  7153
 8531  7144
 8540 27778
 8541  7159
 8546  7202
 8551  7158
 8553  7178
 8555  7170
 8559  7177
 8560  7169
 8561  7184
 8565  7183
 8568  7188
 8572  7195
 8573  7180
 8583  7190
 8586  7173
 8591  7207
 8597  7204
 8598  7213
 8600  7217
 8601  7212
 8605  7216
 8611  7230
 8612  7241
 8618  7243
 8619  7173
 8620  7224
 8622  7229
 8627  7237
 8630  7274
 8631  7272
 8632  7242
 8635  7263
 8636  7251
 8638  7268
 8639  7239
 8641  7264
 8642  7281
 8643  7248
 8644  7252
 8645  7260
 8647  7305
 8648  7258
 8649  7300
 8650  7308
 8651  7292
 8652  7249
 8654  7276
 8655  7270
 8656  7286
 8659  7267
 8661  7254
 8664  7290
 8671  7273
 8674  7288
 8675  7275
 8676  7298
 8681  7288
 8684  7315
 8685  7311
 8688  7325
 8690  7302
 8691  7322
 8693  7321
 8694  7318
 8698  7309
 8699  7312
 8700  7303
 8705  7321
 8706  7320
 8709  7314
 8715  7326
 8716  7347
 8717  7333
 8718  7329
 8719  7349
 8723  7351
 8725  7345
 8727  7332
 8728  7354
 8733  7335
 8734  7346
 8738  7353
 8739  7356
 8749  7362
 8752  7331
 8753  7359
 8756  3806
 8757  7373
 8761  7365
 8762  7379
 8765  7372
 8766  7352
 8768  7381
 8771  7377
 8772  7376
 8774  7361
 8775  7389
 8776  7368
 8787  7380
 8789  7404
 8791  7401
 8792  7408
 8793  7415
 8795  7410
 8798  7387
 8801  7392
 8803  7392
 8805  7393
 8807  7396
 8809  7398
 8824  7403
 8836  7437
 8848  7427
 8850  7436
 8861  7433
 8862  7462
 8868  7474
 8869  7524
 8873  7465
 8874  7448
 8875  7438
 8877  7469
 8878  7447
 8888  7460
 8890  7458
 8893  7461
 8898  7499
 8899  7463
 8901  7490
 8902  7500
 8903  7502
 8904  7472
 8908  7505
 8909  7443
 8912  7487
 8913  7497
 8914  7505
 8915  7477
 8922  7459
 8923  7514
 8924  7476
 8926  7515
 8927  7484
 8929  7488
 8930  7475
 8932  7491
 8933  7489
 8935  7494
 8938  7492
 8941  7509
 8941 24881
 8946  7459
 8948  7546
 8949  7535
 8952  7507
 8953  7541
 8955  7511
 8957  7545
 8959  7518
 8960  7538
 8961  7549
 8963  7542
 8965  7519
 8967  7517
 8968  7521
 8977  7555
 8980  7562
 8982  7566
 8983  7522
 8988  7567
 8989  7557
 8991  7531
 8992  7579
 8993  7524
 8995  7574
 8996  7544
 9001  7575
 9009  7578
 9011  7582
 9015  7596
 9017  2525
 9021  7588
 9027  7603
 9029  7558
 9031  7561
 9032  7560
 9033  7615
 9035  7613
 9039 23917
 9043  7628
 9045  7568
 9046  7619
 9047  7616
 9053  7587
 9057  7638
 9064  7589
 9066  7591
 9068  7626
 9069  7642
 9077  7601
 9084  7612
 9093  7623
 9094  7621
 9095  7581
 9101  7632
 9105  7677
 9108  7637
 9109  7680
 9110  7671
 9111  7681
 9112  7640
 9115  7644
 9120  7693
 9126  7696
 9129  7622
 9130  7652
 9131  7645
 9133  7700
 9134  7650
 9137  7708
 9139  7705
 9141  7713
 9143  7664
 9152  7720
 9156  7683
 9159  7712
 9160 14788
 9163 11288
 9164  7737
 9165  7722
 9166  7678
 9167  7733
 9168  7726
 9169  7688
 9173  7689
 9181  7742
 9190  7709
 9191  7701
 9194  7714
 9195  7710
 9199  7769
 9203   990
 9207  7719
 9213  7721
 9215  7725
 9217  7732
 9220  7730
 9222  7784
 9223  7797
 9226  7830
 9228  7812
 9229  7801
 9231  7802
 9232  7778
 9233  3616
 9237  7791
 9242  7825
 9250  7787
 9251  7796
 9252  7816
 9253  7828
 9254  7747
 9260  7840
 9261  7746
 9263  7750
 9266  7776
 9269  7781
 9270  7861
 9272  7851
 9273  7800
 9274  7822
 9276  7789
 9278  7813
 9280  7715
 9280  7772
 9281 27553
 9282  7817
 9286  7806
 9287  7805
 9290  7818
 9291  7808
 9293  7793
 9296  7798
 9298  7794
 9301  7833
 9303  7804
 9304  7888
 9305  7788
 9307  7833
 9309  7842
 9310  7869
 9326  7904
 9335  7863
 9338  7856
 9347  7916
 9357  7845
 9358  7922
 9361  7862
 9364  4446
 9369  7905
 9370  7933
 9372  7900
 9373  7935
 9374  7874
 9377  7905
 9379  7902
 9382  7936
 9393  7885
 9399  7914
 9406  8000
 9410  7909
 9413  7961
 9421  7972
 9423  7926
 9424  7979
 9430  7928
 9433  7955
 9434  7990
 9456  3752
 9458  3752
 9461  7999
 9463  7977
 9466  8016
 9469  7985
 9473  8011
 9475  7988
 9485  8260
 9489  8260
 9491  8008
 9495  8041
 9498  8044
 9499   399
 9503  8018
 9506  6772
 9509  8019
 9510  8051
 9511  8027
 9520  8056
 9522  8074
 9524  8028
 9525  8047
 9525  8436
 9527  8065
 9528  8032
 9536  8042
 9538 13434
 9543  8062
 9544  8046
 9545  8049
 9554  8096
 9557  8097
 9559  8081
 9560  8028
 9562  8110
 9566  8060
 9567  8063
 9570  8127
 9571  8054
 9575  8076
 9577  8122
 9588  8087
 9592  8077
 9595  8128
 9597  8114
 9601  8112
 9602  8124
 9606  8153
 9608  8170
 9610  8172
 9614  8167
 9617  8154
 9621  8125
 9623  8157
 9624  8180
 9625 10521
 9628  8073
 9631  8137
 9638  8169
 9640  8146
 9643  8185
 9648  8176
 9651  8192
 9656  8198
 9658  8178
 9665  8166
 9667 24388
 9672  8211
 9680  8215
 9681  6500
 9683  8218
 9689  8202
 9691  8223
 9692  8228
 9696  8210
 9702  8239
 9703  8238
 9708  8237
 9711 26012
 9713  8224
 9714  8182
 9715  8227
 9717 20340
 9722  8236
 9723  8233
 9724  8255
 9726  8234
 9729  8182
 9731 10026
 9732  8229
 9737  8256
 9740  8242
 9742  8264
 9747  8253
 9750  8272
 9755  8282
 9760  8254
 9764  8275
 9765  8278
 9772  8287
 9781  8270
 9788  2123
 9790  8285
 9799  8302
 9804  8395
 9810  5658
 9821  8289
 9825  8308
 9829  8252
 9832  8314
 9834  8303
 9835  8364
 9837  8258
 9838  8313
 9841  8349
 9842  8376
 9845  8321
 9847  8317
 9851  8279
 9856  8373
 9869  8399
 9870  8336
 9873  8391
 9875 10105
 9878  8398
 9880  8298
 9881  8363
 9890  8424
 9892  8315
 9895  8401
 9900  8384
 9901  8322
 9903  8388
 9907  8320
 9909  8359
 9912  8333
 9913  8300
 9915  8367
 9923  8348
 9927  8345
 9928  8394
 9929  8351
 9930  8448
 9932  8420
 9933  8354
 9935  8453
 9943  8457
 9945  8372
 9951  8331
 9952  8381
 9954  8392
 9960  8471
 9961  8442
 9963  8339
 9964  8450
 9967  8390
 9968  8437
 9971  3900
 9972  8415
 9973  8433
 9979  7800
 9980  8440
 9982  8291
 9985  8418
 9988  8405
 9990  8455
 9994  8330
 9995  8490
 9998  8445
10001  8454
10006  8491
10007  8493
10009  8493
10010  8459
10016  8502
10019  8407
10020  8503
10021  8481
10024  8462
10027  8350
10029  8447
10032  8435
10033  8476
10034  8501
10038  8498
10039  8477
10041  8485
10042  8506
10048  8403
10053  8485
10055  8421
10056  8422
10058 12674
10059  8520
10061  8428
10064  8441
10067  8484
10071  8386
10072  8397
10073  8489
10082  8434
10088  8518
10089  8550
10101  8508
10102  8478
10106  8487
10108  8522
10109  8566
10110  8458
10112  8571
10116  8554
10117  8562
10119  8544
10121  8591
10122  8551
10124  8553
10125  8436
10127  8588
10130  8560
10131 27841
10132  8592
10136  8439
10139  8581
10140  8460
10143  8582
10144  8444
10148  8599
10153  8531
10155  8541
10158  8579
10159  8603
10164  8563
10165  8584
10166  8569
10173  8594
10174  8532
10175  8601
10176  8593
10179  8589
10180  8545
10181  8552
10184  8590
10185  8617
10186  8624
10191  8573
10192  8577
10193  8612
10195  8597
10198  8629
10201 21524
10203  8598
10205  8615
10206  8605
10209  8614
10212  8619
10213  8605
10216  8626
10218  8621
10223  8602
10224  8638
10226  8630
10227  8640
10228  8604
10232  8613
10253  8653
10257  8650
10262  8668
10268  8664
10271  8669
10273  8661
10274  8672
10281  8675
10291  8683
10296  8697
10297  8658
10301  8698
10307  8712
10310  8711
10311  8704
10316  8642
10317  8713
10323  8699
10325  8733
10334  8740
10342  8768
10344  8751
10345  5962
10346  8750
10374  8761
10375  8778
10377  8779
10380  8781
10382  8765
10387  8805
10398  5274
10399    19
10411  8766
10412  8788
10413  8766
10415  8757
10416  8745
10429  8746
10435  8767
10440  3791
10443 24384
10444  8785
10446  8772
10454  8787
10455  8844
10456  8773
10461  8853
10470  8842
10472  8830
10475  8858
10476  8857
10480  8839
10483  8860
10486  8870
10491  8828
10492  8830
10493  8861
10494  8849
10501  8884
10503  8867
10507  8829
10517  8879
10520  8892
10522  8888
10524  8913
10527  8889
10532  8925
10536  8927
10543  8916
10544  8906
10545  8906
10547  8928
10548  8929
10552  8957
10554  8935
10555  8960
10557  8931
10562  8966
10566  8975
10569  9306
10572  8947
10573  8946
10574  8881
10578  9015
10584  9008
10585  8982
10586  8953
10587  8983
10589  8980
10591  8995
10593  8988
10594  8989
10596  8993
10598  9025
10599  8997
10600  8959
10601  8887
10603  9002
10604  9012
10607  8914
10610  8991
10611  9021
10612  9007
10619  9035
10624  9108
10626  9079
10628  9118
10632 20370
10633  9085
10634  9127
10636  8997
10640  9064
10645 27875
10647 25719
10652  9161
10656  9097
10662  9193
10678  9110
10681  9126
10682  9100
10686  9041
10692  9099
10716  9269
10725  9176
10727 13823
10728  9181
10731  9174
10743  9237
10747  9253
10755  9198
10756  9257
10775  9316
10787  9335
10820  9327
10822  9339
10822  9345
10832  9345
10843  9363
10852  9367
10853  9246
10869  9286
10884  9384
10898  9217
10927  6073
10932  9299
10934  9400
10937  9457
10948  1692
10962  9378
10999  9441
11013  9472
11032 26972
11055  9389
11062  9426
11065  9489
11066  9567
11088  9546
11089  9464
11091  9463
11098  9579
11099  7902
11100  9508
11101  9486
11105  9593
11111  9500
11114  9600
11134  9628
11137  9516
11153  9539
11156  9663
11170  9663
11190  9563
11197  9575
11221  9571
11260  9749
11273  9675
11287  9713
11288  9798
11323  9720
11329  9714
11342  9677
11343  9681
11365  9680
11394  9822
11430  9865
11484  9781
11498  9592
11501  9970
11570 14391
11587  9881
11739 10021
11762 10058
11777 10271
11847 10853
11871  9815
11891  3576
12013 10481
12075 10525
12134 10569
12222 10637
12227  3795
12243 10640
12276 10651
12283 10129
12310 22477
12318 10654
12320 10704
12337 10712
12400 14092
12575 10983
12593  1780
12725 26425
12816 27649
12838 10737
12903  3388
12910 22166
12915 19562
13109  1892
13132 10574
13242 10685
13269 26810
13349 11334
13408 11387
13442 11427
13445 12427
13449 11421
13457 11177
13505 11485
13565 11229
13660 11469
13677 11323
13693 22434
13703 11062
13717 11402
13731 11943
13738   594
13765 11139
14202  1280
14320 12226
14347 16021
14405  5074
14456 13595
14458 12344
14460  8906
14481 18357
14581 11304
14624 12825
14844 26737
14897 12856
14956 10093
14963 12698
15093 13057
15096 13067
15243 13206
15307 13293
15322 13059
15324 13315
15412 13375
15415 13372
15435 13240
15469 13690
15473 13080
15530  2430
15541 13496
15605 13547
15606 20868
15626 13547
15636 13547
15676 13587
15854 13738
15857  6834
15897 13337
15923 13500
16005 13908
16028  3791
16209  6420
16222 14036
16321 13948
16342 14113
16363 14172
16430 17235
16497 14132
16627 12520
16656 14295
16769 21779
17019 14604
17040 14237
17059 14624
17095 14244
17096 14244
17176 14760
17187 14748
17202 23765
17244 26841
17254 14834
17306 14862
17482  4490
17565  4312
17631 19710
17672 18291
17690  8805
17805 15420
18015 15591
18017  6864
18080 15796
18107 27035
18111 15689
18116 19828
18152 15590
18182  1773
18211 15538
18215 15651
18234 15375
18250 15335
18283 15796
18318 20386
18320 15359
18341 25531
18349 11250
18351 15467
18360 15471
18386 15785
18549 16228
18566 15567
18728 26145
18798  2427
18835 10018
18842 27528
18852 15923
18963 11408
18970 16402
19007 12521
19032 16428
19035 16437
19061 16465
19190 16602
19261 16662
19371 16803
19435 25926
19526 27231
19562 16938
19596 16677
19653 17098
19675 17110
19730 17140
19888 17225
19957 26484
19958 17123
20114     8
20154 17167
20268 18983
20520 11633
20645 17858
20677 17566
20772 23597
20850 17708
20905 18276
21015 25101
21064  5771
21077 18416
21081  3126
21164 18493
21280 27177
21356 14454
21409 18144
21553  5869
21573 18730
21901 11960
21931 21604
22249 19046
22320 24362
22372  3200
22460 16627
22618 13731
22708 23605
23003 17710
23122 20381
23124  8938
23232 11218
23398 20758
23453  1970
23455 13769
23598 20949
23638 16441
23863 21037
23944  3795
23962  7035
24022 20551
24060 21481
24134 25916
24179  8436
24245 20767
24341 23473
24451 21909
24467 21907
24502 21582
24531 21455
24589 21951
24637   521
24653 24404
24697 22147
24742 22090
24755 22166
24780 22144
24802 22206
24979 24388
25048 22364
25116 17293
25263 22591
25347 21995
25403  3241
25408 22727
25535 22501
25559 22772
25586 22772
25590 22808
25618 22873
25849 23043
25858 23135
25927 10639
25961 12428
25980 23141
26002  5479
26007 23187
26053 24200
26133  6199
26168 27875
26188   825
26212 16230
26245 23434
26256 12877
26353 22876
26389 23754
26400 27009
26405  7508
26418 23610
26434 23605
26445 23633
26454 23641
26517 23606
26541 23635
26547 23689
26550 23705
26582 23621
26596 23626
26613 23701
26692 26130
26697   442
26705 23897
26720 25444
26725 26829
26768 23626
26821 23874
26821 23891
26840 23831
26879 23928
26881 23923
26943 24014
26945 22992
26948 24058
27005 24141
27039 24181
27044 24185
27048 24181
27049 21429
27067 23520
27086 12209
27091 23911
27093 24242
27172 13419
27185 15334
27196 24323
27253  8289
27289 24390
27400 24639
27441 24161
27523 27755
27565 24566
27566 24640
27583 13324
27645  8627
27661 24359
27749  9488
27830 12610
27866 26787
27894 24842
27914 25445
27931 24966
27937 24888
27944 18841
27983 24906
27994 24924
28006 24924
28084 25012
28086 17320
28116 25017
28137 25057
28224 23465
28234 25136
28244 25162
28283 25198
28292 25207
28327 25234
28331  9762
28353 25275
28360 10416
28362  5073
28380  3103
28427 25340
28520 25408
28532 25432
28536 25440
28549 25073
28552 25464
28620 10920
28623 25531
28683 14861
28861 26948
28864 25766
28908 25422
28912 17514
28920 25347
29068 21488
29194 24951
29219   862
29287  6571
29356 10221
29399 26256
29493 26430
29522   333
29550 26031
29576 26511
29591 25811
29665 26541
29699 20687
29718 26523
29767 26589
29768 26589
29797 26530
29807 26530
29818  7641
29858 23044
29883 23457
29886 26342
29915 26680
29955 26688
29966 26701
29983  5504
30026 26474
30046 26807
30076  5447
30079 25507
30121 26550
30162 16825
30212 26576
30218 27114
30254 27757
30283 27009
30304 27054
30390 27804
30392 27803
30413     9
30414 27821
30418 27800
30422 27803
30423 27803
30444    22
30457 27145
30458 27832
30459    13
30465 27834
30481 27859
30484 27890
30493    16
30496    16
30499 27878
30501 27806
