    4  9399
   13    14
   15  9215
   92  3176
   93 17006
  113  7095
  204 14197
  225  5140
  229 18441
  238 17312
  242 17963
  243 13435
  273  1017
  287  1040
  358 12088
  430   546
  450  5571
  528  5353
  617  4777
  719  2300
  781   602
  801  9343
  840  5420
  974  5903
  986  5574
  993  5574
 1091 11256
 1099 15744
 1167  1656
 1329 16513
 1579   898
 1619  9470
 1676  9331
 1772  3398
 1812 12992
 1831  3781
 1879   551
 1965 18503
 2134 13465
 2136  4541
 2317   953
 2330  5521
 2373  5720
 2431    28
 2507 12672
 2547  6081
 2558 13249
 2593  5170
 2601  5792
 2724  5569
 2795 17559
 2843  7755
 2969 14108
 3043 16857
 3081  5767
 3083  5958
 3122  2607
 3127  4680
 3185  5332
 3206 10678
 3207  7986
 3302  1168
 3307  2607
 3313  6020
 3397  7258
 3480 16621
 3481 10975
 3502    94
 3567  5858
 3571  3907
 3576  5870
 3608   426
 3659  8594
 3797  6065
 3919  6107
 3989 13436
 3997  5980
 4023 18664
 4142  2112
 4169 17602
 4211  7814
 4263  8080
 4322 13356
 4326   271
 4330 10839
 4346  5984
 4405   239
 4406  8199
 4492 16558
 4496  6216
 4550  5179
 4569  6075
 4693 15735
 4724 18138
 4834  6145
 4893  6164
 4917 17602
 4952  7121
 5276 10285
 5326 12732
 5443  7133
 5466 13348
 5508 14187
 5543  7341
 5580  9933
 5591  3176
 5613  7196
 5631   565
 5651  2648
 5756  7300
 5820  9102
 5849 11446
 5887 14118
 5889 18356
 5897  7339
 5903  7856
 5913  7351
 5920  7361
 5958  7388
 5992  1903
 6016 11800
 6058 18632
 6186  3791
 6266  5372
 6282  4770
 6287  9269
 6289  4639
 6312  9470
 6331 10345
 6402 12344
 6483 17900
 6554  5480
 6567   160
 6578 11854
 6581  5243
 6640  5183
 6683  8544
 6706  5322
 6722 15254
 6784  8120
 6786  8120
 6798   914
 6830  7335
 6832  4735
 6838  8162
 6858  8860
 6859  8277
 6868  8047
 6897  8264
 6906  8248
 6908  8036
 6937  8280
 6942  8280
 6943  8355
 6957  8309
 6968  8297
 6983  8310
 6985 18287
 6987  8314
 7000  8338
 7018 11543
 7026  9731
 7037  8102
 7064  8434
 7072  8399
 7074  8401
 7076  8373
 7090  4883
 7097  8485
 7102  8413
 7118  8178
 7122  8498
 7140  8091
 7142  8447
 7145  8318
 7154  8467
 7289  8513
 7343 10285
 7351 15787
 7385  9079
 7401 18049
 7405  9424
 7423  3613
 7474 18276
 7475  9030
 7476  8461
 7525  2456
 7531 10230
 7536 10716
 7561  9097
 7577 10959
 7590  3176
 7598  1485
 7639  2334
 7662 10834
 7666  8755
 7672 14293
 7680  9318
 7684  9326
 7693  9947
 7776 10015
 7815   281
 7824  8308
 7832  5884
 7841   281
 7842 16896
 7895  8285
 7900  9408
 7938 10136
 7985 10143
 8008 10492
 8013 10492
 8067  9521
 8144 10268
 8160 10282
 8164  5351
 8213  9612
 8215  8979
 8247  9664
 8279  9015
 8308  5281
 8311  9997
 8315 10005
 8338  9718
 8364  3367
 8367  7174
 8374 18539
 8375 10018
 8386 10014
 8394 10534
 8454 10062
 8465 10589
 8482  9829
 8505  9950
 8513  9946
 8518 10659
 8531  9206
 8532 10632
 8549 10680
 8557  9163
 8569 10632
 8575  9913
 8584  9585
 8671 10247
 8675 10693
 8693  9646
 8703 10032
 8706  9673
 8722  4302
 8723  4322
 8754  5454
 8756  9707
 8763  9689
 8792 10570
 8796  9400
 8813 10325
 8816  9766
 8821 15816
 8852 10257
 8861  4259
 8866 10693
 8869  9525
 8884  9097
 8960   106
 8968 10318
 8972 10318
 9009   218
 9048  8231
 9078  9578
 9093 14144
 9100  3765
 9113 10642
 9142 10362
 9198 10446
 9241 10522
 9288 11609
 9413  3158
 9419  8222
 9432 10730
 9653   209
 9671  8640
 9702  9003
 9727 17209
 9775  4647
 9825  1451
 9826  7488
 9871 14460
 9877    28
 9922  3513
 9933  8413
 9983  9726
10034 10987
10047 10975
10049 10979
10054 11031
10055 10983
10059 11152
10066 11023
10070  9216
10075 11069
10085 11053
10090 11196
10097 10833
10098 11033
10120  1682
10134 11071
10137 11085
10140 11091
10160 11808
10165 11116
10168 11130
10169 11131
10185 11145
10186 11159
10204 11216
10206 11151
10212 11165
10221 11208
10222 11212
10226 11176
10229 11195
10243 10798
10261 11143
10265 11236
10268 11326
10269 11272
10272 11259
10273 11307
10279 11319
10285  6530
10297 11333
10303 11338
10315 11310
10324  9038
10334 11344
10347  9413
10356 11373
10360 11363
10365 11384
10372 11379
10392 11183
10406 11466
10413 11460
10416 11043
10422 11449
10428 11463
10438  5454
10441 11133
10451 11505
10455 11481
10472  1128
10484 11507
10501 11509
10505  8212
10536 11184
10546 11641
10552 11575
10560 17971
10569 11586
10574 11597
10584  8085
10585 11609
10586  7987
10588 11233
10591 11220
10621  4732
10622 11676
10649  9108
10657 11374
10704  9685
10718 12269
10720  6612
10730 12282
10733 12290
10760  3832
10766 12314
10780 12320
10789  9879
10822 12352
10823 12352
10825 12342
10846 12363
10848 12377
10872 18668
10879 12367
10911 18694
10951 12570
10971 12590
10982  9215
10996 17936
11000 10616
11036 12760
11051 12732
11053 17724
11065  7825
11069 12756
11102 10352
11131  8431
11143  6913
11144  2698
11157  2656
11160 18245
11163 10463
11177   257
11244  5219
11246 10602
11250 13588
11253  1727
11330  2196
11349  5221
11404 10765
11425   181
11437  5032
11450 15966
11475 18352
11487 17951
11505  5275
11516 12543
11522 16280
11547 12582
11560  7441
11594  7223
11595   551
11598 12616
11602 12631
11639  2462
11642 13568
11649 12674
11657 18503
11667 13235
11668 18503
11690 18055
11695 12759
11702 12810
11707 12820
11710 12816
11711 12822
11740 12935
11745 12964
11746 13018
11756 12954
11776 13726
11801 13729
11815 13788
11816 13297
11825 13295
11872 13523
11875 13956
11878 13758
11879 13561
11931 13879
11945 13760
11946 14334
11951  4515
11961 13824
11962 13814
11970 14281
11983 13894
11988 14451
11993 14359
11999 13941
12000 14464
12001 14490
12004 14464
12015 14440
12037 14459
12043 14045
12049 14082
12063 14629
12064 14085
12074 10854
12078 14728
12088 14646
12121 14868
12124 14611
12129  1102
12130 14843
12139 14409
12143 14971
12146 14427
12150 14437
12155 14584
12157 14495
12165 15000
12166 15038
12172 14522
12177    26
12180 15009
12184 14518
12187 14483
12190 14554
12194 14554
12203  5043
12208 15129
12211 14666
12216 14961
12221 14616
12222 14693
12239 15184
12245  5325
12251  8261
12256 14697
12261 15042
12266  5365
12284 15349
12287 15349
12293 15360
12301 14856
12313 16462
12380 14932
12383 15491
12389 15461
12450 15046
12457   898
12551 15724
12556 15601
12561 15601
12614 15291
12650 15303
12688 16056
12785 15479
12790 17509
12830  6934
12845 16265
12858 15610
12868 13037
12874 15564
12986 14108
13179  3468
13246 11827
13417  7564
13428  1816
13430   548
13564 10183
13710 10671
13760 16479
13763 15550
13793 10483
13861 12115
13921 16705
13951  9672
13987 12460
13998 12460
14112 16981
14127 16964
14327  8243
14491 18503
14509 17830
14660  1141
14670 17219
14738  7230
14801 14800
14808 18603
14877  5528
14923 11543
15004  5737
15208  8622
15245 12597
15265 17942
15459 15926
15754 16313
15914 16063
16391   195
16769   139
17023  8175
17233  8029
17246 18503
17326 18503
17353  1416
17469  1439
17625 10270
17794  6015
17835   272
17846   476
17907  3875
17959 13636
17969   890
18356  1282
18498 13201
18568 10706
18624  4854
18709 18503
18744  2133
18927  5493
19013 15901
19024  5136
19073 18022
19078 11064
19198 13757
19228 10429
19258  4093
19469  5812
19615 13158
19697 18165
19846 17528
19965 14012
20143 17515
20235  2954
20331 18320
20396  7188
20509  6865
20566  2001
20612  2348
21072  8571
21123  6973
21485   195
21667   106
21822  9046
21844 16103
21923 12399
21939  5260
21940 18533
22049 10124
22076 16028
22123  2041
22249   514
22322 13479
22542  2372
22555 10491
22572 15310
22912 14661
22993  5675
23016  5675
23077  1351
23268 17198
23380  6342
23540  1600
23696  5584
23753  8836
23915 14045
23948  9828
23992  8737
24056    51
24090  7040
24096 18049
24225  8394
24267  6125
24279  1793
24479  1464
24485   564
24613  8783
24655 13838
24690  3272
24761  4616
24784 16176
24800   503
24896  2291
24945 16670
24966  8238
24989  7250
25107 15379
25228  1910
25241  6760
25382  7974
25420 11040
25569 11589
25670 16738
25786 18200
25814 10456
25953  1829
26082 12405
26177 11906
26220  5600
26343  4403
26374 10828
26460  8231
26583 15201
26584  7820
26681  2464
26694  3327
26846  9086
27128  7535
27158  1927
27171 13855
27173 13619
27216  2041
27231 18301
27329  5506
27372  3670
27406 17828
27608  9427
27620  4889
27643    28
27649 18588
27680    46
27699 18714
27716 18720
27748 18694
27753    16
