    4     6
   29  9531
   45 11401
   88  5473
  125   142
  173 12154
  228  8813
  252 18218
  285  3687
  300    26
  303    28
  313    35
  337    50
  345    52
  357    60
  383    21
  389 18370
  396    40
  397    33
  398    32
  404    39
  420  6175
  423    45
  433    53
  435    55
  441    61
  445    96
  456    62
  460    71
  461    76
  481    85
  495   117
  499   116
  506    93
  509 26642
  524   115
  529   107
  530   115
  532   138
  540   125
  546   142
  547   120
  549   122
  555   128
  569   161
  572   136
  574   143
  576   173
  577   172
  584   140
  588   190
  590   155
  594   170
  596   176
  599   164
  603   238
  621   193
  623   254
  635   199
  641   204
  644   229
  651   227
  658   237
  660   242
  668   231
  678   247
  682   265
  686   260
  691   246
  696   266
  702   296
  703   258
  705   277
  715   273
  719   314
  728   318
  737   293
  738   291
  740   322
  741   293
  742   283
  746   297
  749   341
  750   327
  752   339
  753   337
  755   333
  756   340
  759   339
  762   315
  764   328
  765   306
  778   302
  790   313
  793 16630
  794   325
  795   323
  800   335
  818   372
  824   354
  825   381
  826   361
  830   364
  835   376
  849   399
  850   378
  855   375
  863   404
  867   393
  868   395
  869   396
  876   398
  895   419
  898   421
  903   422
  904   443
  905   425
  909   459
  912   439
  915   334
  918   438
  920   436
  926   445
  930  1679
  932   454
  935   488
  938   503
  941   446
  942   469
  944   485
  945   464
  954   506
  957   456
  958   469
  960   481
  961   493
  972   520
  983   509
  984   511
  986   532
  989   526
  991   480
  993   550
 1002   505
 1004   508
 1009   492
 1014   512
 1015   547
 1017   487
 1018   500
 1021   525
 1035   516
 1037   548
 1041   518
 1043   523
 1045   551
 1058   553
 1059   563
 1082   565
 1083 18603
 1084   535
 1086   331
 1097   577
 1115   585
 1116   502
 1128   599
 1129   604
 1134   591
 1143   114
 1151 16852
 1181   651
 1184  7799
 1196 11895
 1200   643
 1200  9582
 1216 26808
 1266   653
 1267   593
 1273   594
 1283   601
 1287   664
 1291   666
 1293   602
 1305   699
 1306   684
 1308   682
 1309   697
 1314   628
 1316   617
 1317   688
 1334   629
 1336   692
 1343   634
 1346   632
 1348   649
 1353  3617
 1361   727
 1366   733
 1368   759
 1369   678
 1371   665
 1373   738
 1377   703
 1379   762
 1385   753
 1385  3085
 1386   675
 1389   768
 1393   690
 1399   775
 1406   760
 1407   778
 1411   687
 1419   800
 1426   808
 1427   766
 1429   815
 1433   707
 1442   777
 1443   801
 1448   704
 1449   712
 1451  9601
 1458   735
 1460   789
 1462   714
 1466   739
 1467   725
 1483   740
 1487   744
 1492   847
 1496   752
 1497   751
 1506   835
 1511   764
 1514   765
 1529   840
 1552   785
 1556   787
 1557   797
 1558   982
 1559   799
 1563   807
 1571   902
 1575   812
 1579   861
 1582   818
 1583   917
 1587  1013
 1589   895
 1604   915
 1618   943
 1619   945
 1622   916
 1633   894
 1639   843
 1641   975
 1648 11213
 1654 10259
 1656  1394
 1669   872
 1684   856
 1704   854
 1719   873
 1723   857
 1725   936
 1728   889
 1737  1003
 1740   874
 1746   908
 1752   908
 1787   929
 1796  1008
 1797  1014
 1808   923
 1818  1018
 1822  1035
 1828   919
 1830  1033
 1840   948
 1842  1007
 1843   947
 1845  1072
 1848  1000
 1850  1028
 1854  1084
 1855  1074
 1868   942
 1878  1079
 1881  1064
 1883  1053
 1886  1059
 1892  1081
 1894  1037
 1902   951
 1910  1066
 1919  1069
 1927  1073
 1934  1080
 1937  1209
 1939  1102
 1947  1135
 1949  1103
 1951  1106
 1954  1117
 1955  1110
 1958  1151
 1959  1118
 1960  1144
 1961  1171
 1965  1158
 1983 10191
 1988  1143
 1989  1132
 1999  1131
 2002  1161
 2005  1149
 2011  1137
 2012  1256
 2020  1178
 2026  1150
 2033  1095
 2039  1157
 2042  1098
 2042  8290
 2044  1162
 2048  1097
 2049  1169
 2052  1097
 2052  1099
 2057  1180
 2059  1181
 2063  1108
 2064  1187
 2071  1184
 2072  1115
 2075  1114
 2080  1205
 2094 27439
 2096  1203
 2113  1249
 2117  1219
 2118  1222
 2122  1245
 2124  1221
 2127  1236
 2128  1168
 2141  1175
 2145  1241
 2153  1260
 2156  1199
 2157  1253
 2172  1285
 2177  1220
 2180  1276
 2184  1309
 2185  1305
 2190  1357
 2200  1302
 2202  1210
 2203  1233
 2208  1297
 2212  1224
 2218  1324
 2220  1334
 2221  1254
 2226  1238
 2228  1394
 2235  1250
 2236  1339
 2237  1337
 2240  1268
 2241  1347
 2242  1323
 2249  1335
 2250  1330
 2258  1289
 2261  1343
 2266  1354
 2269  1300
 2273  1281
 2277  1356
 2278  1445
 2280  1370
 2281  1287
 2285  1371
 2291  1359
 2294  1429
 2295  1294
 2297  1367
 2298  1375
 2299  1435
 2304  1385
 2306  1379
 2309  1381
 2311  1366
 2315  1451
 2318  1382
 2319  1464
 2320 18843
 2321  1383
 2330  1350
 2334  1414
 2335  1469
 2336  1459
 2340  1397
 2364  1504
 2373  1408
 2374 15432
 2376  1432
 2377  1426
 2383  1518
 2389  1430
 2391  1517
 2393  1534
 2394  1519
 2396  1537
 2398 13880
 2401  1441
 2402  1378
 2405  1376
 2412  1422
 2416  1407
 2420  1530
 2420  1532
 2424  1468
 2429  1563
 2433  1560
 2443  1474
 2451  1584
 2459  1509
 2460  1493
 2463  1499
 2467  1510
 2478  1503
 2488  1525
 2499  1465
 2501  1538
 2502  1514
 2503  1529
 2508  1472
 2512  1547
 2528  1564
 2533  1562
 2537  1558
 2540  1565
 2542  1645
 2551  1516
 2553  1533
 2558  1585
 2561 18336
 2566  1586
 2567  1605
 2574  1611
 2575  1594
 2578  1599
 2580  1597
 2583  1598
 2589  1610
 2596  1617
 2598  1631
 2604  1636
 2610  1622
 2613  1641
 2619  1635
 2624  1654
 2628  1659
 2630  1649
 2643  1666
 2646  1595
 2663  1667
 2664  1614
 2667  1661
 2700  1690
 2701  1625
 2717  1697
 2718  1640
 2720  1711
 2722  1718
 2724  1656
 2727  1712
 2728  1709
 2738  1726
 2745  1724
 2750  1681
 2752  1727
 2755  1687
 2756  1730
 2763  1733
 2764  1737
 2765  1685
 2766  1741
 2775  1694
 2783  1746
 2785  1707
 2795  1764
 2797  1777
 2799  1771
 2809  1795
 2829  1803
 2834  1747
 2835  1765
 2840  1820
 2841  1753
 2856  1772
 2858  1772
 2862  1828
 2863  1774
 2864  1823
 2865  1781
 2870  1840
 2872  1839
 2874  1841
 2876  1843
 2879  1788
 2880  1786
 2882  1842
 2885  1807
 2889  1800
 2891  1850
 2895  1863
 2904  1860
 2908  1862
 2915  1861
 2922  1864
 2923  1870
 2924  1832
 2927  1869
 2936  1874
 2938  1872
 2940 20155
 2941  1876
 2943  1886
 2962  1848
 2966  1895
 2971  1916
 2972  1911
 2973  1891
 2974  5309
 2982  1916
 2992  1884
 3001  1890
 3008  1926
 3016  1945
 3017  1940
 3019  1941
 3022  1946
 3035  1907
 3059  1969
 3063  1977
 3064  1994
 3070  1992
 3076  1929
 3081  1943
 3083  2016
 3085  1983
 3088  1949
 3094  1944
 3096  2013
 3099  2018
 3105  2027
 3109  2005
 3110  2024
 3113  2038
 3122  6203
 3123  1966
 3124  1961
 3125  2020
 3127  1970
 3129  2028
 3130  2021
 3131  1961
 3132  1960
 3133  1975
 3136  2033
 3137  2054
 3138  2034
 3146  1973
 3150  2041
 3152  1982
 3153  2039
 3154  2052
 3157  1987
 3159  2070
 3160  2065
 3168  2001
 3169  2063
 3170  2067
 3171  2079
 3178  2073
 3186  2075
 3190  2075
 3191  2078
 3192  2083
 3194  2037
 3198  2097
 3199  2089
 3204  2032
 3208  2046
 3209  2092
 3215  2040
 3216  2095
 3222  2043
 3225  2108
 3226  2102
 3228  2101
 3229  2105
 3233  2061
 3236  2076
 3243  2113
 3244  2129
 3249  2124
 3253  2120
 3255  2123
 3257  2118
 3259  2139
 3260  2133
 3261  2131
 3265 26493
 3266  2121
 3269  2221
 3271  2143
 3273  2148
 3276  2136
 3281  2132
 3282  2146
 3283  2138
 3284  2149
 3287  2163
 3295  2172
 3296  2164
 3301  2171
 3305  2176
 3308  2165
 3311  2167
 3313  2177
 3317  2112
 3319  2145
 3322  2174
 3324  2191
 3327 11140
 3329  2196
 3333  2201
 3335  2198
 3340  2189
 3342  2211
 3346  2205
 3350  2208
 3354  2213
 3355  2134
 3379  7179
 3382  2238
 3385  2226
 3392  2169
 3393  2241
 3399  2178
 3403  2251
 3407  2257
 3413  2187
 3418  2188
 3423  2264
 3424  2260
 3434  2219
 3435  2202
 3439  2204
 3444  2210
 3450  2274
 3459  2292
 3467  2289
 3468  2280
 3469  2229
 3471  2286
 3474  2254
 3481  2299
 3484  2250
 3491  2310
 3492  2318
 3493  2316
 3496  2314
 3503  2332
 3508  2336
 3509  2345
 3515  2331
 3518  2335
 3523  2339
 3529  2329
 3534  2353
 3541  2358
 3547  2357
 3548  2287
 3549  2364
 3553  2365
 3560  2381
 3562  2307
 3563  2372
 3567  2309
 3568  2382
 3577  2319
 3582  2386
 3591  2338
 3597  2398
 3608  2417
 3609  2419
 3613  2418
 3616  2354
 3623  2423
 3629  2360
 3638  2439
 3639  2440
 3641  2376
 3642  2437
 3645  2378
 3654  2448
 3659  2434
 3662  2454
 3670  2461
 3672  2457
 3675  2469
 3681  2460
 3691  2487
 3699  2495
 3701  2482
 3704  2498
 3711  2427
 3717  2499
 3722  2504
 3733  2523
 3734  2521
 3737  2536
 3742  2541
 3743  2535
 3744  2455
 3745  2532
 3747  2540
 3754  2531
 3758  2484
 3759  2538
 3762  2547
 3762  4012
 3765  7930
 3766  2490
 3767  2552
 3774  2567
 3775  2570
 3781  2509
 3783  2497
 3785  2163
 3786  2510
 3790  2513
 3791  2573
 3794  2569
 3797  2571
 3800  2583
 3806  2576
 3809  2522
 3810  2588
 3820  2595
 3824  2602
 3826  2529
 3835  2617
 3840  2551
 3846  2628
 3847  2550
 3848  2616
 3849  2625
 3851  2623
 3852  2630
 3855  2564
 3865  2622
 3866  2632
 3869  2636
 3873  2635
 3880  2652
 3882  2581
 3883  2655
 3884  2577
 3888  2645
 3895  2587
 3897  2659
 3900  2666
 3906  2611
 3911  2674
 3912  2681
 3919  2690
 3921  2689
 3926  2619
 3930  2624
 3934  2688
 3935  2626
 3940  2692
 3942  2695
 3948  2696
 3951  2706
 3952  2703
 3958  2656
 3970  2717
 3972  2665
 3980  2712
 3981  2672
 3988  2727
 3989  2726
 3991  2733
 3993  2735
 3995  2731
 3997  2691
 3998  2741
 3999  2738
 4000  2742
 4002  2743
 4009  2751
 4014  1447
 4016  2757
 4018  2761
 4022  2766
 4024  2764
 4027  6908
 4029  2759
 4031  2716
 4032  2770
 4042  2775
 4046 18659
 4047  2773
 4056  2713
 4058  2785
 4069  2798
 4071  2793
 4073  2811
 4075  2795
 4077  2802
 4083  2808
 4088  2813
 4089  2824
 4090  2823
 4098  2829
 4106  2839
 4107  2838
 4110  2840
 4112  2841
 4114  2835
 4115  2842
 4120  2837
 4122  2847
 4124  2846
 4127  2843
 4131  7001
 4135  2854
 4139  2855
 4140  2859
 4152  2861
 4163  2876
 4166  2882
 4167  2884
 4169  9286
 4177  2900
 4178  2890
 4180  2885
 4181  2902
 4185  2903
 4194  2908
 4197  2910
 4201  2912
 4203  2955
 4208  2918
 4216  2968
 4217  2925
 4218  2927
 4222  2930
 4228  2936
 4236  2942
 4239  2948
 4241  2937
 4249  3003
 4250  2949
 4253  3000
 4255  2954
 4257  3005
 4258  2951
 4259  2959
 4260  3028
 4261  2956
 4263  3009
 4265  2958
 4266  3016
 4267  3026
 4268  2967
 4269  2963
 4270 11722
 4271  2966
 4275  2970
 4277  2969
 4279  2974
 4280  2980
 4283  2933
 4295  3074
 4304  2997
 4305  3086
 4311  2993
 4315  3011
 4317  3002
 4319  2990
 4320  3007
 4321  3008
 4326  3106
 4327  3014
 4329  2456
 4331  3097
 4332  3013
 4335  3018
 4337  3023
 4340  3100
 4345  3036
 4349  3044
 4350  3030
 4354  2979
 4355  3039
 4356  3050
 4365  3109
 4366  3052
 4389  3083
 4392  2998
 4397  3076
 4401  3078
 4404  3134
 4405  3106
 4406  3097
 4410  3088
 4411  3098
 4424  3024
 4425  3032
 4430  3108
 4432  3119
 4436  3118
 4441  3123
 4451  3135
 4454  3165
 4458  3132
 4459  3061
 4460  3143
 4461  3140
 4470  3156
 4474  3155
 4490   503
 4494  3168
 4495  3187
 4499  3175
 4502  3184
 4505  3113
 4508  3185
 4514  3198
 4521  3199
 4524  3201
 4528  3157
 4531  3210
 4538  3500
 4539  3221
 4545  3218
 4547  3214
 4548  3220
 4552  3224
 4554  3219
 4555  3244
 4557  3235
 4558  3227
 4561  3237
 4565  3183
 4566  3202
 4567  3243
 4569  9721
 4570  3238
 4574  3231
 4576  3246
 4577  3248
 4582  3253
 4588  3257
 4591  3265
 4592  3268
 4593  3269
 4602  3277
 4603  3195
 4629  3308
 4633  3309
 4671  3346
 4680  3305
 4700  3402
 4720  3603
 4735  3613
 4747  3625
 4748  3630
 4766  3396
 4767  3646
 4768  3644
 4778  3656
 4782  3667
 4783  3666
 4787  3662
 4793  3472
 4797  3452
 4805  3683
 4807  4867
 4809  3681
 4810  3688
 4823  3699
 4825  3705
 4829  3714
 4831  3719
 4834  3510
 4838  3727
 4840  3728
 4848  3506
 4852  3738
 4853  3715
 4857  3517
 4858  3558
 4859  3706
 4860  3743
 4861  3739
 4865  3744
 4883  3715
 4889  3774
 4890  3771
 4894  3772
 4900  3776
 4908  3790
 4913  3796
 4918  3799
 4927  3807
 4931  3812
 4937  3615
 4941  3823
 4945  3827
 4949  3830
 4952  3836
 4953  3836
 4956  3831
 4958  3653
 4959  3733
 4963  3845
 4966  3841
 4969  3634
 4974  3627
 4976  3857
 4980  3858
 4984  3861
 4988  3649
 4992  3876
 4996  3873
 4997  3880
 5010  3893
 5014  3895
 5021  3899
 5032  3673
 5037  3911
 5041  3917
 5045  3695
 5051  3923
 5057  3927
 5064  3936
 5065  3940
 5066  3777
 5076  3948
 5077  3947
 5078  3951
 5079  3949
 5083  3653
 5089  3953
 5090 11452
 5095  3961
 5096  3968
 5100  3963
 5107  9528
 5111  3972
 5116  3974
 5127  3980
 5137  3989
 5155  4010
 5157  4011
 5159  4003
 5162  4002
 5176  3992
 5181  4018
 5187  4019
 5195  3981
 5196  4021
 5202  4034
 5206  4027
 5209  4040
 5211  4044
 5228  5870
 5229  4053
 5235  4055
 5239  4058
 5240  4063
 5244  4062
 5246  4066
 5259  4071
 5262  4047
 5269  4079
 5271  4080
 5272  4081
 5284  4101
 5287  4103
 5288  4102
 5290  4121
 5299  4089
 5311  4117
 5313  3906
 5316  4152
 5324  4128
 5325  4131
 5326  4134
 5327  4133
 5328  4129
 5348  4120
 5353  4148
 5355  4191
 5359  4156
 5362  4193
 5363  4158
 5364  4154
 5369  4156
 5375  4203
 5377 14379
 5380  4199
 5384  4175
 5386  4181
 5389  4185
 5398  4214
 5407  4220
 5414  4182
 5417  4217
 5418  4194
 5425  4219
 5426  4221
 5430  4227
 5432  4226
 5433  4231
 5434  4230
 5445  4243
 5446  4247
 5450  4225
 5454  4268
 5464  4251
 5466  4284
 5467  4234
 5469  4255
 5471  4256
 5476  4289
 5482  4260
 5484  4271
 5490  4277
 5491  4282
 5495  4283
 5498  4252
 5500  4253
 5504  4290
 5506  4293
 5510  4266
 5511  4304
 5525  4321
 5529  4319
 5536  4363
 5538  4337
 5541  4296
 5543  4346
 5546  4295
 5547  4367
 5557  4340
 5563  4351
 5566  4327
 5569  4350
 5570  4353
 5571  4362
 5575  4360
 5577  4368
 5578 22600
 5585  4382
 5587  4385
 5589  4347
 5594  4356
 5595  4391
 5597  4364
 5599  4397
 5600  4398
 5605  4369
 5607  4373
 5610  4379
 5621  4421
 5632  4435
 5636  4438
 5642  4422
 5643  4447
 5647  4448
 5651  3696
 5653  4463
 5654  4457
 5656  4464
 5657  4433
 5660  4473
 5662  4465
 5666  4440
 5667  4446
 5671  4476
 5675  4449
 5683  4485
 5686  4488
 5687  4489
 5690  4496
 5698  4520
 5702  4506
 5734  4534
 5751  4521
 5765  4532
 5775  4544
 5778  4550
 5786  4589
 5798  4587
 5809  4636
 5833  3689
 5833  4519
 5834  4633
 5840  4667
 5845  4646
 5846  4647
 5852  4694
 5853  4655
 5859  4693
 5860  4699
 5861  4654
 5863  4709
 5865  4666
 5867  4701
 5874  4674
 5876  4685
 5878  4696
 5879  4692
 5886  4781
 5889 17590
 5892  4781
 5897  4730
 5903  4791
 5905  4740
 5906  4745
 5912  4809
 5913  4754
 5916  4755
 5920  4759
 5922  4765
 5931  4780
 5933  4785
 5936  4783
 5939  4789
 5942  4794
 5946  4800
 5951  4854
 5958  4814
 5960  4838
 5964  4815
 5967  4824
 5969  4861
 5994  4849
 6023  9472
 6023 17769
 6039  4930
 6045  4719
 6064  4926
 6077 16410
 6094  4962
 6124  4946
 6126  4989
 6130  4963
 6133  4994
 6144  5000
 6145  5009
 6167  5041
 6181  5053
 6183  5050
 6188  5061
 6204  6391
 6205  5085
 6215  5094
 6218   340
 6220  5097
 6228  5103
 6235  5098
 6244  5106
 6246  5093
 6247 11167
 6253  5116
 6255  5121
 6258  5119
 6290  5141
 6293  5163
 6296  5148
 6310  5144
 6329  5168
 6330  5158
 6333  5183
 6335  5179
 6341  5161
 6343  2299
 6346  5181
 6349  5188
 6360  5196
 6363  5180
 6372  5189
 6374  5184
 6380  5205
 6383  5192
 6392  5208
 6399  5234
 6402  5220
 6419  5258
 6423  5267
 6426  5231
 6435  5203
 6436  5274
 6437  5254
 6440  5290
 6441  5268
 6442  5287
 6445  5292
 6454  5294
 6455  5289
 6459  5281
 6463  5305
 6464  5296
 6465  5255
 6473  5232
 6479  5319
 6482  5346
 6484  5238
 6485  5326
 6487  5318
 6488  5227
 6492  5316
 6498  5351
 6499  5322
 6500  5321
 6501  5342
 6505  5337
 6507  5328
 6511  5239
 6517  5295
 6518  5336
 6519  5357
 6532  5379
 6534  5314
 6540  5359
 6541  5251
 6545  5361
 6549  5366
 6551  5299
 6552  5353
 6553  5394
 6555  5350
 6556  5384
 6557  5363
 6558  5400
 6561  5401
 6562  5380
 6563  5271
 6568  5409
 6572  5392
 6573  5385
 6574  5390
 6577  5330
 6579  5389
 6580  5369
 6581  5386
 6588  5414
 6589  5358
 6593  5398
 6598  5417
 6600  5388
 6602  5377
 6605  5430
 6616  5444
 6617  5440
 6621  5458
 6624  5442
 6630  5428
 6632  5431
 6633  5460
 6639  5438
 6642  5461
 6646  8289
 6648  5455
 6649  5483
 6657  5475
 6661  5463
 6662  5489
 6665  4093
 6666  5474
 6669  5466
 6674  5500
 6680  5465
 6683  5502
 6689  5515
 6692  5510
 6696  5434
 6699  5519
 6700  5387
 6701  5405
 6702  5518
 6704  5484
 6705  5477
 6707    43
 6709  5522
 6710  5530
 6712  5482
 6715  5532
 6716  5539
 6718  5495
 6719  5536
 6725  5541
 6729  5522
 6730  5576
 6734  5499
 6738  5542
 6741  5497
 6742  5485
 6743  5545
 6746  5584
 6749  5553
 6751  5509
 6754  5549
 6764  5517
 6770  5531
 6775  5575
 6779  5534
 6784  5590
 6794  5561
 6796  5586
 6797  5555
 6799  5601
 6801  5551
 6803  5557
 6808  5562
 6813  5563
 6814  5579
 6815  5570
 6817  5567
 6818  5580
 6820  5577
 6822  5588
 6824  5583
 6833  5587
 6835  5538
 6836  5625
 6841  5597
 6845  5632
 6849  5634
 6858  5639
 6859  5600
 6860  5607
 6866  5640
 6868  5592
 6876  5619
 6886  5609
 6888  5621
 6890  5665
 6891  5659
 6893  5612
 6895  5630
 6896  5627
 6897  5661
 6900  5635
 6905  5646
 6906  5681
 6908  5611
 6909  5686
 6919  5653
 6921  5652
 6923  5701
 6928  5705
 6935  5672
 6937  5713
 6942  5713
 6944  5660
 6945  5680
 6948  5684
 6950  5683
 6951  5656
 6957  5723
 6962  5719
 6965  5736
 6978  5698
 6983  5745
 6987  5746
 6990  5749
 6991  5706
 6995  5714
 6998  5752
 7002  5753
 7004  5666
 7012  5764
 7015  5765
 7021  5740
 7022  5734
 7024  5742
 7028  5744
 7030  5781
 7034  5741
 7035  5755
 7037  5708
 7043  5763
 7048  5747
 7049  5758
 7051  5759
 7052  5761
 7053  5756
 7055  5762
 7060  5770
 7061  5773
 7062  5772
 7065  5797
 7068  5768
 7071  5774
 7072  5798
 7073  5769
 7076  5804
 7077  5767
 7080  5771
 7081  5775
 7082  5784
 7085  5788
 7088  5790
 7093  5825
 7096  5809
 7097  5815
 7102  5842
 7107  5807
 7109  5799
 7113  5810
 7115  5817
 7117  5857
 7122  5835
 7123  5789
 7125  5808
 7131  5828
 7134  9117
 7135  5787
 7136  5860
 7137  5829
 7138  5814
 7140  5839
 7141  5830
 7142  5862
 7145  5813
 7146  5820
 7155  5871
 7165  4656
 7167  5890
 7168  5889
 7169  5863
 7170  5864
 7179  5911
 7183  5870
 7190  4076
 7192  5878
 7199  5987
 7200  5967
 7212  6017
 7227  5888
 7232  5892
 7259  5867
 7260  6017
 7262  6014
 7265  6005
 7275  6032
 7289  6044
 7295  6040
 7310  6136
 7312  6138
 7320  6066
 7325  7024
 7327  6056
 7331  5986
 7336  6046
 7341 14201
 7348  6031
 7350  6136
 7355  6033
 7356  7076
 7359  6085
 7384  7226
 7385  6091
 7389  6070
 7397  3427
 7411  6058
 7416  6108
 7419  6073
 7444  6146
 7445  6158
 7454  6293
 7462  5122
 7467  6199
 7468  6120
 7475  6201
 7476  6089
 7477  6275
 7482  6147
 7483  6152
 7487  6154
 7488  6153
 7489  6151
 7493  6157
 7499  6168
 7510  7939
 7512  6328
 7513  6191
 7514  6240
 7520  6184
 7524  6252
 7527  6373
 7536  6367
 7541  6222
 7549  6461
 7554  7212
 7576  7514
 7579  6384
 7583  6254
 7593  6216
 7601  6268
 7604  6225
 7607  6629
 7608  6408
 7622  6302
 7624  6291
 7625  6279
 7626  6335
 7627  6298
 7628  6299
 7635  6302
 7636  8530
 7650  6351
 7654  6370
 7655  6318
 7656  6312
 7665  6321
 7666  6319
 7670  6524
 7678  6323
 7679  6534
 7684  6345
 7685  6298
 7686  6490
 7693  6499
 7694  6334
 7704  6363
 7706  6541
 7707  6559
 7718  6569
 7727  6416
 7730  6394
 7733  6608
 7742  6435
 7745  6438
 7750  6612
 7752  6625
 7754  6572
 7760  6423
 7765  6606
 7769  6569
 7771  6577
 7775  6584
 7779  6574
 7780  6596
 7784  6563
 7785  6397
 7786  6468
 7787  6450
 7788  6502
 7790  6656
 7792  6470
 7798  7514
 7805  6465
 7810  6689
 7811  6692
 7813  6651
 7813  6656
 7817  6691
 7819  6497
 7820  6528
 7822  6623
 7828  6642
 7837  6700
 7843  6488
 7854  6657
 7857  6687
 7859  6501
 7863  6737
 7864  6503
 7866  6516
 7867  6515
 7868  6533
 7869  6538
 7870  6539
 7872  6756
 7873  6536
 7875  6544
 7876  6696
 7878  6614
 7879  6554
 7881  6552
 7882  6532
 7883  6530
 7896  6579
 7898  6589
 7900  6622
 7901  6754
 7902  6550
 7903  6609
 7905  6588
 7907  6551
 7916  6794
 7917  6560
 7923  6833
 7924  6833
 7924  7939
 7926  6758
 7927  6619
 7928  6833
 7929  6621
 7930  6582
 7933  6780
 7941  6681
 7948  6613
 7950  6632
 7969  6652
 7985  6802
 7992  6883
 7993  6670
 7998  6840
 8008  6830
 8010  7332
 8011  6667
 8012  6857
 8013  6837
 8021  6979
 8022  6640
 8023  6682
 8033  6646
 8045  6660
 8046  6989
 8050  6610
 8053  7003
 8055  6697
 8057  6676
 8063  6714
 8065  7318
 8067  6757
 8069  6729
 8070  6961
 8081  6704
 8087  6710
 8091  7035
 8092  6962
 8093  7033
 8095  6718
 8096  7039
 8098  7033
 8100  6669
 8101  7044
 8102  6723
 8104  6726
 8115  6762
 8117  7061
 8126  8295
 8132  6741
 8144  6749
 8152  6707
 8153  6786
 8164  7080
 8166  6938
 8167 25945
 8175  6790
 8181  6791
 8184  1325
 8184  6460
 8187  6868
 8192  6815
 8193  6824
 8196 17983
 8198  6835
 8201  7126
 8205  6858
 8207  6845
 8211  6875
 8214  7115
 8218  7126
 8219  6902
 8220  6958
 8223  6920
 8236  6980
 8238  6990
 8239  6994
 8242  6891
 8245  6969
 8247  7158
 8249  6999
 8251  7001
 8253  7004
 8254  6976
 8259  7015
 8264  6987
 8270  6996
 8277  7002
 8278  7016
 8279  6955
 8281  7014
 8285  7006
 8286  7183
 8290  6907
 8291  7040
 8299  7028
 8301  3139
 8301  7199
 8302  6968
 8308  7051
 8311  7052
 8315  7050
 8319  7202
 8326  6516
 8326  7041
 8329  5229
 8335  7095
 8336  7287
 8337  7036
 8338  7097
 8349  7237
 8353  7203
 8361  7079
 8362  7272
 8363  7017
 8368  6907
 8373  7064
 8375  7079
 8376  7060
 8378  7296
 8379  7258
 8381  7330
 8383  7068
 8385  7065
 8392  7277
 8396  7292
 8403  6388
 8403 19594
 8406  7077
 8413  7096
 8418  7084
 8419  7096
 8420  7332
 8423  7334
 8425  7560
 8428  7327
 8435  7106
 8437  7087
 8438  7241
 8439  7101
 8440  7092
 8445  7344
 8454  7228
 8462  7360
 8464  9528
 8467  7133
 8468  7108
 8470  7122
 8473  7124
 8475  7130
 8478  7151
 8479  7356
 8480  7139
 8488  7088
 8489  7158
 8502  7090
 8505  7255
 8507  7431
 8508  7155
 8513  7241
 8515  7411
 8518  7442
 8522  3093
 8522  7420
 8524  7406
 8528  7357
 8531  7138
 8532  7410
 8540  7390
 8546  7168
 8548  7319
 8553  7188
 8555  7399
 8557  7137
 8560  7195
 8563  7182
 8567  7208
 8569  7404
 8572  7246
 8574  7467
 8576  7485
 8583  7248
 8584  7257
 8585  7196
 8592  7492
 8595  7213
 8597  7230
 8598  7211
 8606  7165
 8607  7459
 8616  7465
 8617  7540
 8627  7250
 8629  7454
 8630  7507
 8634  7263
 8638  7512
 8643  7282
 8647  7507
 8655  7197
 8658  7252
 8662  7576
 8663  7503
 8675  7479
 8678  7336
 8688  7355
 8693  7364
 8699  7624
 8703  7430
 8705  7379
 8712  7994
 8718  7371
 8720  6636
 8723  7670
 8728  7376
 8732  7384
 8737  7393
 8740  7367
 8741  7398
 8742  7388
 8745  7417
 8747  7400
 8750  7408
 8755  7878
 8756  7419
 8758  7432
 8760  7392
 8761  7440
 8762  7435
 8763  7418
 8766  7403
 8769  7369
 8774  7427
 8778  7379
 8783  7456
 8786  7448
 8792  8065
 8794  7462
 8796  7422
 8797  7455
 8805  7511
 8807  7521
 8811  7478
 8813  7513
 8816  7497
 8820  7516
 8829  7539
 8830  7504
 8833  7491
 8834  7505
 8838  7499
 8843  7517
 8847  7745
 8851  7530
 8859  7477
 8860  7951
 8864  7393
 8868  7545
 8869  7506
 8869  7509
 8870  7493
 8877  7510
 8878  7668
 8880  7566
 8887  7534
 8888  7526
 8891  7459
 8894  7537
 8895  7601
 8897  7529
 8898  7511
 8902  7572
 8906  7598
 8912  7551
 8918  7567
 8921  7552
 8926  7637
 8928  7605
 8929  7609
 8930  7556
 8939  7647
 8940  7617
 8941  7569
 8946 27376
 8949  7642
 8953  7628
 8963  7862
 8967  7635
 8968  7671
 8969  7678
 8970  7596
 8972  7671
 8973  7675
 8975  7675
 8979  7623
 8980  7656
 8982  7649
 8989  7612
 9000  7664
 9002  7707
 9005  7920
 9008  7681
 9013  7696
 9014  7709
 9016  7650
 9018  7687
 9020 19982
 9021  7725
 9024  7888
 9025  7692
 9032  7699
 9033  7694
 9035  7686
 9038  7948
 9039  7840
 9041  7711
 9042  7731
 9050  7723
 9066  7818
 9067  7722
 9074  8003
 9075  8001
 9076  7943
 9077  7940
 9082  7760
 9090  4455
 9093  7992
 9100  7749
 9102  8000
 9103  7979
 9104  7832
 9107  7762
 9108  7794
 9113  7922
 9114  7954
 9119  7780
 9124  7793
 9131  7797
 9138  7810
 9139  7809
 9142  7872
 9143  7803
 9148  7825
 9149  8071
 9150  7985
 9151  7807
 9157  7803
 9158  7819
 9163  7831
 9169  7841
 9172  7848
 9173  7847
 9178  7871
 9180  7856
 9181  7866
 9182  8136
 9183  7878
 9186  7882
 9187  7884
 9195  7865
 9196  7891
 9198  7957
 9202  7900
 9203  7850
 9205  7996
 9206  7908
 9211  7887
 9214  7916
 9217  7915
 9220  7914
 9222  7926
 9223  7877
 9224  7927
 9225  7879
 9230  7890
 9231  8013
 9232  7892
 9234  8092
 9235  7942
 9237  7931
 9239  7906
 9241  8024
 9242  7944
 9246 10950
 9247  7947
 9250   487
 9254  7961
 9260  7972
 9263  8060
 9266  7970
 9268  8070
 9269  7983
 9270  7938
 9273  8004
 9276 10786
 9278  7991
 9279  7982
 9280  8204
 9281  8215
 9282 10786
 9285  7963
 9286  8009
 9287  7950
 9288  9383
 9299  7969
 9302  8022
 9303  8011
 9305  8016
 9308  8026
 9310  8030
 9312  7998
 9316 20929
 9317  8037
 9326  8010
 9328  8047
 9329  8027
 9330  8014
 9331  8013
 9333  8041
 9335  8023
 9340  8048
 9343  8046
 9346  8058
 9348  8056
 9349  8066
 9354  8082
 9355  8084
 9361  8280
 9363  8078
 9366  8057
 9367  8057
 9373  8086
 9374  8083
 9376  8257
 9383  8098
 9384  8087
 9388  8097
 9394  8099
 9398  8102
 9399  8063
 9403  8090
 9405  8094
 9407  7987
 9408  8095
 9409  8218
 9410  8112
 9413  7998
 9417  8120
 9422  8013
 9428  8119
 9431  8121
 9436  8117
 9438  8117
 9439 18850
 9441  8140
 9442  8151
 9443  8220
 9444  8126
 9451  8141
 9453  8150
 9460  8159
 9463  8160
 9465  8146
 9468 12713
 9469  8152
 9475  8147
 9476  8158
 9479  8173
 9481  8167
 9483  8176
 9484  8165
 9488  8175
 9489  8189
 9498  8168
 9506  8200
 9509  8377
 9513  8191
 9515  8351
 9517  8350
 9520  8287
 9521  8357
 9524  8201
 9527  8219
 9530  8386
 9532  7928
 9535  8322
 9537  8274
 9544  8345
 9546  8307
 9549  8321
 9552  8232
 9555  8224
 9561  8246
 9563  8319
 9571  8245
 9573  8308
 9585 10987
 9586  8312
 9589  8477
 9591  8273
 9595  8397
 9596  2468
 9598  8400
 9600  8485
 9605 26545
 9606  8309
 9608  8389
 9610  8381
 9611  8405
 9615  8388
 9619  8344
 9627  8341
 9628  8353
 9629  8341
 9632 17930
 9638  8327
 9643  8454
 9646  8519
 9647  8465
 9648  8328
 9650  8421
 9651  8448
 9653  8537
 9654  8455
 9655  8337
 9658  8417
 9659  8542
 9660  8395
 9661  8547
 9663  8543
 9664  8396
 9667 10094
 9668  8476
 9670  8382
 9672  8518
 9673  8507
 9674  8431
 9676  8451
 9677  8521
 9684  8363
 9685  8456
 9687  8387
 9690  8545
 9691  8446
 9696  8528
 9697  8490
 9702  8558
 9703  8404
 9706  9315
 9708  8516
 9710  8464
 9711  8548
 9713  8492
 9716  8447
 9718  8402
 9719  8501
 9723  8438
 9730  8412
 9731  8522
 9732  8488
 9735  8571
 9738  8501
 9739  8464
 9740  8512
 9741  8557
 9742  8500
 9744  8492
 9747  8570
 9753  8469
 9755  8415
 9756  8529
 9757  8508
 9760  8508
 9762  8512
 9766  8641
 9771  8540
 9775  8493
 9776  8486
 9777  8554
 9779  8483
 9781  8551
 9783  8385
 9790  8462
 9794  8164
 9804  8589
 9806  8472
 9811  8592
 9815  8598
 9818  8599
 9819  8605
 9825  8596
 9828  8594
 9829  8625
 9843  8640
 9853  8635
 9854  8569
 9862  8574
 9864  8670
 9865  8577
 9880  8565
 9882  8581
 9883  8565
 9886  8604
 9887  8697
 9900  8420
 9901  8601
 9903  8597
 9925  8707
 9930  8627
 9932  8708
 9936 24391
 9939  8633
 9940  8724
 9942  8725
 9944  8725
 9945  8731
 9961  8675
 9964  8648
 9966  8664
 9973  8666
 9979  8777
 9982  8774
 9989  8769
 9994  8784
 9997  8781
 9998  8789
10000  8802
10004  8809
10005  8782
10007  8682
10008  8791
10011  8686
10012  8803
10017  8816
10018  8689
10020  8806
10021  8691
10025  8044
10032  8825
10033  8701
10035  8711
10038  8705
10045  8745
10048  8841
10049  8847
10052  8745
10053  8736
10054  8832
10055  8849
10059  8838
10060  8800
10064  8646
10065  8662
10066  8844
10067  8748
10068  8863
10072  8750
10074  8759
10078  8859
10081  8883
10084  8856
10085  8870
10087  8778
10089  8880
10090  8865
10091  8889
10094  8778
10095  8752
10097  8776
10099  8862
10100  8893
10101  8763
10109  8786
10117  8795
10128  8911
10136  8811
10142  8916
10144  8922
10145  8918
10146  8823
10153  8829
10154  8822
10158  8929
10166  8206
10168  8967
10169  8973
10170  8974
10172  8950
10176  8953
10185  8983
10189  8852
10202  8976
10205  9001
10206  8995
10209  8981
10210  8990
10212  9006
10220  8904
10221  8992
10222  8989
10225  9018
10226  9019
10229  9029
10234  9015
10238  9024
10239  8909
10245  9026
10248  9040
10250  8919
10256  8962
10261  8903
10262  8925
10265  9058
10268  8947
10269  9042
10272  9075
10273  8931
10274  8946
10279  8955
10283  8951
10285  8942
10286  8952
10288  9079
10297  9070
10299  8966
10303  9087
10306  9103
10308  8961
10315  9114
10319  8997
10325  9119
10334  9127
10344  9124
10349  9141
10350  9151
10353  9008
10355  9136
10359  9039
10362  9037
10369  9153
10371  9186
10372  9159
10377  9034
10381  9059
10384  9049
10388  9062
10392  9007
10392  9113
10397  9205
10398  9216
10405  9074
10406  9196
10408  9082
10413  9211
10418  9128
10422  9250
10424  9256
10426  8944
10428  9267
10429  9111
10430  9115
10432  9245
10437  9118
10441  9055
10445  9117
10447  9295
10448  9126
10451  9272
10452  6924
10453  9165
10455  9289
10456  3698
10459  4584
10460  9133
10465  9164
10470  9164
10472  9310
10475  9185
10476  9143
10477  9204
10484  9316
10489  9329
10491  9152
10494  9323
10496  9238
10498  9201
10499  9113
10501  9319
10503  9179
10504  9177
10505  9219
10507  9213
10509  9163
10510  9180
10514  9311
10515  9213
10525  9304
10526 10856
10527  9189
10529  9364
10531  9247
10533  9354
10538  9203
10545  9315
10549  9217
10552  9370
10557  9369
10558  9355
10564  9148
10566  9292
10568  9237
10569  9377
10570  9320
10571  9282
10574  9381
10575  9292
10579  9283
10581  9303
10583  9146
10584  9178
10585  9383
10588  9181
10591  9170
10607  9390
10611  9361
10612  9400
10614  9273
10615  9404
10616  9221
10618  9301
10621  9279
10644  9373
10646  9379
10647  9435
10651  9418
10657  9286
10661  9291
10663  9387
10682  9432
10684  9406
10695  9486
10700  9479
10704  9399
10715  9498
10716  9496
10719  9376
10722  9422
10731 10246
10733  9515
10735  9511
10743  9421
10747  9452
10752  8540
10756  9427
10759  9437
10761  9533
10765  9436
10766  9520
10767  9426
10775  9546
10794  9504
10799  9531
10802  9458
10803  9472
10805  9464
10806  9554
10807  9576
10810  9557
10813  9559
10816  9466
10818  9508
10820  9567
10822  9577
10823  9577
10828  9571
10836  9476
10840  9481
10847  9590
10850  9591
10856  9492
10874  9499
10875  9594
10879  9573
10891  9509
10894  9510
10895  9631
10898  9572
10899  9642
10905  9626
10908  9648
10912  9607
10922  9528
10923  9643
10925  9582
10929  9644
10940  9656
10950  9608
10951  9649
10953  9663
10956  9665
10957  9564
10967  9685
10968  9669
10971  9657
10981  9691
10990  9683
10992  9635
11001  9708
11016  9687
11017  9714
11030  9741
11032  9751
11034   778
11036  9748
11037  9673
11041 26625
11048  9759
11049  9730
11050  9765
11061  9782
11065  9755
11068  9777
11071  9713
11073  9710
11079  9788
11085  9764
11088  9736
11095  9729
11096  9813
11097  9758
11098  9802
11100  9743
11101  9731
11103  9737
11106  9746
11112  7579
11120  9820
11122  9790
11131 14313
11134  9762
11138  9848
11140  9794
11142  9826
11145  9852
11148  9779
11149  9824
11150  9892
11152  9822
11157  9145
11160  9851
11168  9865
11172  9840
11176  9807
11179  9893
11182  9893
11184  9896
11187  9817
11189  9866
11193  9846
11196  9898
11197  9901
11200  9907
11203  9900
11206  9915
11210  9819
11213  9920
11224  9875
11225  9832
11228 16055
11237  9882
11242  9972
11245  9953
11250  9973
11252  9855
11254  9983
11259  9899
11261  9868
11264  9989
11266  9844
11268   215
11269  9864
11270  9990
11272  9971
11273  5409
11276  9936
11285  9938
11290 10015
11291 21159
11300 10039
11306 10046
11308 10042
11311 10050
11320 10078
11324 10068
11325 10082
11329  9947
11332 10073
11335 10083
11338 10059
11339 10009
11340  9944
11341 10095
11342  9997
11344 10105
11349  9981
11350  9923
11359  8890
11362 10104
11363 10107
11365 10127
11367 10129
11369  9943
11371 10029
11376  9943
11378  9912
11379  9933
11380  9818
11381  9910
11382 10143
11386  9978
11389 10166
11392  9969
11393 10160
11395 10047
11399 10148
11400 10150
11403 10103
11411 10086
11412 10188
11417 10151
11418 10016
11419 10180
11420 10013
11421 10162
11426 10181
11427 10057
11430  9962
11434 10040
11437 10175
11438  9982
11442 10061
11444  9914
11445  9941
11446  9991
11447  9991
11448  9992
11450  7249
11451  4683
11452 10190
11455 10189
11457 10022
11458 10178
11459  9871
11462 10196
11463 10154
11465 10152
11468  9873
11469  9932
11471 10122
11472 10080
11473  9926
11476  9977
11477  9876
11479  9965
11480 10052
11481 13325
11482 10227
11485 10230
11486 10219
11487 10020
11490 10203
11492 10221
11497 10204
11500  9876
11508 10224
11512 10226
11515 10214
11516 10239
11519 10099
11524 10123
11525 10192
11527 10229
11529 10144
11531 10146
11533 10215
11537 10186
11544 10165
11545 10109
11547 10257
11550 10264
11551 10090
11553 10259
11555 10262
11556 10202
11557 10253
11558 10201
11560 10249
11561 10208
11569 10256
11572 10252
11574 10115
11575 10065
11578  9949
11581  9911
11582 10089
11583  9939
11589 10001
11591 10267
11592 10137
11594 10277
11598 10282
11599 10058
11600 10169
11601  9963
11602 10297
11610 10141
11611 10114
11614 10200
11617 10244
11622 10222
11623 10111
11626 10315
11627 10288
11629 10197
11630 10063
11632 10294
11635 10234
11639 10027
11642 10225
11644 10319
11648 10231
11649 10312
11650 10316
11657 10117
11667 10323
11668 10117
11672 10325
11675 10295
11676 10342
11681 10322
11683 10329
11694 10330
11695 10351
11696 10357
11701 10335
11702 10362
11705 10360
11707 10365
11710 10370
11711 10372
11712 10368
11713 10377
11717 10376
11726 10371
11728 10349
11734 10391
11738 10401
11740 10403
11745 10406
11746 10408
11747 10383
11754 10411
11762 10427
11764 10425
11765 10430
11769 10438
11772 10429
11776 10446
11778 23788
11783 10437
11789 10443
11794 10463
11802 10413
11805 10419
11806 10419
11808 10482
11815 10479
11819  7789
11825 10491
11826 10494
11830 10496
11831 10439
11832 10510
11841 10467
11846 10512
11852 10531
11855 10538
11856 10530
11867 10540
11870 10493
11872 10540
11878 10564
11879 10567
11884 10577
11886 10579
11894 10501
11905 10597
11908 10573
11922 10624
11926  2660
11929 10638
11934 10630
11937 10563
11939 10603
11944 10582
11945 10659
11946 10663
11954 10664
11962 10671
11969 10672
11973 10686
11977 10666
11981 10690
11984 10660
11986 10696
11988 10694
11989 10677
11991 10712
11993 10665
11999 10724
12000 10699
12001 10718
12004 10699
12008 10704
12011 10731
12012 10725
12031   830
12040 10748
12043 10676
12047 10740
12048 10714
12050 10763
12052 10762
12055 10768
12056 10755
12059 10735
12060 10708
12063 10771
12064 10796
12066 10682
12068 10776
12078 10793
12086 10817
12087 10716
12088 10766
12090 10812
12091 10824
12093 10804
12103 10779
12108 10798
12118 10880
12121 10848
12129 10865
12139 10902
12143 10890
12145 10915
12146 10910
12148 10967
12150 10972
12152 10813
12155 10825
12157 10962
12159 10897
12160 10950
12161 10895
12165 10899
12166 10924
12170 10984
12172 10988
12176 10730
12179 11008
12180 10938
12184 11094
12188 11019
12190 11018
12191 11042
12192 10911
12194 11018
12197 10870
12198 11043
12199 10948
12202 10918
12205 11131
12208 10986
12211 11162
12212 11100
12214 11082
12215 11106
12220 10841
12221 10906
12222 11168
12238 10841
12241 11007
12246 10931
12248 11170
12251  3018
12252  4488
12256 11247
12261 11196
12267 11101
12271 11289
12284 11138
12287 11138
12310 11313
12312 11210
12336 11292
12375 11325
12380 11375
12382 11352
12383 11250
12389 11256
12396 11369
12412 11434
12440 11455
12450 11194
12460 11315
12465 11500
12479 11462
12480 11320
12489 11495
12501 11481
12515 11507
12532 11407
12538 11296
12552 11433
12556 11628
12561 11628
12575 11318
12583 11502
12614 11600
12625 11361
12636 11506
12686 11701
12720 11713
12739 11669
12747 11669
12747 11683
12754 11674
12756 11470
12764 11641
12767 11794
12779 11498
12783 11796
12784 11498
12785 11867
12791 11915
12809 11745
12815 11821
12845 11842
12864  9513
12865 12003
12870 14388
12897 11378
12937 11981
12971 11678
12990 14547
13035 12079
13046 11772
13071 11779
13075 12145
13109 19268
13131 12288
13159  9230
13188 14689
13212 21010
13256 12358
13262 15538
13264 15524
13268 15503
13303 14782
13312 12483
13354 19334
13361 15666
13368 13629
13369 15660
13390  5547
13399  3106
13451 15857
13461 15751
13463 12676
13467 15890
13489 12711
13502 23971
13517 15771
13524 15905
13538 19093
13581 12805
13589 12804
13623 16029
13654 12307
13692 16149
13696 16135
13714 16173
13719 16149
13721 12918
13731 12837
13736 12937
13750 12962
13792 21726
13819 12949
13822 27410
13901 12999
13916 13079
13921 13234
13951 16445
13998 16469
14015 16537
14036 16507
14128 16850
14202 13540
14243 16741
14298 19262
14311 19281
14319 19276
14350 19281
14403 19432
14414 16879
14419 15734
14425 15734
14430 16225
14465  3169
14513 19570
14516 19605
14552  5581
14576 27151
14675  5184
14682 17192
14766 19924
14767 11174
14786 16479
14839 19915
14847 19950
14857 19950
14867 20063
14894 17441
14912 16621
14914 17556
14945 23373
14962 20212
15004 17543
15126 18053
15265 17835
15267  7912
15296 26231
15351 17979
15354 17979
15426 18046
15428 18085
15432 18090
15434 18090
15470 18140
15472 18090
15472 18207
15473 18053
15490 18090
15490 18207
15515 12003
15544 18202
15562 18230
15575 18265
15602 18277
15620 17440
15653 18268
15663 18370
15680 18268
15718 18378
15769 17687
15773 18385
15859 18461
15880 18521
15889 18471
15899 18575
15917 18545
15933 18605
15943 14341
16010 15573
16015 15560
16115 16445
16137 15473
16148 18805
16166 18813
16183 18108
16187 18784
16198 15782
16207 18108
16219 15819
16243 14470
16261 18918
16285 20840
16289 23813
16291 19006
16327 15942
16397 18285
16430 19132
16446 12539
16508 19281
16509 19262
16604 19432
16618 19300
16624 19413
16645 19432
16660  1687
16763 19421
16786 19457
16789 19570
16829 14335
16833 19605
16856   715
16885 19580
16896 19617
16906 19503
16922  6223
16978 11840
17011 19706
17023 13684
17091 19829
17096 19729
17157  7676
17164 19849
17170 19931
17181 19987
17183 19950
17194 19915
17224 19864
17243 20063
17246 11722
17247 20063
17252 19923
17256 20051
17279 19882
17303 19993
17316 20039
17320 20001
17332 19934
17397 23997
17433 20028
17469 11592
17475 20064
17489 20064
17491 20108
17516 20140
17555 20062
17580 21201
17583 20122
17602 20333
17644 20224
17687 27449
17742 20588
17759 13061
17761 20393
17768 20615
17863  7472
17878 16334
17887 19391
17922 19779
18074 24532
18110  4463
18116 18370
18118 18565
18309 10790
18357  3676
18363  5547
18490 22357
18568  9999
18586 18219
18615 25463
18616 18235
18687 18321
18703 18324
18812 22715
18873  3254
18931 19919
18982 18488
19025  9872
19096  7819
19116 18634
19257 18529
19366 19049
19438 26304
19456 19112
19548 25650
19629 19552
19677  7118
19688 20143
19699  1600
19704 20190
19713 22990
19761 20284
19766 15629
19776 20316
19780 20228
19781 20226
19844 20361
19939 20464
19954 20466
19985 20610
20009 20610
20157 21585
20309  1474
20356 18235
20423 12507
20501 11775
20738 23160
20742 19179
20958  3729
21206 18858
21206 27160
21244  5086
21701 25945
21704 24041
21762  3868
21799 22800
21801 27338
21875 22759
21893  7262
22026 26727
22079  7472
22097  2891
22143  2390
22188  9493
22217 24636
22234 23175
22241 16434
22289 20615
22308 24721
22324 20621
22343 13763
22486 24916
22495 24935
22537 14481
22588 22926
22626 23247
22666 21837
22699 25129
22746 25174
22757  6202
22769 25237
22862 21295
22872 17851
22938 26545
23016  7775
23038  6881
23047 25431
23108 26553
23112 23623
23158  5015
23163 26601
23214 26478
23214 26672
23226 26667
23308 23840
23338 20901
23347 17321
23357 25751
23410 16180
23443 25849
23444 25889
23472 26898
23477 25887
23493 25844
23501 11145
23519 25864
23559  1645
23571 26363
23619 25958
23622 27040
23639 25978
23658   418
23673 24119
23692 26058
23740 26115
23751 27146
23757 26119
23760 13961
23761  9300
23778 23309
23780 26132
23783 24288
23801  9308
23804 24508
23861 26222
23885  7327
23905 19102
23906 26281
23909 26304
23942 10080
24084 23757
24086 24287
24096 26455
24104 20529
24109 26545
24128 26547
24161 23898
24163 26518
24184 24376
24186 26535
24195 26580
24255 18499
24261 24457
24274 26013
24285 19781
24313 26664
24321  4471
24324 26692
24451 26769
24484  7118
24485 22950
24496 26826
24569 20856
24582 26895
24599 27178
24613  1679
24616 27034
24635 24371
24755 19002
24770 23973
24784  3526
24800 27156
24812 24552
24964 21585
24985 27315
25021  9221
25205 27047
25241 19832
25271 25088
25300  2064
25380 15761
25382 17117
25416  4383
25526 25347
25569 15723
25591  4766
25718 12507
25727 16895
25737 23247
25781  6748
25811  5547
25877  4323
25892  3946
26006 11592
26512   360
26597 19739
26713 25605
26828  1600
26852 25559
26886  7941
26923 24119
26924 24119
26999 11336
27043  3092
27092 27376
27172 23827
27303  7141
27324 26111
27357 12203
27360   872
27361 27021
27407 17222
27631 27405
27633  4748
27642 27353
27674 27376
27716 27434
27721 27364
27736 27372
