   12  3230
   17    25
   19    25
   21 13900
   24  3521
   26 17403
   41 15997
  105  3568
  114  3580
  134  3585
  140  3593
  141  3591
  159  3902
  160 12853
  170 17278
  174  3636
  194  8457
  205 17415
  211  3685
  215  3669
  219  3670
  221  3662
  229  3675
  232  3662
  239  3679
  242  3683
  250  3685
  263  4248
  281  3726
  288  3708
  301  2052
  310  3727
  321  3731
  324  3460
  335  3483
  348  3724
  357 17278
  359  4248
  366  4348
  376  3764
  377  3685
  381  3777
  412  2702
  413  3769
  422  3816
  436  3810
  441  4248
  448  3824
  451  3818
  457  3431
  463  3864
  465  3863
  467 17397
  470  3849
  472  3859
  474  3859
  478  3848
  497  3872
  503  3886
  504  3892
  511  3897
  541  3685
  568  3962
  586  3932
  591  3974
  594  3463
  595  3812
  605  3933
  643  4034
  646  4014
  650  3685
  654  4027
  655  4020
  687  3685
  689  4044
  690  4051
  693  4029
  710  3978
  714  4058
  722  7545
  728  4055
  739  4246
  752  4012
  754  5290
  777  4045
  778  4248
  808 17278
  822 17277
  823  3813
  867  4248
  868  3643
  871 17278
  913  6566
  919  4199
  946  3730
  952  3952
  961  4248
  966  3722
  992  3699
  997  3705
  998  8296
 1013 16035
 1021  4193
 1037  3718
 1042  4460
 1087  3596
 1101  8495
 1147  7404
 1168  3724
 1172  4232
 1176  4246
 1193  4314
 1196  3738
 1202  3619
 1231  3751
 1231  4090
 1240  4310
 1249  3936
 1260 16335
 1265 16211
 1280  4103
 1287  3641
 1292 16211
 1293  2052
 1294  2052
 1306  4160
 1309  8938
 1334  8941
 1348  3661
 1354  3710
 1366 11942
 1406  4308
 1423  2052
 1446 16060
 1514 11888
 1524 16238
 1534 11888
 1541  9741
 1544  7241
 1555 11943
 1562 16887
 1573  3927
 1592  3912
 1636  4097
 1662  4149
 1672  4279
 1676  4168
 1680  4184
 1690  4237
 1692  4369
 1694  4367
 1701  4261
 1704  4261
 1708   961
 1712  4392
 1725  4324
 1730  4339
 1735  4441
 1736  6618
 1737  4320
 1742  4354
 1744  4469
 1747  4462
 1749  4472
 1752  4396
 1756  4433
 1762  4402
 1770 16601
 1772  4531
 1775  4520
 1776  4536
 1779  4536
 1783  4533
 1792  4549
 1793  4549
 1794  4541
 1817  6695
 1821  4509
 1826  4597
 1827  4530
 1835  6687
 1849 10884
 1856  4652
 1858  4650
 1875  4665
 1879  4608
 1880  4674
 1884  4668
 1889  4677
 1899  4656
 1902  4690
 1906  4703
 1907  4713
 1908  4705
 1913  4708
 1914  4670
 1917  4672
 1918  4669
 1924  4694
 1932  4725
 1940  4696
 1941  4720
 1949  4738
 1950  4711
 1957  4914
 1963  6831
 1968  4771
 1971  4761
 1979  4800
 1980  4811
 1983  4769
 1984  4883
 1986  4818
 1987  4744
 1990  4830
 1992  4769
 1993  4761
 1994  7329
 2003  4801
 2004  4766
 2011  4816
 2019  4737
 2020  4848
 2025  4774
 2032  4863
 2033  4828
 2040  4803
 2044  4870
 2045  2956
 2053  4842
 2068  4828
 2069 11920
 2074  4807
 2097  4916
 2097  6731
 2101  4914
 2103 10225
 2104  4923
 2117  8495
 2122  4931
 2125  4869
 2139  4950
 2139  6879
 2144  4843
 2149  6979
 2153  4968
 2153  4969
 2159  4867
 2172  4919
 2173  2451
 2180  4992
 2191  4887
 2230  5017
 2235  5015
 2237  4909
 2243  4906
 2255  4911
 2270  5043
 2278  4932
 2284  4937
 2285  4940
 2291  5068
 2306  5080
 2315  5094
 2344  5087
 2349  4987
 2362  5072
 2376  4854
 2380  7013
 2381  5133
 2386   977
 2419  4860
 2429  5128
 2467  5145
 2488  4905
 2494  4739
 2509  5199
 2516  5213
 2517  6446
 2520  5220
 2523  6881
 2526  5112
 2527  5224
 2533  5229
 2554  5237
 2565  4963
 2583  4971
 2596  5271
 2606  5271
 2609  5288
 2628  5023
 2661  5121
 2665  5149
 2668  5355
 2672  5284
 2673  5284
 2683  5364
 2685  5355
 2697  5364
 2699  5036
 2705 14587
 2720  5143
 2724  5386
 2736 11330
 2737  5082
 2745  3359
 2747  5388
 2764 13725
 2770  5343
 2781  5349
 2783  5349
 2794   435
 2799  5371
 2833  5100
 2846  4669
 2910  8255
 2927  5169
 2942  5314
 2955  5313
 2973  5469
 2992  5266
 2996  5473
 2997  5203
 2999  3200
 3003  5219
 3010  5473
 3011  5473
 3013  5474
 3023 12621
 3030  5154
 3035  5223
 3042 15966
 3046  5242
 3068  5439
 3073  5454
 3111  5510
 3123  5348
 3182  5340
 3198  5287
 3220  5301
 3236  5311
 3237  5496
 3239  5395
 3242 12027
 3282  5453
 3283  5559
 3298  5463
 3310  5483
 3314  5359
 3316  5362
 3325  5354
 3342  5566
 3372 17315
 3389  5630
 3396  5523
 3400  5425
 3403  5525
 3426  5632
 3442  5672
 3446 15391
 3447 12963
 3515  5599
 3554  2565
 3568  5609
 3571  5626
 3622 15954
 3650  4886
 3655  5579
 3661  5610
 3671  5684
 3701 11942
 3711  5695
 3720  5716
 3724 12681
 3742  5623
 3784  5667
 3794  5686
 3825  5705
 3846  5781
 3881  5873
 3886  5819
 3892  5822
 3919  5786
 3928  5803
 3933  5850
 3934  5858
 3941  5859
 3944  5816
 3945  6865
 3947  5907
 3956  5826
 3964  5828
 3970  5931
 3977  5846
 3986  5935
 3990  5938
 3997  5995
 4004  5922
 4005  5955
 4009  5957
 4015  5912
 4016 12022
 4017  5958
 4022  5982
 4025  5965
 4027  5965
 4028  5977
 4029  5966
 4031  5966
 4034  5971
 4037  5971
 4038  5945
 4040  5981
 4047  5935
 4047  5992
 4051  5993
 4054  5994
 4070  5919
 4071  5975
 4074  5983
 4089  6030
 4093  6038
 4108  6036
 4112  5921
 4113  6049
 4118  6021
 4121  6027
 4123  6031
 4130  6050
 4136  6070
 4139  6074
 4142  6051
 4148  6063
 4151  2600
 4160  6128
 4163  6078
 4164  6006
 4169  6081
 4170  6087
 4172  6086
 4177  6019
 4193  6116
 4199  6197
 4216  6146
 4220  6040
 4231  6114
 4232  6106
 4241  6171
 4247  6085
 4253  6208
 4254  6093
 4264  6200
 4265  6195
 4278  5870
 4311  6280
 4316  6245
 4318 15941
 4322  6184
 4348  6299
 4370  6257
 4376  6260
 4381  6318
 4393  6212
 4413  6261
 4430  6289
 4431  1367
 4432  6224
 4439  6349
 4452  6235
 4458   362
 4468  6373
 4477  6380
 4478  6391
 4484 10923
 4499  6399
 4501  6306
 4503  6308
 4505  6192
 4514  6422
 4520  6431
 4530  6324
 4535  6272
 4538  6276
 4541  6326
 4544  6326
 4545  6325
 4561  6342
 4564  6343
 4565  6471
 4588  6493
 4603  6300
 4609  6298
 4635  6307
 4642  6319
 4648  1849
 4657  6334
 4668  6328
 4672  6416
 4673  6333
 4694  6344
 4709  6355
 4710  6360
 4745  6375
 4746  6379
 4757  6396
 4764  6696
 4779  6413
 4795  1565
 4824  6441
 4829  6443
 4844  6546
 4849  6632
 4854  6717
 4874  6462
 4880  5086
 4901  6475
 4907  6479
 4911  6474
 4913  6591
 4915  8546
 4917  6588
 4932  6631
 4937  6492
 4953  5744
 4961  6618
 4973  6626
 4976  6518
 4980  6527
 5002  6645
 5003  6721
 5012  6727
 5018  6536
 5037  6662
 5053  6713
 5057  6667
 5077  6680
 5080  6688
 5081  6797
 5086  6686
 5094  6718
 5098  6714
 5104  6723
 5105  6818
 5109  5737
 5111  6725
 5114  6615
 5123  6816
 5131  6734
 5132  6828
 5146  6846
 5151  6747
 5152  6834
 5160  6746
 5161  6745
 5166  6836
 5171  6836
 5178  6860
 5179  6766
 5184  6764
 5187 11115
 5201  6774
 5211  6791
 5213  6767
 5219  6794
 5224  6778
 5238  6736
 5250  6729
 5253  6706
 5258  6808
 5260  6908
 5262  6901
 5263  6913
 5269  6864
 5270  6732
 5271  4902
 5276  6896
 5277  6863
 5279  6896
 5280  6928
 5284  6935
 5293  6831
 5299  6864
 5304  6864
 5306  6853
 5312  6951
 5313  6863
 5319  6954
 5322  6851
 5324  6924
 5327  6852
 5334  6915
 5336  2371
 5337  6856
 5339  6967
 5342  6881
 5344  6968
 5346   538
 5359  6887
 5360 10231
 5363  6991
 5366  6918
 5367  6995
 5371  6999
 5374  6917
 5382  6907
 5384  6933
 5388  6905
 5393  7013
 5397  6945
 5409  4084
 5425  7007
 5449  7033
 5457  7067
 5473  5405
 5502  7065
 5512  7073
 5521  7084
 5536  7103
 5544  7101
 5554  7104
 5560  7115
 5569 11138
 5581  7089
 5582  7127
 5584  7093
 5587  7095
 5589  4450
 5591  2923
 5592  7094
 5605  7110
 5607  7109
 5644  7135
 5646  7189
 5658  7205
 5662  7214
 5670  7154
 5685  7202
 5686  7211
 5687  7160
 5688  7203
 5713  7252
 5714  7176
 5717  7254
 5726  7254
 5730  7265
 5734  7265
 5749  7287
 5757  7190
 5767  7295
 5772  7198
 5779  7313
 5781  9647
 5801  7270
 5802  7215
 5807  7231
 5808  7326
 5809  7236
 5818  7237
 5827 11532
 5832  8864
 5848  7249
 5856  7345
 5862  7258
 5870  7263
 5873  7284
 5876  1488
 5879  7359
 5886  7364
 5895   501
 5900  7373
 5901  7374
 5914  7306
 5919  7403
 5941  7340
 5951  7413
 5954  7411
 5955  7378
 5968  7437
 5972  7448
 5974  7426
 5981 10047
 5984  7463
 5996  7389
 6007  7181
 6011  7475
 6025  7483
 6032  7518
 6039  7398
 6046  7393
 6047  7385
 6049  7461
 6062 17198
 6066  7502
 6069 11341
 6083 10049
 6103  7548
 6127  7537
 6129  7533
 6157 13457
 6158  7556
 6159  7542
 6165  7553
 6166 11771
 6171  4987
 6172  7525
 6179  7560
 6195  7568
 6204  7565
 6217  7091
 6218  7595
 6227  7580
 6238  7610
 6251  7644
 6260  7648
 6262  7645
 6272  7663
 6275  7655
 6292  7648
 6303  7721
 6305  7805
 6309  7700
 6312  7723
 6316  7667
 6318  7716
 6321  7714
 6330  7660
 6331  7723
 6342  7723
 6343  7739
 6344  7749
 6345  7639
 6346  7674
 6350  7722
 6354  7723
 6357  7755
 6365  7767
 6369  7723
 6375  7763
 6376  7148
 6383  7865
 6386  7781
 6390  7787
 6391  7723
 6392  7766
 6401  7805
 6405  6882
 6406  7723
 6408  7745
 6417  7723
 6423  7767
 6425  5221
 6431  7826
 6432  7827
 6440  7723
 6441  7840
 6446  7723
 6448  7745
 6453  7841
 6455  7844
 6457  7841
 6459  7855
 6460  7865
 6464  7847
 6481  7873
 6486  7929
 6492  7907
 6493  7881
 6498  7888
 6499  7889
 6500  7882
 6505  7901
 6524  7924
 6526  7923
 6551 10138
 6565  7954
 6571  7964
 6572  7974
 6578  7994
 6584  8053
 6589  8054
 6592  8066
 6594  8072
 6601  8000
 6612  7775
 6616  7986
 6620  8103
 6624  8037
 6629  8394
 6637  8132
 6643  8123
 6648  8127
 6649  8123
 6683  7995
 6684 11091
 6691  8096
 6695  7925
 6723  7930
 6731 17020
 6744  8096
 6753  8185
 6770  8191
 6799 13263
 6803  2777
 6822  8269
 6824  8015
 6832  8076
 6835  8809
 6837  8230
 6844  8238
 6859  8110
 6861  8043
 6865  8104
 6869  8047
 6889  8296
 6895  6268
 6918  8267
 6924  8134
 6928  8084
 6937  8135
 6942  8298
 6945  8110
 6947  1304
 6976  8334
 6978  8331
 6979  8157
 6984  8340
 7010  8248
 7016 10454
 7028  8187
 7029  8360
 7045  8124
 7052  8390
 7059  8368
 7064  8388
 7067  5769
 7068  8334
 7080  8164
 7082  8395
 7094  8446
 7095  5293
 7099  8243
 7106  8461
 7112  8473
 7122  8180
 7124  8482
 7131  8246
 7153  3018
 7176  2332
 7212  8289
 7249  8547
 7250  3274
 7270  8305
 7275  8552
 7290  8417
 7301  8571
 7302  8578
 7308  8350
 7310  8594
 7312  8603
 7338  8313
 7357 13558
 7360  8453
 7362  8609
 7367  8397
 7371  8456
 7401  8793
 7404  8336
 7411  6805
 7416  8333
 7430  8585
 7438  8437
 7441  4450
 7456  8608
 7464  8525
 7480  8713
 7483  8708
 7499  8352
 7506  8731
 7509  8365
 7512  8377
 7522  8501
 7530  8727
 7541  8490
 7549  8407
 7553  8715
 7556  8796
 7560  8443
 7577  8454
 7599  8805
 7603  8466
 7634  8809
 7636  8769
 7640  8549
 7650  8558
 7659  8564
 7679  8567
 7696  5293
 7698   743
 7701  8759
 7715  3462
 7716  8550
 7721 11409
 7728  9022
 7730  8511
 7746  8804
 7767  8896
 7768  8943
 7772  8879
 7773  8677
 7779  8964
 7780  8859
 7783  8766
 7797  8929
 7800  8900
 7801  8577
 7824  8704
 7828  8959
 7832  8751
 7836  8963
 7837  8751
 7838  8649
 7849  8969
 7850  8651
 7855  8912
 7884  8495
 7885  8720
 7886  8992
 7893   888
 7923  9016
 7938  8640
 7940  8923
 7955  9012
 7956 14662
 7964  8661
 7969  9021
 7977  8680
 7990  9035
 7999  8394
 8001 15861
 8010  9064
 8019  9007
 8030  8772
 8042 14782
 8059  8863
 8061  9125
 8078  8139
 8081  9129
 8086  9095
 8094  8967
 8105  9156
 8107  9177
 8112  9195
 8117  9179
 8120  9177
 8122  9179
 8122  9188
 8129  9177
 8131 11055
 8141  9140
 8148  8517
 8159  8813
 8166  8935
 8169  8813
 8174  3498
 8180  9223
 8183  9221
 8186  9247
 8187  9223
 8193 10644
 8197  9239
 8200  9266
 8209  9237
 8218  9153
 8225  9248
 8228  9282
 8236  9253
 8239  9261
 8247  9319
 8252  9275
 8258  9293
 8261  9288
 8265  9288
 8267  9319
 8270  9318
 8271  9283
 8274  9297
 8277  7723
 8281  9264
 8284  9301
 8289  9300
 8298  9317
 8302  9297
 8312  9323
 8321  9224
 8323  9358
 8329  9006
 8337  9344
 8338 17380
 8344  9366
 8349  6453
 8359  9409
 8364  9436
 8365  9421
 8366  9378
 8378  9405
 8389  3462
 8395  9434
 8401  9437
 8453  9466
 8459  9356
 8471  9479
 8482  9258
 8483  9474
 8484  9478
 8485  2531
 8490  9481
 8495  9178
 8509  9200
 8525  9304
 8526  9212
 8557  9353
 8579  9658
 8580 14823
 8598  9400
 8611 14823
 8614  9400
 8638  9524
 8651  9466
 8656  9279
 8674  9548
 8678  3462
 8682  8105
 8694  4902
 8737  9406
 8738  9380
 8778  9533
 8810  8481
 8819  9498
 8839  8123
 8846  9723
 8855  9730
 8872  9591
 8873  9716
 8908  9400
 8966  9770
 8973  7420
 8975  4610
 8979  9422
 9025 15801
 9082  9850
 9098  9460
 9125  9488
 9130  9494
 9136  9501
 9143  9654
 9149  9513
 9156  9901
 9200  9631
 9203 15510
 9206  5862
 9215  9550
 9217  3626
 9219  9537
 9223 15341
 9226  5862
 9238  9538
 9239  9544
 9254  9566
 9255  9545
 9300  9695
 9313  7485
 9334  9564
 9335  9683
 9342  9592
 9343  9570
 9356  9578
 9357  9582
 9360  7639
 9365  6924
 9367  9571
 9389  9609
 9398  9588
 9414  9645
 9415  9625
 9417  9615
 9439  9797
 9456  9681
 9471   122
 9474  9655
 9475  9686
 9478  2613
 9479  9663
 9480  9665
 9481  9665
 9481  9666
 9486   211
 9494  9719
 9499  9684
 9507  9721
 9508  9775
 9513  9699
 9521  9705
 9528  9857
 9530  9732
 9539  9728
 9550  8978
 9559  9792
 9561  9756
 9569  9801
 9572  9806
 9573  9893
 9575  9807
 9589  3939
 9599  9795
 9602  9832
 9604  9802
 9613  9863
 9618  9945
 9635  9977
 9637  9834
 9645  9976
 9670  9896
 9671  9869
 9672  9869
 9673  9974
 9674  9873
 9678  7437
 9685  9879
 9690  9875
 9692  9885
 9695  9914
 9699  9897
 9700 10009
 9707  9881
 9711 10043
 9713  9894
 9717 10047
 9720  9909
 9721 10034
 9722 10022
 9729 10029
 9736  9921
 9747  9981
 9752  9919
 9759  9942
 9760  9930
 9762 10064
 9764  9806
 9766  9956
 9768  9987
 9769 10057
 9772  9941
 9776  9971
 9779  9946
 9794  9968
 9801  9967
 9802  9975
 9813 10105
 9816 10190
 9822 10037
 9824 10031
 9827 10110
 9828 10039
 9835  9992
 9854 10132
 9856 10243
 9859 10131
 9872 10154
 9878 10048
 9885 10049
 9886 10197
 9888 10062
 9894 10052
 9900 10149
 9902 10137
 9910 10135
 9911 10073
 9917 10139
 9920 10076
 9922 10111
 9924 10086
 9927 10088
 9930 10246
 9935 10094
 9946 10097
 9947 10109
 9951 15039
 9962 10253
 9963 10148
 9965 10212
 9975 10143
 9979 10252
10020 11957
10035 10323
10038 10350
10048 10350
10050 12056
10063 10356
10064 10176
10065 10358
10080  2937
10099 10764
10104 10182
10105 10187
10106  3154
10107 10477
10128 10455
10134 10403
10136 10317
10150 10264
10177 10617
10183 10454
10186 10376
10189 10493
10216 10268
10238 10514
10245 16524
10251 10549
10255 10315
10259 10564
10265 10564
10273 10428
10277 10537
10280 10576
10283 10566
10287 10501
10294 10600
10295 10606
10296 10601
10299 10360
10309 10598
10320 10401
10324 10385
10328 10582
10336 10458
10338 10570
10343 10429
10344 10644
10347 10433
10352 10652
10354 10652
10358 10445
10376 10634
10382 10678
10384 10650
10386 10663
10388 10700
10389 10567
10391 10648
10396 10659
10401 10672
10415 10671
10420 10699
10423 10699
10435 10706
10440 10696
10446 10717
10448 10736
10454 10807
10468 10851
10489 10750
10490 10734
10496 10768
10498  4902
10504 10756
10509 10772
10524 10803
10533 10804
10538 10820
10543 10822
10544 10793
10567 10878
10580 10910
10590 10848
10594 10367
10598 10873
10602 10874
10603 16508
10608 10927
10612 10906
10613 10881
10614 10914
10615 10887
10619 10958
10642 16907
10646 11012
10680 11069
10708 11129
10713 11134
10716 11147
10729 11163
10737 11171
10739 11177
10745 11186
10758 11232
10764 11018
10767 10913
10804 11061
10808 11253
10809 10930
10832 11230
10833 10941
10841 11015
10844 11017
10846 10969
10852 11455
10858 11011
10861 11025
10862 10974
10866 11273
10868 11283
10870 11282
10871 10987
10880 11031
10888 11010
10891 11060
10893 11055
10904 11050
10906 11059
10908 11053
10914 11073
10915 11053
10917 11096
10918 11053
10923 11033
10926 11170
10936 11049
10938 11087
10944 11056
10947 11095
10957 11123
10958 11106
10960 11133
10962 11083
10963 11082
10966 11085
10967 11117
10975 11109
10976 11127
10978 11107
10982 11132
10993 11148
11003 11146
11016 11122
11024 11330
11025 11178
11028 11167
11040 11165
11041 11190
11046 11201
11047 11196
11053 11209
11058 11159
11060 11215
11066 11219
11092 12485
11101 11237
11108  2149
11121 11470
11138 11261
11148 11374
11176 11672
11195 11338
11199 11270
11209 11276
11214 11278
11215 11260
11216 11277
11231  1727
11238  9715
11243 11296
11247 11496
11251 11469
11253 11304
11268 11499
11271 11510
11310 11332
11322 11557
11326 11315
11327 11321
11329 11354
11335 11326
11339 11326
11345 11383
11360 11598
11363 11618
11365 11608
11369 17438
11393 11648
11407 11661
11408 10455
11419 11676
11424 11690
11427 11461
11436 11463
11437 11412
11448 11696
11453 11649
11466 11026
11468  1862
11476  9715
11481 11521
11496 11518
11501 11467
11503 11526
11516 11484
11518  9715
11520 11490
11534 11543
11537 11962
11551 11749
11557 11742
11559 11756
11562 11946
11569 11569
11574 11772
11577 11587
11579 11199
11581 11581
11583 11540
11586 11778
11603 11798
11611 11616
11613 11620
11623 11614
11626 12019
11631 11642
11642 11600
11651 11624
11655 11840
11658 11846
11662 11669
11664 11671
11675 11861
11676 11695
11678 11635
11688 11704
11691 11701
11695 11687
11696 11682
11709 11921
11719 11716
11725 11740
11730 11729
11737 11735
11738 11753
11739 11712
11741 11711
11746 11765
11748 11723
11766 11801
11772 11999
11779 11794
11784 11816
11792 12020
11793 12024
11796 11781
11799 11939
11804 11785
11812 11796
11817  2482
11821 12052
11822 11821
11823 11818
11828 11820
11830 11828
11840 11850
11843 12059
11851 11860
11854 12083
11856 12081
11858 11871
11859 12085
11864 11872
11868 11898
11870 12089
11873 11950
11877 12092
11884 12104
11896 11910
11898 12034
11903 12039
11906 11982
11911 11957
11912 12135
11913 11964
11925 12010
11929 12016
11935 12079
11936 12033
11937 12011
11940 12149
11944 12029
11948 12171
11949 12028
11955 12152
11956 12038
11960 12186
11963 12041
11969 12055
11973 12060
11975 12188
11976 12023
11979 12068
11981 12198
11992 12067
11996 12217
12003 12218
12008 12050
12011 12219
12017 12235
12018 12082
12032 12117
12036 12102
12037 12100
12044 12113
12048 12254
12051 12115
12054 12255
12055 12112
12058 12132
12059 12268
12067 12291
12069 12125
12084 12214
12093 12313
12094 12144
12097 12318
12100 12122
12104 12317
12119 12247
12120 12176
12123 12346
12126 12356
12129 12363
12133 12355
12135 12189
12139 12359
12155 12374
12156 12395
12163 12394
12167 12229
12168 12228
12171 12182
12173 12245
12174 12404
12177 12339
12182 12241
12183 12213
12186 12412
12188 12418
12192 12262
12197 12216
12205 12372
12211 12440
12213 13469
12223 12286
12225 12244
12226 12444
12227 12435
12235 12300
12240 12310
12245 12409
12247 12330
12248 12327
12250 12279
12252 12277
12257 12489
12260 12351
12263 12347
12280 12510
12284 12533
12292 12555
12294 12532
12295 12383
12305 12524
12306 10994
12309 12570
12312 12554
12315 12386
12317 12556
12321 12382
12324 12478
12325 12571
12328 12565
12331 12576
12333 12584
12334 12578
12339 12575
12342 12580
12343 12476
12344 12602
12346 12587
12350 12598
12360 12615
12363  2444
12366 12611
12373 12615
12374 12618
12385 12639
12389 12458
12391 12411
12399 12451
12404 12649
12406 12448
12407 12648
12408 12413
12414 12480
12420 12445
12427 12651
12433 12469
12434 12422
12435 12671
12449 12678
12459 12677
12462 12589
12463 12588
12468 12675
12477 12680
12478 12683
12481 12766
12483 12691
12484 12715
12486 12695
12488 12764
12490 12693
12495 12700
12503 12465
12506 12710
12508 12711
12509 12479
12512 12742
12513 12718
12517 12517
12518 12539
12523 12720
12532 12740
12533 12627
12540 12490
12542 12761
12545 12537
12549 12650
12550 12531
12553 12496
12554 12767
12557 12777
12562 12545
12564 12784
12565 12779
12566 12713
12567 12786
12575 12806
12576 12590
12577 12799
12585 12805
12586 12813
12588 12817
12590 12522
12592 12535
12598 12823
12599 12832
12600 12829
12607 12838
12614 12826
12627 12617
12636 12844
12640 12849
12653 12874
12657 12854
12658 12881
12659 12643
12660 12871
12672 12637
12673 12882
12675 12636
12677 12897
12679 12803
12680 12887
12682 12631
12685 12902
12694 12712
12702 12692
12705 12664
12706 12708
12710 12706
12711 12931
12712 12912
12721 12937
12732 12922
12735 12698
12736 12747
12743 12954
12744 12950
12750 12759
12755 13005
12762 12890
12767 12979
12773 12807
12778 12804
12780  2741
12784 12977
12786 12990
12787 13003
12801 12923
12802 13000
12804 12797
12805 12797
12807 12824
12809 12845
12815 13016
12820 12811
12822 13010
12828 13030
12832 13033
12838 13025
12840 13031
12842 12970
12844 13039
12846 13046
12847 13038
12849 13051
12851 12872
12852 12969
12858  4538
12859 13058
12860 13055
12862 13066
12866 12936
12867 13054
12872 13070
12877 13083
12878 13078
12882 13094
12884 13090
12885 12987
12887 13091
12888 13096
12893 13112
12897 13135
12898 12919
12899 13113
12900 13102
12904  5156
12909 12942
12912 13137
12915 13138
12916 13143
12922 13130
12924 13120
12925 13156
12929 13147
12933 13152
12935 13053
12943 13170
12949 13174
12951 13177
12957 13059
12962 13190
12965 13196
12980 13219
12982 13008
12987 13222
12995 13230
12997 13254
13003 13243
13004 13234
13014 13258
13020 13253
13026 13276
13030 13012
13033  2774
13036 13067
13044 13079
13045 13304
13050 13302
13058 13312
13061 13323
13067 13337
13068  6098
13073 13344
13079 13376
13084 13376
13085 13353
13088 13356
13090 13366
13096 13099
13103 13088
13104 13400
13106 13402
13108 13281
13112 13398
13113 13392
13114 13381
13116   356
13118 13386
13128 13109
13138 15769
13141 13264
13145 13264
13153 13405
13154 13127
13162 13155
13163 13422
13165 13420
13166 13223
13177 13194
13182 13433
13184 13431
13189 13167
13191 13437
13194 13439
13200 13173
13202 13491
13209 13470
13215 13456
13220 13478
13221 13464
13224 13466
13226 13208
13228 13483
13233 13480
13235 13202
13236 13492
13244 13486
13245 13213
13246  5146
13249 13485
13254 13288
13255 13293
13261 13231
13266 13508
13269 13244
13272 13277
13275 13241
13277 13500
13278 13501
13280 13251
13282 13514
13283 13286
13286 13510
13297 13535
13299 13540
13301 13286
13302 13283
13305 13284
13306 13280
13310 13555
13315 13556
13316 13543
13320 13566
13322 13559
13324 13289
13326 13568
13327 13558
13328 13563
13329 13292
13331 13441
13334 13583
13335 13578
13336 13574
13340 13298
13343 13573
13361 13314
13362 13588
13363 13593
13379 13606
13380 13603
13381  6615
13386 13602
13387 13326
13390 13338
13394 16246
13401 13610
13407 13619
13413 13528
13422 13636
13423 13641
13429 13351
13431 13544
13432 13644
13436 13900
13439 13390
13441 13396
13444 13661
13445 13549
13446 13647
13458 13679
13463 13670
13464 13685
13467 13479
13468 13693
13475 13682
13479 13697
13480 13443
13481 13719
13482 13718
13486 13591
13490 13716
13495 13730
13504 13750
13507 13484
13513 13648
13519 13634
13523 13759
13525 13516
13527 13769
13528 13751
13535 13783
13537 13445
13538 13791
13555 13781
13557 13499
13559 13811
13561 13800
13562 13517
13564 13813
13567 13828
13569 13804
13570 13824
13572 13598
13575 13834
13579 13840
13580 13658
13588 13567
13596 13731
13607 13865
13611 13859
13616 13885
13617 13894
13630 13608
13635 13887
13636 13775
13644 13897
13646 13920
13647 13928
13655 13645
13659 13596
13660 13823
13661 13854
13664 11666
13667 13932
13669 13856
13673 13950
13674 13945
13677 13958
13678 13639
13679 13976
13680 13972
13681 13942
13687 13657
13691 13613
13695 13703
13701 14009
13702 13987
13713 14020
13716 14010
13717 13675
13721 13729
13722 13666
13729 14039
13738 14018
13739 13683
13741 14024
13745 13695
13748 13939
13749 13926
13751 14040
13754 13760
13760 14036
13761 13954
13765 13726
13769 14068
13776 13723
13781 13725
13783 13734
13784 13728
13786 13938
13794 13975
13799 13737
13802 15957
13804 14005
13806 13799
13810 13814
13814 14131
13831 13777
13832 13849
13835 14138
13843 16050
13857 13819
13869 13831
13930 14049
13959 13901
13960 13904
13971 13995
13978 13922
14003  8235
14026 13971
14038 14044
14039 13962
14046 13998
14097 14019
14097 14027
14101 14022
14126 14119
14138 14052
14143  9481
14161 14084
14163 14079
14166 14082
14168 14088
14217 14216
14229 14191
14255 14159
14300 14250
14328 14224
14375 14271
14397 14244
14397 14255
14430 14308
14448 16857
14469 14346
14469 14348
14509 14415
14517 14377
14551 14362
14567 14411
14579 14449
14581 14412
14594 14431
14603 14397
14627 14413
14639 14454
14692 14503
14703 14448
14737 14481
14771 14501
14785 14507
14810 14568
14819 15881
14821 14992
14856 16793
14862 14585
14897 14598
14898 14572
14904 16793
14928 16026
14945 16793
14960 14588
15067 14135
15106 10187
15113 14663
15154 14686
15213  9458
15320 15693
15363 14425
15427  9642
15457  8656
15544 16149
15741 16832
15771 16476
15895 17384
15938  9534
16879 13958
17095 13925
17549 15522
17569 17349
17729 17339
17750 13912
17835  8925
17840 14886
17879  1717
17912 14959
17988 13662
18003 16659
18009  9420
18027 16511
18034  4233
18255 10647
18424 14886
18434 15599
18483   280
18503  1017
18523  8941
18638  1337
18743  6587
18760  7804
18789 17339
18887 11587
19194 11635
19203  2706
19333  5763
19360 16428
19378  8261
19501  7616
19611  3141
19613  2555
19914 12503
20198 10045
20323    61
20381 16327
20448    22
20487 15906
20497  8917
