   13  6680
   17    11
   19    11
   26 20818
   29  9321
   46 11166
   52  3493
   93  1075
  108 10600
  154 11845
  184 16850
  209  3868
  248  3868
  251  9315
  262 18370
  360  3868
  372  3868
  402 10117
  402 12030
  431  7181
  466  3868
  480  7259
  496  9531
  611 18173
  626   982
  639  3868
  647 18370
  669  3868
  679 26781
  701  3868
  778  3868
  821  3868
  821 17117
  822  9531
  871 10063
  875  3868
  878  3868
  879  7718
  888    11
  902  6231
  918 17117
  938  3868
  940 17896
  974  3868
  986  5373
  991  3868
  994  9531
  996  6231
 1011 19619
 1070 18370
 1108  7437
 1120 12030
 1134 10063
 1172  3868
 1174  5460
 1176 22877
 1181  3868
 1181 17117
 1262  5409
 1283  9531
 1319  7866
 1334  5460
 1411 18567
 1414 10175
 1483 16364
 1489 22549
 1539   156
 1572 25864
 1647 15147
 1655  5981
 1871  8724
 1887 10152
 1932 10600
 1936 23116
 1988 10233
 1989  4766
 1990  3009
 2027    38
 2041    53
 2075    76
 2094  7359
 2103  4076
 2104 10037
 2127   136
 2153 18244
 2203 19379
 2225   240
 2237   146
 2250  3503
 2274   172
 2284   171
 2288   171
 2302  8349
 2304   636
 2315  7513
 2330 13302
 2355 13684
 2368   294
 2395 23623
 2396   365
 2408  3652
 2419   825
 2425  1171
 2429   156
 2451   443
 2464  9999
 2469   873
 2470   893
 2476  5155
 2488   942
 2490   923
 2498   929
 2514   872
 2520   156
 2526   532
 2529  9238
 2531  1095
 2532   550
 2552  4392
 2555   819
 2565  1250
 2566  3766
 2567 12665
 2575   604
 2581   711
 2584   599
 2585   711
 2587  4766
 2621 10127
 2622  1399
 2623  2163
 2625    63
 2628  1350
 2642  1080
 2651  1088
 2673 13614
 2691  1470
 2699  1516
 2702  1137
 2734  1500
 2742  1656
 2745 14159
 2777   403
 2779  1219
 2849  1366
 2855  8710
 2856  1408
 2860  1339
 2889   390
 2892  1772
 2893   394
 2916  1765
 2927  1814
 2962  3837
 2969  5904
 2985  1884
 2992  1661
 2995  1973
 2998  1907
 3010   976
 3022  1949
 3035  2044
 3068   156
 3102  1726
 3106  2134
 3153  1795
 3162  2229
 3179  1891
 3192  1916
 3198  2309
 3220  2319
 3230  2254
 3236  2338
 3250  1977
 3275  1677
 3276  2028
 3282  2078
 3310  2018
 3314  2510
 3325  2550
 3330  2522
 3331  2079
 3333  2118
 3335  1974
 3350  2129
 3354 22950
 3375  2280
 3377  2611
 3389   982
 3396  2163
 3403  2241
 3406  2329
 3425  5981
 3439  2332
 3441  7575
 3491  2571
 3515  2540
 3516  2566
 3548  2699
 3550  2696
 3568  2738
 3569  2689
 3626  2796
 3629  2844
 3649 26408
 3672  2942
 3678  3396
 3680  2970
 3698  3441
 3702  3202
 3711  3023
 3721  3078
 3730  2318
 3740  3087
 3744  3047
 3748  3155
 3814  3472
 3846 10665
 3914  7926
 3915  3083
 4001  3137
 4002   728
 4022 19570
 4085   347
 4125  2496
 4219  9334
 4220  3777
 4253  5805
 4272  9904
 4366 10399
 4371  8722
 4402  3476
 4427  3956
 4429 23094
 4433  3569
 4445  9396
 4446  3973
 4470  3630
 4497  3753
 4514 11045
 4541  3831
 4544  3831
 4545  3845
 4548  4089
 4553  3823
 4556  3841
 4564  3861
 4597  3927
 4601 12353
 4603  4182
 4634  4252
 4635  4253
 4668  4364
 4672  4027
 4675  4369
 4705  4379
 4708  4446
 4709  4449
 4710  4440
 4711  4433
 4727  4131
 4729  5567
 4739  4521
 4742  3789
 4743  4181
 4746  4523
 4756  4550
 4761  4522
 4764 26055
 4779  4587
 4782  4241
 4797  4337
 4801  4212
 4804  4633
 4820  4648
 4824  4646
 4827  7579
 4829  4650
 4830  4647
 4839  4674
 4860  4690
 4867  4412
 4875  4697
 4893  4445
 4901  4740
 4913  4346
 4928  4765
 4934  4467
 4937  4759
 4944  4477
 4945  4782
 4948  4783
 4951  4804
 4954  4799
 4955  4800
 4956  4789
 4964  4794
 4967  4806
 4973  1331
 4976  4779
 5141  4214
 5158 15569
 5250 26625
 5301  5205
 5301  8015
 5309 20682
 5342  4676
 5349  4714
 5351 25131
 5373 12374
 5375  4699
 5384  4791
 5385  4791
 5386  4781
 5445  4989
 5455  5094
 5457  5053
 5491  5116
 5505  5106
 5546  5440
 5556  5480
 5558   786
 5559  5500
 5567  5184
 5568  5515
 5581  5530
 5584  5536
 5605  5575
 5607  5590
 5608  5593
 5617  5601
 5621  7181
 5626  5538
 5627 16678
 5630  5582
 5639  5632
 5644  5634
 5645  5519
 5654  5640
 5672  5388
 5686  5592
 5687  5681
 5688  5611
 5699  5473
 5708  5701
 5712  5661
 5717  5484
 5719  5484
 5723  5666
 5725  5713
 5738 11039
 5743  9191
 5758  5735
 5764  5723
 5772  5746
 5791  5550
 5801  5708
 5802  5781
 5807  5751
 5808  5605
 5809  5753
 5810  5587
 5816 11090
 5818  5765
 5819  5574
 5836  5600
 5845  5800
 5848  5804
 5861  5824
 5871  5630
 5873  5798
 5876  5728
 5877  5660
 5881  5797
 5882  5825
 5885  5842
 5894  5845
 5895  5787
 5900  5680
 5911  2022
 5914  5862
 5953  5890
 5972  5755
 5976  5778
 5984  5744
 6010  5815
 6016  6005
 6019  6032
 6023  5814
 6026  6037
 6028  5840
 6033  6044
 6038  5835
 6062  5895
 6069  1417
 6102  5875
 6127  5878
 6145 20615
 6172  6089
 6175  1763
 6185  7652
 6211  6243
 6217  7623
 6220   483
 6225  6058
 6242 24279
 6382  8500
 6399  6722
 6431  5940
 6432  5966
 6520  8280
 6523  6397
 6527  6966
 6539  6070
 6601  6091
 6616  6201
 6623  6199
 6654 23074
 6664  7330
 6693  6707
 6729 11613
 6743 16286
 6753  6154
 6775   768
 6806  6764
 6818  6800
 6823  6909
 6840  6249
 6861  6891
 6872  5902
 6874  7248
 6875  6335
 6934  7512
 6941  6335
 6998  7902
 7010  6622
 7048 17440
 7054  8280
 7057  7093
 7073  5000
 7077  6445
 7080  7137
 7090 19389
 7099  6945
 7116  7067
 7119 26457
 7122  7138
 7126  6469
 7145  7002
 7164 19389
 7173 11903
 7175 19389
 7235 19378
 7285  7108
 7301  9640
 7310  6533
 7333  6559
 7334  7121
 7337  6183
 7344  7124
 7382  8343
 7383  6619
 7391  6612
 7402  6570
 7404  7422
 7414  6571
 7417  7186
 7423  6566
 7424  7257
 7431  6628
 7449  6675
 7462  7095
 7464  7097
 7473  6701
 7477  6729
 7483  6700
 7498  6666
 7499  7569
 7502  6675
 7530  6756
 7548  7493
 7551  6657
 7560  7506
 7560  7509
 7577  7537
 7594  7534
 7603  7510
 7605  7067
 7613  7596
 7638  6783
 7639  7367
 7662  6868
 7679  7419
 7683  7418
 7727  7750
 7729  7448
 7733  7968
 7766  7111
 7782  7255
 7783  7228
 7788  7014
 7790  5460
 7793  6999
 7796 22878
 7800  7357
 7801  7545
 7805  7319
 7815  6456
 7824  7370
 7826 13381
 7849  7079
 7853  7214
 7934  7879
 7938  7850
 7964  7863
 7965  7067
 7977  7877
 7995 16913
 8005  7230
 8023  7409
 8031  7921
 8037  6861
 8044  6887
 8045  7949
 8077  6590
 8078  7788
 8090  7272
 8094  7655
 8096     1
 8098  7336
 8103  7330
 8117  6832
 8122  6857
 8129  6837
 8140  7316
 8146  7819
 8158  1658
 8170  7325
 8177  7325
 8179  7316
 8181  7866
 8193  8063
 8209  7376
 8223  3393
 8228  7350
 8231  7900
 8240  7449
 8244  7441
 8266  9273
 8268 11255
 8274  7410
 8281  7513
 8302  7404
 8312  7462
 8315  7473
 8321  7671
 8334  7465
 8336  7982
 8337  6183
 8351  7521
 8361  7514
 8365  7465
 8376  7872
 8376  7957
 8385  7818
 8387  7512
 8395  7479
 8400  7611
 8405  6026
 8422  8079
 8431  8137
 8456  7663
 8466  9399
 8473  8592
 8481  7095
 8482  7957
 8485  7906
 8499  9422
 8500  7832
 8515  7807
 8526  5611
 8566  6391
 8602  7522
 8609  7989
 8618  6391
 8619  7522
 8671  9485
 8683  7880
 8698  7906
 8738  7922
 8739  7958
 8754  7853
 8778  8196
 8883  8096
 8885  6367
 8888  6192
 8897  7503
 8898  8023
 8899  8536
 8914  6625
 8918  6625
 8930  6923
 8940   646
 8965  8119
 8970  8123
 9006  8147
 9052  8560
 9084  8328
 9090  8802
 9094  8327
 9099  8809
 9100  8287
 9116  1513
 9125  8817
 9129  8355
 9130  8819
 9136  8816
 9138  8789
 9152  1519
 9165  6017
 9175  6017
 9193  6017
 9198  6017
 9214  8344
 9215  8825
 9238  8846
 9240  4989
 9242  8368
 9254  8820
 9255  8860
 9292  7570
 9299  8517
 9302  8832
 9308  6820
 9314  7570
 9321  2262
 9342  8844
 9343  8889
 9357  8880
 9372  8897
 9384  2379
 9389  8868
 9415  8914
 9417  8913
 9419 14201
 9434  8926
 9449  8936
 9479  8967
 9480  8973
 9491  8758
 9499  8983
 9508  8976
 9513  8995
 9514  9001
 9519  8865
 9521  9006
 9526  8801
 9539  9029
 9549  9024
 9569  8989
 9575  8994
 9578  9052
 9597  9067
 9599  9058
 9604  9075
 9609  8852
 9615  9079
 9628  9098
 9632  8884
 9634  9766
 9667  9097
 9670  9087
 9671  9127
 9672  9127
 9674  9130
 9690  9155
 9695  9121
 9699  9149
 9709  8961
 9711  8925
 9720  9161
 9721  8931
 9722  8955
 9724  5756
 9729  8947
 9730  9095
 9732  9190
 9748  5230
 9752  9216
 9759  9205
 9766  9071
 9768  9748
 9773 26545
 9776  9153
 9779  9214
 9783  9192
 9794  9253
 9795  9256
 9798  9250
 9800  5791
 9802  9267
 9808  9243
 9813  9039
 9818  9195
 9822  9170
 9824  9181
 9828  9195
 9837 18523
 9865  9272
 9875 22488
 9878  9319
 9888  9344
 9922  9286
 9927  9377
 9951 10024
 9963  9291
 9984  9407
10008 24526
10038  4406
10074  8900
10154  2139
10183  5388
10190  9528
10306  3652
10312  9317
10317  9245
10342 18420
10352  9367
10374  9406
10388  9390
10395 11889
10440  9487
10448  9418
10459  9432
10465  9493
10476 21693
10485  9503
10504  9501
10509  9496
10512  9523
10513  9498
10526  9515
10529  9536
10541  9514
10577  9567
10580  9531
10586  9566
10590  9577
10592  9557
10593  9559
10602  9583
10613  9592
10614  9572
10625  9604
10646  9573
10647  9612
10648  9612
10653 10117
10665  9648
10666  9645
10677  9655
10685  9616
10693  9656
10695  9663
10696  9680
10697  9680
10698  9667
10701  9667
10704 14939
10712  9669
10713  9649
10714  9691
10749  9673
10799  9710
10806 13792
10820   801
10832   737
10866  9738
10870  9748
10882 10230
10884  9736
10900 10089
10903  9777
10904 10239
10917 10203
10928 10246
10938 10257
10939 10281
10955  1111
10958 10275
10960 10260
10967 10277
10975 10297
10976 10284
11011   916
11032 13312
11034 22899
11041 10316
11042 10312
11045  9826
11060 10309
11062  9829
11067 10319
11087  5289
11122 24806
11169 10047
11196 10356
11208 10345
11209 10370
11212  4098
11214 10372
11216 10365
11224 10377
11235 22768
11249  2086
11251 10228
11290  6623
11307  9164
11310 10403
11345 10408
11348  1331
11369 19017
11402  1469
11403  1469
11416  9941
11420 10322
11421  1469
11423  1469
11425  1469
11434  1502
11440  1506
11461 10155
11463 10035
11489  1513
11503 10456
11514  1536
11517 10141
11518  1534
11519 10441
11589  5989
11590  6349
11626 10225
11648 10413
11664 10511
11665 10419
11691 10522
11733 26644
11748 10577
11787 10579
11793 10446
11844 10479
11870 10483
11871 10465
11886  7863
11893 10481
11898 10564
11908 10582
11944 10647
11951 10630
11955 10500
11969 10672
11973 10671
12023 24538
12025 10565
12034 10690
12036 10696
12043 10582
12044 10685
12085 10796
12153  2724
12155  6341
12179 24969
12182 10796
12223 10817
12227 10663
12266 10665
12272  5098
12274 10665
12276 14748
12305 10694
12328 10699
12355 10706
12360 10708
12373 10708
12399 10915
12414 10910
12415 10972
12450   926
12459 10755
12462 10811
12463 10811
12477 10768
12488 10779
12515  2062
12518 10988
12540 11094
12542 10793
12554 10802
12566 10825
12570  9163
12589  7968
12613 10830
12644 10906
12663 10865
12688 10851
12707 26890
12732 10870
12744 10890
12756 11204
12775 11097
12779 10923
12780 11015
12802 10924
12809 11375
12820 11434
12828 10918
12852 11196
12854 10968
12862 10947
12873 11369
12879 10974
12880 10986
12909 11448
12912 11007
12922 11082
12925 11017
12935 11194
12978 25796
12982 11481
12985  7786
12994  7849
13001 11119
13026 11138
13042 11210
13051  6494
13079 11250
13084 11250
13106 11260
13108 11417
13116 13407
13138 13287
13141 11498
13145 11498
13161 10843
13202 11295
13226 11915
13237 24633
13254 11794
13260   686
13275 26440
13279 11618
13281 11547
13343 11475
13353 12003
13368  3105
13382  3754
13424 11796
13486 11821
13496  9528
13519 11779
13527 11620
13548 11934
13570 11674
13618 11745
13684  6342
13703   646
13721 12515
13743 27027
13746  9178
13831 15673
13897 17639
14102  8164
14140  7453
14217 12949
14255 13234
14449 18516
14509 13266
14568 19710
14628  5238
14633 15821
14669 21406
14814 13853
14940  9133
15005  5264
15024 26296
15095 27433
15134 17550
15210  4297
15234  2593
15266  3057
15554  4969
15743  9814
15845   971
15990  9499
16119 22895
16444  3202
16451 18218
16470 26814
16639 24576
16746 19729
16874 15648
16985 26892
17255 14556
17275 20456
17473 26048
17538 25665
17735 10423
17854 18218
17855   262
17989  3438
18023 18529
18060 20143
18209   120
18308 21386
18396  4388
18465  1065
18469 12314
18554   971
18567 25844
18669 26034
18855 13478
19031 21707
19049 12787
19285 19100
19339 10823
19482 22882
19486 27432
19513  2056
19528 14419
19619 13955
19813 25060
20146 17228
20160 10881
20174 16889
20181 10881
20186 18503
20326  9528
20376 25139
20437 18268
20494 27452
20510 27405
20527  3726
