    3  5489
    8   954
   15   931
   17  5489
   19  5489
   20   981
   24   994
   27   939
   32   956
   35  1020
   40  1015
   41  1029
   42 19340
   56   657
   60   987
   62  1050
   67   997
   68   642
   75  1014
   84  1073
   92   867
   93   880
  102   808
  105  1118
  108   434
  110  1161
  112   917
  113   689
  114  1120
  117   910
  120   874
  124   927
  130  1139
  131  1116
  133   920
  134  1151
  136   944
  138  1083
  139   701
  140  1150
  141  1152
  147  1095
  150   890
  153  1113
  161   869
  162  2248
  163   730
  164  1210
  170   657
  174  1231
  179  1191
  183  1197
  185   990
  186   955
  188   881
  196  1268
  199   953
  200   820
  202   822
  203  1222
  204  1272
  209  1019
  212   841
  213  1251
  215  1228
  219  1235
  221  1257
  222  1253
  223  1051
  225   842
  226  1262
  229  1237
  231   800
  232  1257
  237   884
  238  2248
  239  1275
  241  1931
  242  1264
  243  1269
  244   935
  248  1011
  250  1041
  253  1004
  257   991
  261  1286
  262  1074
  265  1931
  282  1024
  284  1602
  285  1285
  288  1315
  289  1310
  295  1076
  298  1085
  299  1149
  307   854
  309  1473
  310  1314
  311  1154
  312  1058
  313  1160
  315   901
  316  1362
  321  1323
  327  1121
  334  1343
  335  1344
  347  1226
  348  1105
  349  1367
  351  1011
  354  1147
  355  1180
  358  1327
  362  1247
  363  1379
  365  1212
  370  1192
  371  1252
  385  1254
  390  1261
  391  1298
  392   925
  394  1410
  396   985
  401  1266
  402  1205
  405  1414
  407  1400
  408  1240
  410  1458
  411  9076
  412  1409
  413  1435
  415  1413
  417  1321
  418  1199
  419  1359
  422  1361
  424  1597
  428  1277
  429  1412
  432  1173
  433  2094
  439  1216
  440  1226
  444  1305
  448  1507
  450  1185
  451  1448
  457  1044
  459 17780
  463 16547
  468  1289
  470  1446
  472  1421
  474  1421
  478  1468
  479  1230
  480  1465
  489  1250
  494  1445
  495  1220
  496  1431
  497  1485
  498  1307
  501  1513
  503  1434
  504  1486
  508  1484
  509  1459
  511  1502
  512  1282
  516  1462
  518  1483
  519  1335
  521  1476
  526  1087
  528  2812
  529  1403
  530  1510
  537  1419
  538  1415
  539  1489
  541  1360
  542  1319
  543  1534
  549  1336
  552  1338
  552  1610
  555  1506
  556  1294
  558  1417
  562  1498
  564  1566
  565  1451
  566  1396
  568  1636
  571  1374
  572  1471
  572  1597
  573  1473
  579  1422
  582  2115
  584  1575
  585  1482
  586  1613
  587  1383
  588  1556
  589  1615
  591  1584
  592   749
  594  1162
  595  1371
  599  1557
  603  1669
  604  1442
  605  1612
  607  1345
  611  1135
  612  1582
  613  1603
  614  1523
  615  1596
  616  1401
  617  1472
  619  1505
  620  1477
  623  1697
  625  1429
  627  1374
  628  1493
  630  1544
  631  1405
  633  1443
  637  1271
  638  1653
  642  1668
  643  1671
  646  1649
  647  1439
  649  1623
  654  1650
  655  1707
  658  1667
  660  1625
  661  1326
  662  1698
  663  1540
  669  1528
  671  1655
  673  1640
  674  1496
  678  1537
  683  1679
  686  1638
  687  1452
  689  1759
  690  1749
  694  1769
  696  1509
  700  1431
  702  1609
  704  1571
  705  1494
  706  1753
  707  1568
  708  9850
  710  1601
  713  1497
  714  1730
  715  1785
  716  1586
  718  1560
  720  1500
  722  1796
  724  1618
  725  1699
  727  1602
  728  1764
  740  1585
  748  1824
  750  1569
  752  1672
  753  1693
  755  1818
  760  1748
  762  1731
  765  1782
  766  1774
  769  1309
  769  1553
  771  1724
  775  1628
  777  1708
  779  1774
  783  1804
  784  1867
  786  1792
  788  1374
  790  1866
  791  1654
  792  1861
  794  1738
  797  1710
  799  1887
  809  1590
  811  1179
  812  1563
  814  1907
  816  1809
  819  1642
  821  1686
  823  1719
  824  1903
  825  1858
  827  1588
  829  1881
  834  1873
  838  1639
  839  1856
  840  1800
  844  1795
  845  2039
  846  1825
  852  1593
  857  1711
  865  1437
  866  1423
  876  1678
  878  1644
  879  1815
  881  1746
  883  1475
  886  1685
  887  1909
  890  1864
  893  1691
  896  1890
  898  1743
  903  1817
  905  1205
  907 14187
  908  1747
  911  1725
  912  1885
  915  1787
  917  1619
  918  1920
  919  1910
  920  1597
  923  1987
  924  1936
  928  1722
  929  1495
  930  1946
  934  1602
  935  1924
  937  1990
  939  1727
  941  1913
  942  1658
  945  2005
  946  1837
  947  1863
  949  1848
  955  1715
  958  1773
  962  1960
  964  1959
  966  1616
  969  1841
  971  1791
  973  1492
  978  1554
  979  2031
  980  1545
  981  1973
  982  1928
  986  1776
  990  1859
  991  1869
  992  1564
  993  1977
  995  1378
  997  1570
  998  2045
  999  1898
 1002  1857
 1003  2053
 1004  1583
 1005  1963
 1009  2002
 1012  1966
 1016  1882
 1017  1606
 1020  1543
 1021  1991
 1022  1810
 1027  1805
 1030  1633
 1033  2018
 1039  1952
 1042  1999
 1045  2050
 1046  1889
 1049  1912
 1050  2017
 1053  1842
 1056  1846
 1057  1884
 1057 20005
 1059  2049
 1062  2049
 1063  1853
 1064  1670
 1070  2345
 1071  2105
 1072  1474
 1075  2064
 1076  1682
 1079  2020
 1081  2036
 1083  1998
 1084  1865
 1086  2003
 1087  2039
 1091  1895
 1092  2075
 1093  1971
 1096  2025
 1100  1899
 1104  2122
 1105  2072
 1111  2092
 1112  1925
 1115  2078
 1116  2068
 1118  2106
 1119  1954
 1122  2028
 1123  2078
 1124  1922
 1128  2142
 1131  2156
 1134  1931
 1138  2087
 1142  2008
 1145  1957
 1148  2102
 1150  2101
 1151  1972
 1152  2055
 1153  2046
 1156  2173
 1157  2117
 1164  2097
 1166  2090
 1168  2085
 1170  1931
 1171  2066
 1173  1677
 1177  1684
 1181  2032
 1182  2114
 1184  2149
 1186  2129
 1187  2077
 1193  2153
 1195  2009
 1198  2091
 1200  2127
 1201  2175
 1202  1788
 1203  2125
 1204  2137
 1205  2098
 1208  2180
 1210  1845
 1215  1831
 1219  2224
 1221  2184
 1222  2116
 1224  2095
 1226  2134
 1229  2029
 1230  2060
 1234  2167
 1235  2121
 1236  2133
 1239  2234
 1240  2235
 1242  2237
 1243  2244
 1244  2082
 1246  2210
 1248  2083
 1249  2130
 1250  2113
 1256  2157
 1259  1104
 1262  2123
 1263  2232
 1264  2144
 1265  2128
 1266  2213
 1268  2125
 1269  2186
 1270  2158
 1270  2386
 1272  2080
 1273  2200
 1274  2226
 1276  2148
 1281  2209
 1282  2076
 1285  2203
 1286  2212
 1287  1874
 1289  2169
 1290  2240
 1296  2251
 1300  2257
 1301  2255
 1303  1205
 1306  2079
 1310  2187
 1311   504
 1313  2270
 1316  2241
 1320  2245
 1321  1937
 1322  2274
 1323  2247
 1327  2320
 1328  2174
 1330  2261
 1332  2291
 1333  2278
 1335  1921
 1338  2258
 1339  2236
 1340  2288
 1342  2248
 1343  2304
 1346  1935
 1348  1938
 1349  2344
 1353  2292
 1354  1985
 1355  2273
 1357  2361
 1359  2283
 1360   750
 1362  2300
 1363  2311
 1367  2316
 1371  2272
 1373  2290
 1375  2286
 1376  2282
 1377  2287
 1378  2265
 1380  2294
 1387  2339
 1391  2293
 1392  2317
 1395  2351
 1396  2359
 1397  2362
 1398  2324
 1400  2345
 1402  2338
 1404  2358
 1406  2277
 1408  2323
 1410  2408
 1411  2352
 1412  2355
 1413  1891
 1415  1891
 1416  2388
 1417  2382
 1420  2360
 1424  2386
 1430  2350
 1431  2392
 1433  2368
 1438  2400
 1439  2406
 1441  2409
 1442  2164
 1443  2417
 1450  2436
 1451  2394
 1452  2398
 1453  2413
 1455  2412
 1470  2443
 1471  2432
 1472  2448
 1474  2431
 1476  2450
 1477  2446
 1480  2448
 1481  2403
 1483  2466
 1485  2463
 1489  2490
 1491  2439
 1493  2267
 1496  2493
 1502  2501
 1503  2222
 1511  2242
 1515  2499
 1517  2516
 1518  2451
 1520  2497
 1522  2495
 1526 15436
 1532  2528
 1534  2520
 1536  2536
 1539  2525
 1540  2336
 1541  2519
 1542  2529
 1543   734
 1547  2271
 1550  2384
 1552  2562
 1554  4438
 1555  4443
 1563  2546
 1568  2571
 1570  2496
 1572  2537
 1585  2596
 1590  2389
 1592  2399
 1601  2426
 1610  2462
 1612  2457
 1616  2494
 1619  2474
 1625  2547
 1628  2481
 1633 19515
 1636  2491
 1637  2473
 1639  2488
 1645  2492
 1650  2486
 1651  2523
 1652  2502
 1653  2508
 1660  2651
 1661  2511
 1662  2514
 1664  2500
 1665  2512
 1672  2533
 1675  2538
 1678 18092
 1687  2548
 1689  2575
 1690  2557
 1692  2575
 1694  2587
 1695  2585
 1696  2586
 1697  2568
 1699  2595
 1700  2580
 1701  2563
 1704  2563
 1705  2598
 1708  2581
 1709  2581
 1712  2611
 1715  2590
 1722  2621
 1725  2600
 1729  2632
 1730  2610
 1732  2650
 1735  2633
 1737  2601
 1738  2617
 1740  2648
 1741  2639
 1742  2620
 1745  2647
 1747  2641
 1748  9536
 1749  2646
 1756  2643
 1763  2660
 1764  2675
 1765  2665
 1766  2674
 1772  2654
 1774  2653
 1775  2670
 1776  2679
 1777  2658
 1779  2679
 1783  2659
 1786  2693
 1787  2717
 1790  2697
 1792  2664
 1793  2664
 1794  2668
 1795  2808
 1797  2680
 1804  2671
 1813  2655
 1817  2690
 1823  2714
 1824  2730
 1826  2720
 1844  2728
 1846  2741
 1847  2778
 1848  2749
 1851  2731
 1852  2746
 1853  2823
 1854  2813
 1856  2755
 1860  2825
 1862  2736
 1864  2819
 1867  2750
 1871  2812
 1875  2793
 1877  2756
 1879  2740
 1880  2834
 1884  2818
 1885  2767
 1888  2804
 1889  2771
 1890  2820
 1891  2775
 1893  2844
 1899  2787
 1901  2854
 1902  2835
 1906  2826
 1907  2830
 1910  2866
 1913  2851
 1914  2795
 1915  2811
 1917  2800
 1919  2817
 1920  2871
 1926  2814
 1931  2848
 1932  2863
 1939  2832
 1940  2831
 1941  2841
 1947  2915
 1949  2883
 1950  2902
 1951  2933
 1953  2922
 1959  2860
 1961  2862
 1963  2894
 1964  2853
 1966  2930
 1968  2934
 1973  2923
 1974  2971
 1975  2941
 1977  2950
 1978  2969
 1979  2958
 1980  2957
 1983  2918
 1984  3042
 1985  2970
 1988  2885
 1990  3002
 1992  2918
 1993  2909
 1994  2868
 1995  2890
 1996  2954
 2001  2943
 2003  2984
 2004  2966
 2005  2906
 2006  2881
 2007  2892
 2011  2987
 2012  2897
 2014  3021
 2016  2936
 2018  2992
 2021  6237
 2022  2905
 2023  2893
 2025  2990
 2027  2911
 2028  2999
 2030  2997
 2033  2968
 2036  3028
 2038  3062
 2039  3004
 2040  3005
 2043  2951
 2047  3020
 2048  3026
 2051  3022
 2052  3013
 2053  3014
 2054  2944
 2060  2963
 2062  3018
 2063  3041
 2064  2975
 2068  2968
 2071  2976
 2072  2981
 2075  2980
 2076  3061
 2079  3093
 2079  3186
 2080  3083
 2084  3055
 2085 10268
 2088  3047
 2090  3091
 2091  3115
 2092  2989
 2095  3009
 2096  3010
 2097  3108
 2098  3116
 2101  2935
 2102  3011
 2104  3117
 2107  3127
 2109  3037
 2111  3017
 2112  3058
 2113  3072
 2114  3074
 2118  3067
 2121  3066
 2122  3160
 2125  3050
 2129  3098
 2132  3035
 2139  3186
 2141  3163
 2143  3179
 2144  3099
 2146  3189
 2149  3122
 2150  3178
 2152  3090
 2153  3209
 2154  3096
 2159  3076
 2162  3109
 2172  3217
 2174  3216
 2175  3068
 2180  3211
 2185  3223
 2187  3129
 2190  3245
 2191  3125
 2200  3128
 2204  3088
 2207  3254
 2208  3261
 2212  3262
 2221  3260
 2226  3097
 2230  3242
 2232  3146
 2234  3267
 2235  3264
 2239  3248
 2240  3130
 2243  3148
 2246  3281
 2248  3124
 2249  3159
 2252  3133
 2255  3164
 2262  3141
 2263  3309
 2266  3170
 2270  3315
 2278  3183
 2284  3194
 2285  3192
 2286  3226
 2288  3196
 2291  3328
 2293  3167
 2298  3172
 2311  3338
 2312  3219
 2315  3349
 2323  6515
 2337  3243
 2340 12782
 2343  3238
 2344  3327
 2348  3295
 2349  3288
 2351  3231
 2355  3253
 2362  3350
 2365  3307
 2374  3317
 2378  3276
 2380  6469
 2381  3433
 2384  3304
 2386  3286
 2390  3301
 2401  3298
 2405  3282
 2409  3302
 2417  3419
 2419  3313
 2420  3332
 2426  3337
 2427  3325
 2429  3454
 2430  3323
 2431  3481
 2435  3474
 2437  3356
 2440  3355
 2441  3356
 2442  3368
 2444  3354
 2445  3353
 2447  3366
 2450  3368
 2457  3359
 2458  3374
 2460  3374
 2466  3508
 2467  3510
 2469  3369
 2470  3358
 2471  3381
 2473  3376
 2475  3555
 2477  3555
 2480  3402
 2484 12380
 2486  3389
 2488  3412
 2490  3424
 2498  3449
 2502  3462
 2508  3500
 2509  3599
 2511  3493
 2513  3499
 2514  3494
 2515  3568
 2516  3611
 2519  4290
 2520  3620
 2526  3527
 2528  3567
 2529  3563
 2531  3513
 2532  3543
 2534  3642
 2541  3529
 2544  9511
 2548  3605
 2550  3528
 2554  3645
 2559  3533
 2561  3688
 2562  3606
 2565  3545
 2566  3694
 2569  3605
 2571  3608
 2575  3591
 2578  3616
 2580  3558
 2583  3558
 2584  3596
 2591  3583
 2592  3626
 2593  3621
 2596  3745
 2606  3745
 2609  3749
 2617  3727
 2618  3658
 2621  3631
 2628  3641
 2633  3689
 2634  3778
 2642  3664
 2644  3661
 2646  3767
 2648  3672
 2658  3681
 2659  3799
 2665  3610
 2668  3799
 2671  3784
 2672  3801
 2672  8057
 2675  3747
 2683  3809
 2688  3799
 2697  3809
 2707  3764
 2713  3774
 2717  3829
 2719  3844
 2721  3775
 2722  3756
 2723  3744
 2729  3787
 2734  3738
 2736  3795
 2737  3743
 2738  3729
 2744  1551
 2745  3765
 2749  3861
 2752  3872
 2753  3794
 2762  4148
 2769  3753
 2770  3887
 2774  3907
 2776  3766
 2781  3912
 2781  3916
 2783  3912
 2785  3835
 2796  8045
 2799  3929
 2803  3906
 2807  3781
 2813  3863
 2814  3820
 2817  3945
 2819  3869
 2823  3923
 2824  3874
 2827  3965
 2829  3954
 2833  3823
 2839  3966
 2840  3867
 2842  3969
 2849  3854
 2856  3857
 2860  3894
 2870  4002
 2871 11501
 2872  3990
 2876  3983
 2885  3889
 2887  3882
 2892  3876
 2893  4014
 2894  4015
 2909  3947
 2910  3886
 2916  3927
 2919  3934
 2920  4039
 2922  3935
 2927  3938
 2931  3971
 2950  4029
 2951  4072
 2954  4069
 2962  4093
 2964  3993
 2966  4100
 2969  4049
 2973  4093
 2975  4001
 2985  4024
 2987  4013
 2992  4043
 2994  4019
 2999  4142
 3003  4045
 3009  4129
 3013  4132
 3017  4132
 3026  4175
 3028  4121
 3030  4173
 3032  4075
 3035  4068
 3037  4187
 3038  4184
 3040  4179
 3043  4082
 3046  4083
 3047 16975
 3048  4167
 3050  4106
 3057  4091
 3061  4086
 3068  4147
 3073  4157
 3074  4216
 3075  4208
 3078  4103
 3079  4111
 3087  4119
 3088  4227
 3097  4123
 3098  4232
 3099  4128
 3100  4233
 3101 11054
 3102  4140
 3106  4113
 3111  4215
 3119  4191
 3120  4160
 3123  4138
 3124  4246
 3128  4158
 3139  4162
 3141  4271
 3147  4168
 3149  4256
 3162  4231
 3166  4244
 3172  4275
 3173  4186
 3177  4242
 3179  4192
 3186  4259
 3190  4181
 3192  4204
 3193  6745
 3198  4197
 3202  4221
 3205  4387
 3208  4229
 3209  4202
 3214  4212
 3215  4236
 3217  4219
 3219  9074
 3220  4213
 3225  4210
 3230  4237
 3236  4230
 3237  4287
 3250  4268
 3261  4278
 3262  4279
 3265  4359
 3275  4351
 3276  4298
 3278  4314
 3282  4296
 3283  4370
 3289  4299
 3290  4285
 3291  4374
 3298  4321
 3301  4313
 3303  4339
 3304  4293
 3308  4421
 3310  4342
 3314  4303
 3318  4431
 3320  4307
 3321  4479
 3323  4433
 3324  4306
 3325  4309
 3330  4322
 3333  4346
 3334  4344
 3335  4349
 3336  4443
 3338  9115
 3342  4409
 3345  4354
 3346  4338
 3353  4394
 3361  4353
 3362  4462
 3367  4403
 3371  4371
 3377  4373
 3378  4411
 3386  4479
 3388  4479
 3389  4487
 3391  4473
 3394  4414
 3396  4420
 3400  4386
 3403  4430
 3406  4406
 3407  4505
 3412  4500
 3420  4439
 3426  4504
 3430  4435
 3439  4455
 3442  4545
 3478  4503
 3491  4511
 3494  4507
 3499  4540
 3503  4531
 3510  4539
 3516  4553
 3528  4554
 3532  4541
 3535  4546
 3537  4557
 3540  4562
 3543  4575
 3547  4566
 3550  4570
 3551  4565
 3563  4585
 3569  4612
 3571  4607
 3579  4605
 3582  4598
 3585  4610
 3586  4589
 3588  4617
 3592  4595
 3593  4606
 3596  4611
 3619  4665
 3626  4672
 3629  4663
 3633  4674
 3645  4689
 3646  4679
 3647  4687
 3655  4662
 3656  4680
 3663  4702
 3668  4778
 3671  4698
 3675  4694
 3678  4682
 3683  4725
 3687  4701
 3698  4706
 3701  9297
 3702  4761
 3705  4722
 3711  4727
 3713  4734
 3717  4740
 3720  4766
 3726  4713
 3727  4748
 3728  4786
 3730  4749
 3736  4756
 3740  4781
 3742  4744
 3743  4775
 3744  4784
 3746  4759
 3748  4780
 3760  4822
 3763  4774
 3764  4777
 3770  4796
 3773  4802
 3780   756
 3781  4812
 3783  4837
 3784  4801
 3786  4807
 3787  4810
 3794  4803
 3809  4835
 3810  4841
 3813  4820
 3814  4894
 3824  4903
 3828  4842
 3839  4846
 3846  4900
 3847  4889
 3854  4855
 3855  4909
 3860  4878
 3861 10656
 3863  4928
 3864  4906
 3866  4967
 3868  4855
 3871  4892
 3872  4932
 3883  4927
 3884  4943
 3886  4931
 3892  4938
 3901  4954
 3905  4960
 3910  4918
 3912 11027
 3919  4915
 3928  4925
 3933  4935
 3934  4983
 3936  4919
 3938  5000
 3939  4996
 3941  4947
 3944  4941
 3945  6279
 3947  5010
 3949  5019
 3956  4957
 3959  5021
 3964  4955
 3970  5050
 3976  5039
 3977  5028
 3978  5035
 3984  5048
 3990  5058
 3991  5064
 3994  5076
 3995  4995
 3997  5075
 4003  5094
 4004  5018
 4005  5085
 4006  5034
 4009  5088
 4015  5014
 4017  5113
 4019  5013
 4021  5154
 4022  5151
 4022 12443
 4025  5132
 4027  5132
 4028  5137
 4029  5036
 4031  5138
 4032  5031
 4034  5039
 4034  5141
 4037  5039
 4038  5046
 4040  5030
 4041  5045
 4044  5043
 4045  5057
 4047  5214
 4051  5144
 4054  5155
 4061  5175
 4063  5067
 4070  5040
 4073  5084
 4074  5066
 4075  5170
 4077  5194
 4083  5111
 4084  5118
 4085  5212
 4089  5213
 4091  5072
 4093  5217
 4096  5110
 4103  5105
 4106  5121
 4108  5222
 4111  5112
 4112  5062
 4113  5209
 4114  5115
 4115  5120
 4119  5136
 4123  5153
 4129  5166
 4130  5128
 4133  5148
 4134  5532
 4138  5145
 4142  5157
 4159  5158
 4160  5233
 4163  5168
 4170  5172
 4171  5152
 4179  5272
 4182  5189
 4190  5191
 4199  5300
 4215  5216
 4216  5268
 4220  5244
 4221  5236
 4228  5302
 4231  5293
 4232  5202
 4240  5257
 4242  5308
 4244  5282
 4247  5323
 4253  5304
 4254  5279
 4262  5310
 4271  5339
 4279  5309
 4280  5327
 4284  5318
 4288  5305
 4291  5319
 4294  5331
 4301  5344
 4303  5351
 4304  5341
 4305  5395
 4310  5348
 4314  5367
 4316  5384
 4317  5364
 4319  5300
 4321  5349
 4322  5350
 4323  5357
 4328  5359
 4332  5374
 4341  5368
 4343  5385
 4348  5384
 4350  5488
 4351  5400
 4354  5388
 4356  5399
 4357  5397
 4365  5413
 4366  5488
 4370  5436
 4371  5407
 4376  5412
 4381  5462
 4384  5456
 4387  5422
 4390  5442
 4391  5463
 4393  5420
 4397  5434
 4404  5421
 4407  5417
 4409  5495
 4413  5472
 4416  5427
 4422  5494
 4428  5445
 4432  5445
 4433  5467
 4434  5508
 4436  5500
 4439  5503
 4441  5503
 4444  5490
 4445  5497
 4446  5453
 4452  5455
 4459  5611
 4462  5511
 4477  5562
 4478  5594
 4487  5569
 4489  5561
 4494  5518
 4497  5519
 4499  5598
 4500  5516
 4501  5625
 4503  5535
 4504  5537
 4505  5601
 4506  5529
 4513  5515
 4514  5632
 4518  5620
 4520  5629
 4522  5621
 4528  5560
 4529  5668
 4530  5563
 4535  5546
 4538  5553
 4539  5565
 4540  5572
 4541  5573
 4544  5573
 4545  5570
 4552  5579
 4553  5586
 4554  5656
 4558  5578
 4561  5596
 4562  5673
 4564  5597
 4565  5627
 4565  5686
 4566  5566
 4568  5688
 4570  5695
 4579  5614
 4588  5716
 4600  5633
 4603  5635
 4608  5642
 4609  5631
 4611  5662
 4616  5725
 4621  5679
 4632  5692
 4634  5664
 4635  5666
 4642  5683
 4651  5680
 4652  3470
 4657  5696
 4658 15936
 4660  5691
 4662 11708
 4668  5699
 4672  5718
 4673  5702
 4674  5712
 4675  5714
 4683  5717
 4686  5736
 4687  5737
 4688  5753
 4694  5728
 4705  5735
 4707  5757
 4709  5733
 4710  5734
 4711  5741
 4715  5764
 4716  5752
 4720  5762
 4727  5774
 4729  5773
 4730  5776
 4739  5763
 4742  5825
 4745  5790
 4751  5791
 4755  5804
 4756  5778
 4757  5785
 4758  5786
 4761  5795
 4773  5809
 4782  5869
 4785  5835
 4788  5905
 4794  5811
 4797  5823
 4800  5877
 4801  5888
 4804  5826
 4810  5867
 4817  5836
 4820  5843
 4822  5879
 4824  5844
 4826  5884
 4829  5852
 4830  5851
 4831  5878
 4837  5860
 4839  5866
 4842  5903
 4847  5870
 4849  5965
 4852 10435
 4853 20246
 4861  5890
 4865  5881
 4874  5891
 4875  5892
 4878  5931
 4880  5908
 4881  5940
 4887  5901
 4888  5939
 4893  5930
 4900  6028
 4901  5912
 4902  5922
 4907  5923
 4908  5896
 4911  5928
 4913  5975
 4915  6028
 4917  5947
 4927  5973
 4928  5941
 4929  5943
 4932  5995
 4937  5950
 4938  5960
 4939  5982
 4947  5985
 4948  5952
 4954  5961
 4955  5966
 4956  5962
 4958  5984
 4961  6006
 4964  5974
 4968  6018
 4969  5981
 4972  5991
 4973  6008
 4976  5990
 4977  5977
 4980  6002
 4981  6030
 4982  6005
 4983  6023
 4984  6079
 4986  5992
 4988  6015
 4993  5994
 4995  6003
 4997  6012
 5003  6089
 5004  6037
 5006  6041
 5012  6078
 5014  6021
 5015  6019
 5016  6047
 5018  6020
 5024  6031
 5025  6043
 5029  6033
 5030  6042
 5033  6010
 5037  6086
 5040  6054
 5043  6077
 5044  6115
 5046  6071
 5048  6045
 5053  6115
 5055  6129
 5056  6126
 5057  6101
 5059  6105
 5061  6064
 5063  6103
 5067  6068
 5070  6059
 5071  6069
 5076  6063
 5077  6109
 5079  6084
 5080  6136
 5081  6152
 5090  6142
 5094  6139
 5096  6131
 5098  6090
 5104  6124
 5106  6146
 5107  6118
 5109  6164
 5110  6122
 5111  6102
 5112  6144
 5116  6166
 5117  6165
 5119  6128
 5121  6169
 5122  6112
 5123  6189
 5127  6132
 5129  6127
 5131  6123
 5132  6220
 5138  6116
 5141  6250
 5142  6148
 5143  6187
 5146  6228
 5148  6186
 5152  6232
 5153  6160
 5155  6155
 5157  6207
 5162  6184
 5164  6206
 5165  6140
 5166  6218
 5171  6218
 5174  6177
 5175  6200
 5176  6175
 5178  6267
 5179  6182
 5180  6180
 5184  6153
 5186  6205
 5187  6225
 5189  6202
 5190  6154
 5193  6226
 5196  6248
 5199  6298
 5201  6216
 5202  6256
 5204  6261
 5209  6245
 5210  6237
 5211  6176
 5216  6305
 5218  6293
 5219  6236
 5220  6263
 5222  6252
 5223  6311
 5224  6242
 5225  6271
 5226  6313
 5228  6294
 5229  6313
 5237  6288
 5238  6277
 5240  6198
 5243  6296
 5245  6308
 5246  6229
 5252  6274
 5254  6259
 5256  6262
 5258  6227
 5259  6221
 5260  6326
 5262  6304
 5263  6335
 5266  6230
 5267  6341
 5269  6316
 5270  6233
 5273  6248
 5275  6246
 5277  6276
 5279  6312
 5280  6327
 5282  6322
 5284  6372
 5290  6377
 5292  6266
 5293  6331
 5294  6324
 5296  6283
 5297  6371
 5299  6316
 5302  6392
 5304  6330
 5312  6383
 5313  6332
 5314  6401
 5315  6355
 5320  6315
 5322  6337
 5324  6357
 5326  6399
 5328  6360
 5333  6348
 5337  6329
 5339  6416
 5342  6369
 5344  6419
 5353  6351
 5358 11240
 5359  6396
 5361  6358
 5364  6390
 5366  6400
 5367  6428
 5371  6438
 5374  6406
 5375  6402
 5377  6402
 5380  6417
 5382  6389
 5384  6413
 5385  6418
 5386  6412
 5388  6407
 5390  6433
 5393  6469
 5396  6469
 5397  6430
 5398  6474
 5410  6456
 5414  6448
 5417  6473
 5421  6476
 5425  6480
 5426  6481
 5430  6493
 5433  6510
 5439  6505
 5445  6519
 5452  3967
 5457  6532
 5460  6530
 5465  8989
 5468  6536
 5471  6539
 5474  6540
 5475   397
 5477  6543
 5479  6575
 5487  6581
 5488  6589
 5490  6548
 5493  6593
 5495  6554
 5496  6551
 5502  6613
 5505  6574
 5512  6608
 5515  6565
 5516  6563
 5518  6613
 5519  6567
 5521  6618
 5524  6566
 5525  6576
 5534  6583
 5536  6614
 5541  6591
 5544  6652
 5545  6603
 5549  6602
 5553  6629
 5556  6604
 5559  6605
 5560  6659
 5561  6619
 5564  6677
 5568  6609
 5569  6636
 5572  6664
 5574  6673
 5578  6631
 5580  6639
 5581  6632
 5582  6696
 5584  6637
 5586  6681
 5587  6640
 5591  6663
 5592  6642
 5593  6643
 5594  6650
 5595  6660
 5599  6658
 5601  6678
 5605  6655
 5606  6661
 5607  6654
 5608  6657
 5609  6666
 5612  6671
 5617  6667
 5619  6676
 5620  6685
 5622  3366
 5626  6735
 5632  6725
 5633  6701
 5635  6714
 5637  6695
 5639  6693
 5643  6708
 5644  6704
 5646  6728
 5647  6709
 5648  6712
 5651  6714
 5654  6706
 5655  6723
 5656  6722
 5658  6733
 5659  6743
 5662  6740
 5664  6738
 5670  6721
 5671  6742
 5672  6752
 5673  6726
 5674  6749
 5682  6760
 5684  6758
 5685  6808
 5686  6794
 5687  6731
 5688  6793
 5689  6758
 5693  6734
 5695  6747
 5697  6770
 5700  6772
 5702  6741
 5706  6739
 5708  6744
 5712  6755
 5713  6778
 5714  6750
 5717  6792
 5719  6780
 5720  6783
 5723  6813
 5724  6759
 5726  6792
 5727  6786
 5728  6784
 5730  6797
 5738  6805
 5740  6781
 5745  6815
 5747  6821
 5751  6816
 5757  6776
 5759  6826
 5763  6812
 5764  6788
 5767  6825
 5768  6836
 5771  6840
 5772  6782
 5773  6839
 5778  6848
 5781  6851
 5785  6855
 5790  6859
 5793  6860
 5794 12241
 5795  6869
 5796  6864
 5797  6865
 5799  6883
 5801  6894
 5802  6817
 5806  6873
 5807  6828
 5807  6831
 5809  6829
 5810  6884
 5811  6908
 5812  6876
 5814  6834
 5815  6886
 5816  6890
 5818  6837
 5819  6901
 5822  6890
 5824  6893
 5825  6885
 5827  6895
 5828  8361
 5828  9084
 5830  6905
 5831  6892
 5839  6906
 5841  6900
 5843  6854
 5845  6857
 5847  6912
 5848  6861
 5852  6910
 5853  6913
 5855  6914
 5860  6917
 5862  6870
 5863  6881
 5865  6920
 5869  6923
 5870  6874
 5871  6931
 5875  6896
 5877  6928
 5878  6891
 5882  6887
 5883  6933
 5885  6898
 5886  6935
 5889  6938
 5891  6940
 5892  6921
 5893  6943
 5895  7004
 5901  6948
 5902  6929
 5903  6953
 5908  6972
 5909  6967
 5910  6924
 5913  6971
 5914  6927
 5918  6980
 5919  6979
 5919  6982
 5920  6977
 5926  6983
 5927  6986
 5930  6944
 5933  6992
 5935  6956
 5936  6995
 5937  6996
 5940  6998
 5944  7001
 5946  7002
 5951  7008
 5953  6964
 5954  7019
 5955  6978
 5959  6989
 5961  7011
 5963  7029
 5964  7018
 5965  7021
 5966  7020
 5968  7023
 5970  7026
 5971  7015
 5972  7017
 5973  6984
 5974  7057
 5977  7024
 5978  7022
 5984  7040
 5987  7043
 5991  7046
 5993  7053
 5996  6999
 5999  7048
 6000  7007
 6002  7062
 6005  7039
 6007  7012
 6009  7033
 6010  7041
 6011  7070
 6012  7009
 6013  7078
 6018  7080
 6020  7099
 6025  7103
 6030  7095
 6032  7079
 6033  7037
 6037  7106
 6038  7088
 6039  7055
 6046  7061
 6047  7049
 6048  7114
 6049  7074
 6050  7066
 6051  7059
 6054  7117
 6055  7068
 6056  7083
 6057  7067
 6058  7122
 6059  7077
 6062  7092
 6066  7144
 6067  7089
 6068  7135
 6081  7104
 6087  7102
 6092  7141
 6100  7154
 6108  7142
 6110  7134
 6117  7153
 6127  7182
 6132  7152
 6134  7183
 6135  7149
 6136  7150
 6138  7225
 6139  7163
 6141  7151
 6143  7160
 6145  7159
 6147  7161
 6152  7168
 6155  7210
 6157 18092
 6159  7204
 6163  7215
 6165  7216
 6167  7221
 6172  7249
 6176  7190
 6177  7184
 6178  7230
 6181  7187
 6183  7179
 6191  7200
 6196  7205
 6198  8212
 6201  7218
 6202  7264
 6203  7258
 6204  7259
 6207  7267
 6209  7232
 6212  7268
 6217  7242
 6218  7271
 6222  7227
 6223  7276
 6233  7285
 6234  7330
 6235  7236
 6237  7296
 6238  7253
 6239  7304
 6241  7277
 6246  7325
 6250  7284
 6251  7289
 6252  7266
 6253  7290
 6257  7297
 6259  7295
 6260  7298
 6261  7272
 6262  7298
 6264  7279
 6270  7301
 6272  7371
 6273  7329
 6275  7313
 6276  7315
 6278  7372
 6282  7281
 6284  7305
 6287  7310
 6288  7336
 6290  7322
 6291  7340
 6297  7318
 6299  7314
 6303  7395
 6305  7463
 6309  7411
 6313  7347
 6315  7446
 6318  7380
 6320  7362
 6321  7350
 6322  7311
 6323  7356
 6324  7342
 6329  7452
 6331  7367
 6332  7370
 6333  7400
 6336  7386
 6337  7391
 6342  7382
 6344  7430
 6345  7415
 6346  7426
 6348  7393
 6349  7363
 6352  7422
 6354  7382
 6359  7429
 6364  7383
 6365  7418
 6367  7414
 6368  7469
 6371  7455
 6374  7387
 6375  7416
 6376  7420
 6380  7402
 6387  7462
 6388  7437
 6391  7436
 6392  7412
 6393  7450
 6394  7410
 6398  7458
 6400  7448
 6401  7463
 6403  7459
 6410  7453
 6411  7419
 6413  7460
 6415  7473
 6419  7476
 6420  7448
 6423  7483
 6426  7545
 6427  7358
 6428  7486
 6431  9905
 6432  7490
 6433  7453
 6435  7335
 6436  7461
 6438  7500
 6439  7497
 6441  7509
 6448  7495
 6449  7429
 6450  7476
 6451  7492
 6451  7508
 6452  7511
 6455  7513
 6457  7516
 6459  7521
 6460  7438
 6464  7527
 6465  7533
 6467  7506
 6474  7484
 6482  7544
 6483  7539
 6484  7538
 6485  7546
 6488  7541
 6489  7524
 6491  7489
 6492  7502
 6493  7547
 6498  7567
 6499  7567
 6500  7535
 6502  7572
 6505  7570
 6507  7550
 6511  7575
 6514  7558
 6515  7518
 6522  7562
 6523  7634
 6524  7591
 6528  7523
 6529  7565
 6531  7554
 6534  7603
 6544  7564
 6548  7607
 6549  7581
 6554  7608
 6557  7615
 6563  7632
 6564  7617
 6565  7636
 6571  7643
 6572  7626
 6579  7622
 6584  7613
 6589  7616
 6592  7623
 6593  7621
 6594  7624
 6598  7655
 6601  7658
 6612  7680
 6616  7682
 6620  7652
 6621  7698
 6623  7685
 6624  7714
 6627  7703
 6628  7710
 6629  7660
 6634  7668
 6635  7720
 6636  7727
 6637  7704
 6641  7677
 6643  7678
 6648  7681
 6649  7684
 6652  7668
 6654  7695
 6656  7691
 6659  7738
 6661  1762
 6666  7668
 6670  7730
 6682  7721
 6683  7756
 6684  7660
 6689  7715
 6693  7768
 6694  7731
 6696  7684
 6703  7745
 6710  7774
 6723  7788
 6727  7780
 6731  7771
 6742  7808
 6744  7790
 6748  7796
 6751  7813
 6755  7823
 6756  7820
 6762  7816
 6769  7829
 6770  7832
 6772  7765
 6773  7821
 6775 10927
 6777  7798
 6779  7829
 6791  7776
 6792  7840
 6795  7844
 6796  7776
 6805  7776
 6807  7855
 6811  7845
 6813  7792
 6821  7858
 6822  7800
 6827  7867
 6830  7869
 6831  7809
 6832  7868
 6833  7866
 6837  7881
 6840  7888
 6844  7887
 6846  7888
 6846  7892
 6850  7884
 6855  7879
 6856  7845
 6857  7846
 6859  7922
 6860  7886
 6861  7895
 6863  7896
 6864  7891
 6865  7885
 6870  7903
 6874  8225
 6875  7904
 6883  7911
 6886  7909
 6889  7854
 6891  7913
 6895  7952
 6900  8008
 6903  7925
 6905  7923
 6909  7873
 6910  7918
 6914  8737
 6918  7931
 6924  7933
 6927  7939
 6928  7940
 6930  7937
 6931  7938
 6933  7957
 6937  7916
 6940  7951
 6941  7904
 6944  7963
 6945  7922
 6948  7959
 6972  7980
 6973  7990
 6974  7993
 6976  7496
 6976  7999
 6977  8003
 6978  8001
 6979  7991
 6982  8002
 6984  8018
 6987 11138
 6995  8058
 6997  8011
 7000  7969
 7002  8038
 7005  8027
 7010  7997
 7014  8038
 7023  8039
 7025  7771
 7025  7935
 7027  8040
 7028  8035
 7033  8034
 7036  8029
 7038  8047
 7040  8041
 7045  8055
 7050  8207
 7052  8083
 7053  8060
 7055  8068
 7059  8070
 7064  8096
 7066  8086
 7071  7996
 7072  9702
 7079 18487
 7080  8105
 7082  8095
 7083  8010
 7087  8082
 7090  8007
 7093  8109
 7096  8116
 7097  8106
 7098  8225
 7099  8092
 7100  8102
 7104  8103
 7106  8114
 7107  8022
 7108  8063
 7109  7996
 7110  8104
 7121  8121
 7122  8127
 7123  8126
 7125  8225
 7126  8135
 7131  8119
 7132  8037
 7138  8151
 7143  8137
 7145  8125
 7148  8168
 7149  8071
 7149  8099
 7155  8148
 7164  8037
 7167  8139
 7171  8160
 7172  8159
 7173  8150
 7176  8158
 7177  8169
 7182  8175
 7186  8275
 7187  8198
 7190  8182
 7191  8185
 7199  8189
 7201  8201
 7211  8117
 7212  8196
 7215  8214
 7216  8192
 7219  8140
 7220  8199
 7221  8200
 7227  8209
 7230  8211
 7235  8174
 7237  8224
 7238  8231
 7240  8222
 7245  8220
 7247  8230
 7248  8221
 7249  8234
 7252  8235
 7254  8099
 7257  8237
 7258  8236
 7263  8258
 7265  8243
 7270  8252
 7275  8262
 7276  8253
 7277  8255
 7279  8263
 7280  8260
 7281  8267
 7282  8283
 7283  8203
 7284  8273
 7285  8271
 7288  8269
 7289  8287
 7290  8256
 7291  8239
 7292  8280
 7293  8207
 7295  8289
 7298  8306
 7299  8259
 7308  8304
 7310  8308
 7313  8314
 7315  8313
 7316  8311
 7319  8309
 7321  8318
 7322  8305
 7323  8310
 7326  8302
 7327  8312
 7329  8315
 7333  8240
 7335  8326
 7336  9702
 7337  8246
 7338  8337
 7339  8245
 7341 16856
 7344  8332
 7349  8329
 7350  8285
 7351  8345
 7356  8344
 7360  8270
 7361  8360
 7362  8346
 7363  8351
 7364  8347
 7365  8364
 7366  8285
 7367  8353
 7368  8354
 7371  8327
 7373  8357
 7374  8363
 7377  8272
 7379  8295
 7385  8383
 7388  8380
 7391  8296
 7394  8387
 7402  8302
 7403  8413
 7404  8408
 7408  8400
 7417  8404
 7418  8401
 7420  8409
 7423  8349
 7424  8397
 7425  8420
 7426  8434
 7427  8392
 7430  8419
 7433  8358
 7440  8954
 7449  8338
 7456  8440
 7460  8435
 7462  8424
 7463  8442
 7464  8426
 7468  8455
 7472  8411
 7476  8462
 7477  8467
 7480  8472
 7481  8398
 7483  8391
 7486  8474
 7487  8452
 7490  8403
 7496  8412
 7498  8429
 7499  8475
 7500  8494
 7505  8417
 7506  8490
 7526  8507
 7527  8497
 7528  8496
 7532  8953
 7534  8505
 7536  8513
 7538 17846
 7541  8488
 7544  8457
 7546  8519
 7547  8463
 7548  8525
 7549  8521
 7549  8553
 7550  8460
 7551  8459
 7555  8541
 7556  8468
 7560  8539
 7562  8549
 7564  8553
 7564 12931
 7568  8545
 7570  8479
 7572  8489
 7576  8591
 7577  8551
 7578  8559
 7579  8574
 7582  8575
 7584  8586
 7585  8585
 7594  8633
 7599  8599
 7603  8600
 7605  9713
 7608  8598
 7613  8628
 7619  8636
 7623  8624
 7625  8618
 7627  8632
 7631  8637
 7632  8608
 7633  8910
 7636  8642
 7638  8565
 7639  8615
 7640  8639
 7650  8645
 7659  8651
 7662  8667
 7664  8650
 7671  8683
 7679  8661
 7683  8666
 7694  8648
 7702  8570
 7704  8672
 7706  8631
 7712  8687
 7713  8690
 7715  8708
 7716  8675
 7729  8701
 7730  8705
 7731  8711
 7732  8556
 7746  8627
 7749  8714
 7753  8727
 7755  8733
 7760  8715
 7766  8726
 7769  8728
 7772  8729
 7773  8721
 7775  8735
 7776  8737
 7778  8749
 7782  8738
 7783  8709
 7785  8725
 7787  8745
 7788  8754
 7791  8678
 7795  8751
 7797  8762
 7800  8760
 7801  8793
 7805  8734
 7808  8777
 7813  8771
 7816  8774
 7821  8779
 7825  8723
 7826  8785
 7827  8786
 7832  8776
 7836  8804
 7837  8778
 7838  8800
 7847  8811
 7849  8822
 7850  8812
 7855  8753
 7856  8766
 7864  8803
 7866  8829
 7871  8837
 7875  8843
 7878  8766
 7883  8839
 7885  8847
 7889  8838
 7890  8840
 7899  8847
 7900  8850
 7901  8855
 7902  8827
 7904  8864
 7909  8864
 7911  8856
 7916  8858
 7919  8861
 7921  8796
 7922  8806
 7926  8865
 7934  8881
 7937  8825
 7938  8878
 7941  8873
 7943  8880
 7949  8888
 7953  8887
 7959  8891
 7960  8884
 7964  8899
 7965  7802
 7977  8927
 7979  8908
 7980  8846
 7984  8934
 7987  8928
 7991  8863
 7994  8987
 7995  8950
 7999  8879
 8004  8980
 8005  8996
 8006  8894
 8010  8997
 8014  9155
 8015  8990
 8023  9007
 8024  8225
 8025  9003
 8026  9005
 8030  9022
 8031  9018
 8034  9019
 8037  8916
 8040  9042
 8042  9015
 8047  9040
 8051  9055
 8053  9036
 8057  8983
 8059  9038
 8061  8957
 8063  8979
 8063  8983
 8064  8946
 8065  8944
 8067  9048
 8068  8984
 8069  9034
 8071  9049
 8078  8948
 8079  9058
 8081  8971
 8084  9066
 8086  8960
 8092  8989
 8094  7734
 8095  9103
 8096  8900
 8098  9088
 8099  9090
 8102  9000
 8105  9016
 8107  9025
 8108  8988
 8113  9091
 8117  9014
 8118  9033
 8122  9032
 8125  9095
 8129  9062
 8145  9052
 8145  9054
 8146  9109
 8149  9052
 8149  9054
 8150  9114
 8152  9070
 8155  9113
 8163  9121
 8164  9086
 8166  9122
 8168  9138
 8170  9094
 8173  9094
 8180  9098
 8181  9129
 8183  9148
 8186  9105
 8187  9098
 8189 12931
 8192  9148
 8195  9092
 8202  9154
 8203  9124
 8206  9112
 8209  9170
 8219  8955
 8221  9175
 8226   104
 8227  9194
 8228  9146
 8229  6394
 8231  9177
 8232  9193
 8233  9074
 8237  9185
 8238  9191
 8239  9204
 8240  9136
 8247  9149
 8249  9149
 8254  9209
 8258  9162
 8261  9226
 8265  9223
 8266  9181
 8267  9176
 8270  9179
 8271  9224
 8280  9235
 8281  9238
 8284  9245
 8289  9251
 8290  9239
 8296  9196
 8296  9198
 8312  9279
 8319  9282
 8321  9283
 8323  9299
 8327  9286
 8328  9280
 8334  9213
 8336  9298
 8345  9304
 8352  9236
 8353  9317
 8359  9267
 8363  9250
 8365  9254
 8370  9322
 8371  9267
 8375  9272
 8376  9316
 8377  9315
 8383  9314
 8384  8673
 8386  8952
 8387  9277
 8389  9318
 8394  9338
 8397  9342
 8400  9287
 8405  9351
 8407  9727
 8412  9357
 8414  9302
 8418  9375
 8420  9372
 8421  9370
 8422  9371
 8426  9369
 8430  9400
 8433  9376
 8436  9394
 8442  9396
 8444  9389
 8453  9505
 8454  9405
 8455  9384
 8456  9359
 8457  9412
 8459  9408
 8461  9406
 8466  9391
 8474  9423
 8475  9422
 8476  9425
 8481  8424
 8482  9415
 8483  9430
 8484  9432
 8485  9442
 8487  9439
 8489   353
 8490  9438
 8495  9436
 8500  9470
 8504  9458
 8506  9454
 8509  9459
 8510  9437
 8512  9441
 8514  8955
 8521  9467
 8522  9475
 8523  9472
 8524  9381
 8525  9461
 8526  9471
 8529  9473
 8530  9485
 8536  9492
 8537  9409
 8540  9484
 8541  9493
 8542  9494
 8547  9495
 8552  9453
 8556  9517
 8557  9490
 8566  9465
 8569  9464
 8570  9481
 8575  9522
 8581  9486
 8583  9508
 8592  9628
 8594  9534
 8597  9535
 8598  9497
 8623  9559
 8624  9554
 8630  9573
 8633  9563
 8634  9542
 8639  9576
 8640  9485
 8641  9568
 8643  9514
 8646  9567
 8651  9505
 8653  9569
 8654  9270
 8655  9548
 8656  9574
 8657  9536
 8659  9582
 8660  9586
 8661  9549
 8662  9589
 8668  9585
 8671  9561
 8674  9591
 8681  9579
 8684 11822
 8687  9592
 8694   778
 8698  9614
 8700  9599
 8704  9608
 8707  9612
 8718  9622
 8731  9634
 8735  2667
 8736  9698
 8737  9636
 8738  9603
 8742  9641
 8743  9635
 8745  9613
 8748  9647
 8749  9643
 8751  9644
 8754  9620
 8755  9651
 8758  9619
 8760  9659
 8761  9649
 8762  9640
 8763  9654
 8778  9660
 8787  9674
 8792  9680
 8796  9801
 8802  9652
 8805  9687
 8810  9199
 8830  9698
 8831  6348
 8833  9712
 8834  9666
 8836  9668
 8838  9719
 8840  9794
 8843  9697
 8846  9728
 8849  9703
 8851  5157
 8852 11838
 8853  9716
 8854  9670
 8855  9733
 8856  9736
 8857  9737
 8858  9584
 8860  9730
 8872  9684
 8873  9735
 8877  9689
 8879 19590
 8882   994
 8885  9700
 8886  9750
 8888  9702
 8891  9722
 8892  9708
 8894  9709
 8898  9765
 8899  9760
 8902  9702
 8911  9772
 8914  9723
 8919  9776
 8923  9777
 8928  9749
 8930  9756
 8936  9790
 8938  9739
 8939  9794
 8943  9792
 8946  8425
 8961  9810
 8966  9811
 8970  9817
 8979  9816
 8990  9788
 8991  9796
 8992  9837
 8996  9793
 9005  9793
 9007  9836
 9008  9799
 9013  9788
 9028  9848
 9033  9805
 9037  9856
 9038  9841
 9043  9861
 9046  9866
 9050  9867
 9051  9850
 9056  9870
 9058  9873
 9059  9869
 9066  9880
 9067  9844
 9069  9879
 9072  9843
 9073  9890
 9077  9889
 9080  9852
 9082  9895
 9084  9865
 9086  9876
 9087  9905
 9094  9884
 9100  9888
 9103  9877
 9104  9882
 9106  9883
 9107  9933
 9108  9886
 9117  9892
 9122  9951
 9124  9950
 9125  9891
 9129  9920
 9132  9896
 9135  9918
 9136  9900
 9138  9906
 9140  9910
 9142 10001
 9143  9980
 9144  9941
 9146 10004
 9148  9914
 9153  9917
 9154 10020
 9155  9924
 9156 10018
 9158 10022
 9163  9922
 9168  9921
 9169  9935
 9172  9932
 9175  9942
 9177  9930
 9178  9936
 9184  9944
 9186  9937
 9187  9958
 9188  9947
 9189  9961
 9190  9956
 9191  9961
 9192  9957
 9193  9967
 9195  9927
 9196  9965
 9200 10032
 9202  9969
 9206  9979
 9207  9993
 9211  9986
 9215  9973
 9219  9960
 9224  9992
 9227  9989
 9230 10003
 9232 10019
 9234 10008
 9235 10002
 9237 10017
 9238  9974
 9239  9977
 9241  9984
 9242 10037
 9249 10035
 9250 10015
 9253 10014
 9255  9999
 9257 10028
 9262 10033
 9262 10045
 9270 10042
 9274 10045
 9276 10075
 9283 10049
 9283 10077
 9284 10040
 9286 10052
 9288 10055
 9289 10056
 9292 10040
 9295 10074
 9296 10069
 9298 10077
 9299 10060
 9302 10054
 9309 10049
 9309 10077
 9311 10084
 9312 10079
 9314 10091
 9318 10089
 9319 10098
 9320 10096
 9322 10103
 9323 10106
 9325 10065
 9327 10127
 9330 10082
 9332 10066
 9334 10080
 9335 10115
 9338 10085
 9342 10083
 9343 10081
 9345 10132
 9346  9577
 9349 10100
 9350 10099
 9352 10118
 9355 10117
 9357 10101
 9358 10112
 9367 10102
 9368 10114
 9371 10141
 9375 10109
 9376 10154
 9378 10116
 9380 10154
 9385 10144
 9389 10133
 9390 10158
 9394 10134
 9395 10135
 9396 10176
 9400 10164
 9401 10165
 9409 10155
 9411 10173
 9415 10161
 9417 10163
 9419 10187
 9425 10172
 9426 10199
 9428 10177
 9429 10179
 9432 10185
 9433 10178
 9434 10180
 9436 10186
 9438 10183
 9439 10208
 9440 10190
 9444 10210
 9449 10196
 9452 10215
 9456 10204
 9458 10170
 9461 10225
 9462 10218
 9463 10219
 9469 10227
 9474 10224
 9475 10220
 9479 10221
 9481 10223
 9483 10227
 9488 10246
 9491 10245
 9494 10233
 9499 10228
 9507 10239
 9510 10242
 9513 10244
 9514 10243
 9516 10259
 9519 10256
 9521 10252
 9525 10266
 9526 10269
 9528 10271
 9530 10260
 9532 10262
 9536 10281
 9537 10265
 9539 10263
 9540 10286
 9541 10287
 9548 10283
 9551 10282
 9555 10292
 9559 10293
 9560 10301
 9561 10288
 9563 10309
 9564 10295
 9567 10294
 9569 10297
 9573 10326
 9577 10303
 9578 10307
 9579 10300
 9584 10304
 9587 10317
 9590 10312
 9591 10319
 9593 10332
 9596 10335
 9598 10337
 9599 10321
 9602 10330
 9604 10327
 9609 10348
 9613 10363
 9615 10339
 9617 10338
 9618 10356
 9620 10344
 9621 10359
 9627 10351
 9631 10367
 9632 10368
 9633 10366
 9634 10362
 9637 10357
 9643 10360
 9647 10361
 9649 10370
 9652 10372
 9656 10385
 9658 10389
 9659 10390
 9661 10393
 9662 10391
 9663 10386
 9667 10380
 9668 10399
 9670 10383
 9671 10384
 9672 10384
 9673 10402
 9674 10388
 9675 10408
 9677 10407
 9678 10411
 9680 10403
 9685 10401
 9686 10405
 9687 10416
 9690 10404
 9694 10412
 9695 10415
 9699 10418
 9700 10431
 9704 10436
 9705 10440
 9706 10434
 9707 10419
 9709 10442
 9711 10455
 9712 10434
 9713 10422
 9715 10452
 9719 10449
 9720 10428
 9722 10447
 9723 10451
 9724  7015
 9724 10452
 9729 10439
 9730 10450
 9731 10460
 9733 10437
 9735 10462
 9740 10458
 9741 10457
 9744 10471
 9747 10429
 9749 10469
 9753 10474
 9755 10461
 9758 10477
 9759 10468
 9760 10466
 9763 10487
 9764 10487
 9766 10473
 9768 10500
 9769 10484
 9772 10479
 9774 10485
 9776 10476
 9778 10493
 9779 10480
 9780 10502
 9782 10490
 9783 10486
 9784 10497
 9785 10491
 9791 10509
 9794 10498
 9795 10503
 9797 10504
 9798 10499
 9801 10508
 9802 10507
 9805 10510
 9808 10512
 9812 10520
 9813 10516
 9814 10513
 9816 10536
 9818 10534
 9822 10544
 9823 10535
 9824 10531
 9826 10518
 9828 10534
 9831 10522
 9834 10529
 9835 10523
 9837  7122
 9840 10528
 9845 10542
 9848 10537
 9852 10547
 9854 10557
 9855 10558
 9856 10561
 9857 10540
 9859 10527
 9860 10553
 9862 10563
 9865 10552
 9870 10554
 9872 10572
 9874 10562
 9878 10567
 9880 10602
 9886 10592
 9888 10577
 9890 10582
 9892 10590
 9897 10591
 9900 10602
 9901 10587
 9906 10598
 9908 10610
 9910 10597
 9913 10618
 9914 10595
 9917 10605
 9920 10606
 9921 10624
 9922 10621
 9927 10617
 9928 10619
 9930 10630
 9933 10654
 9935 10625
 9939 10650
 9944 10652
 9945 10653
 9946 10655
 9947 10647
 9949 10632
 9951 10648
 9952 10642
 9954 10644
 9955 10650
 9957 10656
 9958 10635
 9962 10661
 9963 10659
 9965  8908
 9967 10674
 9969 10649
 9971 10675
 9976 10664
 9979 10676
 9982 10682
 9984 10672
 9988 10691
 9989 10678
 9993 10693
 9995 10699
10000 10690
10002 10702
10008 10711
10008 14763
10011 10703
10021 10730
10023 10736
10028 10713
10029 10709
10034 10716
10035 10732
10042 10746
10047 10718
10048  6772
10049 10739
10053 10722
10059 10728
10061 10744
10062 10758
10063 10763
10064 10737
10065 10765
10068 10743
10069 10750
10070 10752
10073 10745
10075 10761
10077 10766
10080 10756
10083 10776
10086 10775
10087 10770
10088 16746
10092 10778
10093 10785
10094 10755
10095 10774
10098 10783
10102 10789
10103 10791
10104 10783
10107 10796
10108 10782
10111 10787
10113 10807
10118 10790
10119 10805
10122 10793
10123 10801
10127 10804
10128 10810
10132 10809
10134 10819
10136 10825
10138 14592
10140 10824
10141 17702
10143 10821
10145 10829
10146 10806
10147 10827
10148 10816
10149 10836
10150 10852
10152 10823
10158 10824
10159 10839
10160 10820
10162 10828
10166 10845
10166 15288
10181 10853
10183 10854
10184 10856
10186 10838
10189 10859
10190 10865
10191 10830
10197 10868
10201 10869
10204 10874
10208 10879
10211 10885
10214 10878
10216 10888
10226 10892
10227 10906
10228 10905
10229 10882
10232 10909
10234 10907
10236 10899
10238 10903
10239 10904
10241 10916
10242 10912
10243 10902
10244 10978
10246 10893
10249 10919
10251 10913
10255 10928
10258 10933
10259 10925
10261 10958
10265 10925
10266 10932
10267 10931
10269 10930
10271 10934
10272 10954
10273 10946
10277 10929
10280 10941
10283 10948
10286 10959
10287 10950
10293 10970
10294 10958
10295 10974
10296 10973
10298 10984
10299 10986
10300 10979
10306 10976
10308 10982
10309 10981
10311 10996
10312 10987
10315 10995
10320 11000
10324 11003
10325 10993
10328 10998
10332 11004
10335 11014
10337 11008
10342 11019
10343 11021
10344 11013
10345 11020
10346 11020
10347 11021
10349 11023
10350 11027
10352 11024
10354 11024
10358 11034
10368 11036
10370 11045
10372 11049
10374 11043
10376 11042
10377 11047
10378 11050
10381 11051
10382 11055
10385 11052
10386 11054
10388 11058
10389 11063
10391 11057
10393 11069
10394 11065
10396 11064
10401 11062
10402 11077
10405 11071
10408 11074
10415 11086
10416 11083
10419 11082
10420 11090
10422 11085
10423 11090
10425 11089
10432 11102
10434 11096
10435 11095
10440 11098
10446 11107
10448 11105
10453 11110
10454 11112
10459 11118
10474 11126
10481 11144
10487 11131
10489 11139
10492 11137
10496 11142
10497 11146
10504 11147
10509 11159
10512 11158
10523 11168
10526 11173
10529 11174
10530 11179
10533 11178
10538 11184
10539 11186
10544 11187
10547 11193
10550 11194
10551 11199
10554 11216
10563  6254
10567 11213
10571 11208
10575 11215
10577 11228
10583 11229
10584 11227
10586 11225
10588 11230
10589 11234
10590 11232
10592 11231
10593 11236
10594 11239
10598 11245
10600 11242
10605 11248
10607 11250
10610 11249
10614 11258
10615 11251
10617 11255
10625 11267
10626 11264
10629 11270
10630 11272
10634 11284
10635 11283
10637 11285
10645 11289
10646 11290
10647 11287
10653 11298
10654 11299
10657 11302
10662 11304
10665 11305
10666 11306
10673 11314
10674 11313
10675 11315
10677 11320
10681 11323
10686 11331
10690 11335
10693 11340
10694 11350
10695 11352
10696 11353
10697 11357
10698 11358
10699 11363
10700 11363
10701 11362
10708 11379
10712 11386
10713 11390
10714 11394
10715 11391
10716 11389
10719 11344
10727 11415
10729 11416
10730 11419
10735 11426
10737 11422
10739 11425
10745 11435
10749 11438
10753 11448
10756 11447
10758 11452
10761 11451
10763 11456
10764 11457
10767 11460
10770 11455
10773 11463
10775 11467
10777 11461
10778 11469
10779 11464
10780 11478
10783 11471
10785 11470
10790 11473
10795 16183
10797 14272
10798 11490
10799 11488
10806 11501
10807 11506
10808 11502
10809 11503
10813 11507
10814 11514
10816 11512
10817 11511
10822 11520
10824 11519
10825 11523
10828 11525
10832 11532
10833 11537
10834 11535
10836 11531
10837 11534
10839 11540
10840 11538
10844 11542
10846 11545
10847 11543
10852 11571
10853 11547
10858 11555
10859 11551
10862 11560
10863 11554
10865 11559
10866 11553
10867 11568
10868 11558
10871 11567
10873 11563
10875 11574
10877 11577
10878 11564
10880 11579
10882 11581
10883 11566
10884 11588
10889 11582
10890 11592
10891 11589
10896 11596
10904 11608
10906 11604
10907 11614
10908 11609
10910 11616
10911 11612
10912 11605
10914 11612
10919 11623
10921 11620
10924 18958
10925 11622
10926 11617
10928 11625
10930 11630
10938 11637
10939 11641
10942 11635
10944 11642
10946 11221
10948 11647
10949 11649
10951 11650
10953 11644
10958 11657
10962 11665
10963 11668
10964 11658
10966 11670
10967 11666
10969 11674
10970 11676
10971 11658
10975 11677
10976 11678
10982 11680
10983 11684
10984 11682
10985 11685
10986 11679
10987 11676
10988 11688
10990 11687
10993 11690
10996 11691
10997 11692
10999 11701
11002 11693
11004 11698
11017 11712
11019 11721
11020 11695
11023 11719
11024 11709
11027 11723
11033 11718
11034 11725
11041 11740
11042 11733
11043 11727
11044 11735
11045 11738
11047 11739
11053 11749
11054 11741
11057 11745
11061 11748
11066 11753
11067 11760
11083 11771
11084 11776
11087 11779
11093 11775
11094 11786
11096 11780
11100 11783
11101 11789
11107 11799
11108 11803
11110 11798
11117 11807
11118 11814
11119 11802
11120 11810
11121 11804
11125  3625
11130 11812
11131 11813
11138 11818
11142 11826
11143 11822
11152 11851
11153 12092
11155 11856
11165 11849
11168 11863
11176 11900
11177 11860
11180 11873
11188 11877
11194 14272
11197 11880
11198 11867
11199 11885
11200 11879
11201 11866
11205 11884
11206 11886
11209 11893
11212 11889
11214 11897
11215 11902
11216 11892
11218 11894
11222 11904
11224 11906
11228 11905
11229 11907
11232 11819
11233 11913
11236 11916
11243 11925
11247 11924
11248 11922
11251 11931
11253 11932
11254 11934
11256 11928
11259 11937
11261 11938
11272 11948
11274 11949
11275 11954
11277 11951
11278 11943
11279 11956
11281 11964
11285 11962
11291 11967
11293 11961
11297 11966
11304 11980
11306 11988
11307 11976
11310 11996
11311 11989
11312 11991
11317 11995
11322 11999
11326 12017
11327 12010
11331 12027
11335 12019
11339 12019
11341 12025
11345 12028
11349 12035
11350 12032
11351 11974
11355 12029
11357 12027
11365 12048
11367 12046
11368 12040
11370 12053
11371 12059
11372 12060
11373 12038
11377 12071
11379 12067
11383 11803
11384 12082
11390 12084
11391 12089
11392 12052
11393 12079
11397 12088
11398 12085
11400 12077
11401 12104
11402 12065
11403 12061
11404 12068
11405 12074
11407 12102
11408 12092
11409 12108
11410 12080
11411 12112
11416 12111
11419 12113
11420 12115
11423 12100
11424 12120
11425 12109
11427 12137
11430 12107
11433 12105
11434 12097
11436 12141
11437 12149
11440 12114
11441 12125
11443 16580
11446 12132
11448 12150
11450 12162
11453 12154
11458 12140
11461 12148
11463 12144
11465 12147
11466 12142
11467 12156
11468 12140
11469 12144
11471 12157
11476 12151
11477 12143
11478 12163
11481 12183
11483 12158
11484 12174
11485 12167
11486 12194
11487 12168
11489  2375
11494  1267
11496 12193
11497 12171
11498 12179
11499 12195
11503 12197
11504  8463
11504 12172
11506 12189
11508 12185
11509 12180
11512 12177
11514 12181
11516 12216
11518 12191
11520 12227
11522  4044
11525 12203
11529 12221
11530 12192
11531 12229
11532 12215
11534 12231
11536 12212
11537 12209
11538 12237
11547 12251
11548 12232
11550 12224
11551 12235
11552 12230
11556 12225
11559 12249
11571 12244
11577 12266
11578 12261
11583 12271
11586 12263
11587 12267
11592 12278
11600 12273
11601 12280
11605 12268
11610 12293
11611 12296
11613 12297
11616  2867
11617 12287
11624 12298
11626 12289
11630 12299
11631 12310
11632 12309
11642 12316
11651 12328
11658 12324
11662 12329
11666 12349
11670 12337
11681 12341
11687 12345
11688 12346
11689 12343
11691 12350
11692 12350
11695 12356
11711 12357
11719 12365
11722 12362
11725 12375
11728 12388
11730 12377
11731 12383
11737 12386
11738 12387
11739 12378
11740 12385
11741 12391
11744 12393
11748 12395
11763 12404
11764 12403
11766 12407
11767 12408
11769 12413
11772 12405
11776 15978
11779 12420
11784 12422
11787 12426
11792 12429
11793 12435
11798 12440
11800 12437
11801 12446
11802 12441
11809 12450
11812 12457
11817 12469
11821 12458
11822 12468
11823 12470
11824 12467
11830 12474
11832 12476
11837 12480
11842 12484
11844 12497
11849 12489
11851 12492
11856 12486
11858 12495
11859 12488
11861 12491
11867 12504
11868 12507
11870 12499
11873 12505
11881 12511
11884 12508
11896 12520
11898 12516
11902 12521
11903 12523
11904 12524
11905 12526
11906 12527
11911 12533
11912 12528
11913 12537
11915 12536
11923 12541
11924 12539
11925 12540
11929 12542
11935 12544
11936 12546
11937 12549
11942 12552
11944 12554
11945 12553
11948 12556
11949 12564
11951 12555
11952 12568
11956 12572
11960 12570
11964 12583
11965 17180
11966 12576
11969 12582
11971 12573
11973 12588
11974 16849
11975 12585
11976 12591
11977 12581
11978 12584
11979 12590
12000 12608
12001 12601
12003 12600
12006 12605
12009 12609
12011 12611
12016 12616
12017 12614
12018 12641
12031 12632
12034 12639
12036 12637
12037 12645
12038 12631
12039 12633
12040 12628
12043 12622
12049 12647
12066 12655
12067 12644
12069 12661
12076 12658
12077 12662
12078 12624
12080 12665
12082 12630
12085 12678
12086 12669
12088 12667
12090 12682
12091 12684
12093 12680
12094 12686
12096 12679
12098 12690
12100 12699
12101 12691
12104 12692
12110 12700
12111 12704
12114 12705
12122 12714
12124 12706
12132 12726
12133 12725
12135 12731
12143 12772
12148 12727
12149 12743
12152 12744
12156 12739
12157 12747
12162 12746
12163 12748
12167 12754
12168 12756
12171 12765
12173 12760
12177 12751
12182 12767
12192 12781
12202 12792
12211 12787
12216 12766
12217 12802
12218 12782
12223 12803
12225 12808
12226 12798
12227 12811
12234 12800
12239 12190
12240 12816
12245 12806
12246 12818
12247 12824
12248 12825
12252 12845
12255 12823
12257 12831
12259 12830
12260 12832
12261 12836
12263 12847
12265 12839
12266 12834
12270 12837
12271 12846
12272 12821
12274 12834
12280 12844
12284 12843
12287 12852
12288 12842
12290 12865
12294 12855
12295 12867
12298 12863
12301 12878
12305 12860
12308 12856
12309 12857
12310 12881
12312 12858
12315 12877
12318 12864
12320 12866
12321 12886
12322 12865
12325 12879
12328 12882
12331 12875
12335 12850
12339 12896
12342 12905
12344 12888
12345 12894
12349 12894
12350 12898
12355 12900
12358 12912
12360 12903
12365 12908
12366 12916
12373 12903
12374 12919
12379 12936
12384 12929
12385 12926
12389 12942
12391 12950
12398 12941
12399 12947
12402 12952
12403 12943
12404 12938
12405 12946
12406 12965
12407 12940
12408 12976
12414 12969
12415 12979
12416 12949
12420 12953
12427 12962
12433 12974
12434 12991
12435 12956
12443 12997
12449 12967
12451 12963
12452 12996
12457 12980
12458 12986
12460 12982
12462 12957
12463 12963
12464 13006
12468 12995
12469 12998
12471 12994
12474 13002
12477 13005
12478 13000
12481 13016
12484 13009
12486 13015
12488 13003
12490 13018
12491 13020
12492 13036
12494 13008
12497 13027
12498 13021
12500 13028
12501 13014
12502 13025
12509 13059
12510 13053
12512 13039
12514 13065
12517 13050
12518 13067
12529 13048
12530 13055
12532 13057
12533 13069
12542 13073
12544 13079
12550 13095
12556 13089
12558 13071
12564 13099
12566 13072
12567 13097
12569 13114
12570 13110
12573 13118
12576 13115
12577 13111
12578 13112
12581 13126
12585 13117
12587 13133
12588 13116
12590 13144
12591 13128
12596 13124
12598 13123
12599 13129
12600 13121
12603 13127
12610 13135
12613 13134
12614 13139
12615 13149
12624 13143
12627 13168
12630 13154
12631 13164
12632 13165
12638 13159
12640 13158
12641 13178
12644 13150
12646 13157
12648 13156
12649 13181
12650 13176
12651 13160
12652 13162
12659 13182
12663 13167
12664 13174
12665 13171
12672 13189
12674 13177
12675 13203
12677 13183
12679 13197
12681 13188
12682 13206
12685 13185
12692 13226
12694 13210
12695 13205
12697 13208
12703 13209
12707 13220
12708 13214
12711 13211
12715 13267
12716 13221
12717 13230
12727 13225
12731 13229
12732 13228
12733 13248
12735 13249
12736 13243
12737 13244
12741 13240
12742 13237
12743 13239
12744 13241
12751 13252
12752 13258
12756 13259
12760 13269
12762 13265
12763 13261
12764 13251
12765 13270
12775 13278
12778 13290
12781 13275
12783 13284
12784 13281
12785 13273
12786 13279
12789 13274
12792 13277
12797 13287
12801 13298
12802 13294
12803 13293
12804 13313
12805 13316
12807 13310
12809 13314
12811 13301
12822 13311
12826 13341
12831 13319
12839 13334
12842 13308
12843 13336
12849 13326
12850  5062
12851 13346
12854  6773
12855 13332
12858 13351
12859 13337
12860 13342
12864 13335
12866 13348
12867 13350
12870 13358
12875 13343
12877 13347
12882 13356
12886 13362
12888 13363
12891 13371
12892 13373
12893 13368
12897 13374
12899 13384
12904 13387
12905 13396
12908 13391
12909 13416
12910 13388
12914 13402
12915 13389
12917 13408
12920 13426
12922 13414
12924 13410
12925 13395
12929 13420
12932 13413
12934 13415
12935 13399
12936 13411
12943 13423
12946 13430
12956 13449
12960 13438
12962 13432
12963 13437
12964 13459
12973 13463
12974 13455
12979 13481
12980 13442
12983 13454
12989 13441
12991 13458
12993 13460
12995 13466
12996 13490
13000 13479
13001 13470
13002 13504
13012 13472
13014 13497
13018 13488
13020 13498
13022 13494
13023 13495
13024 13510
13026 13496
13031 13484
13032 13523
13035 13505
13036 13521
13040 13520
13044 13536
13046 13546
13050 13528
13052 13538
13053 13538
13054 13540
13056 13535
13058 13539
13059 13564
13063 13557
13065 13581
13066 13586
13067 13547
13068 13545
13073 13559
13076 13569
13077 13519
13079 13563
13081 13568
13084 13563
13085 13583
13088 13580
13090 13571
13098 13582
13106 13576
13108 13566
13109 13592
13112 13593
13116 13551
13124 13574
13128 13630
13129 13584
13138 13608
13141 13590
13142 13489
13142 13561
13143 13567
13145 13590
13150 13575
13153 13621
13157 13585
13159 13620
13160 13622
13164 13635
13165 13632
13166 13647
13177 13667
13182 13642
13183 13641
13187 13637
13188 13682
13191 13640
13194 13638
13195 13663
13198 13656
13201 13698
13202 13643
13205 13687
13207 13609
13209 13658
13212 13665
13213 19676
13215 13664
13216 13683
13219 13624
13220 13659
13221 13676
13222 13677
13223 13636
13224 13680
13226 13708
13227 13661
13233 13675
13235 13709
13236 13701
13241 13673
13243 13690
13244 13686
13245 13719
13246 13650
13249 13694
13254 13712
13256 13728
13257 13727
13261 13731
13263 13706
13265 13700
13266 13695
13269 13734
13270 13718
13271 13671
13272 13744
13275 13742
13276 13753
13277 13722
13278 13723
13280 13752
13282 13713
13283 13767
13291 13705
13298 13725
13299 13741
13301 13767
13303 13671
13304 13732
13306 13781
13307 13724
13310 13748
13320 13751
13327 13759
13328 13768
13331 13783
13332 13788
13334 13775
13336 13776
13337 13772
13340 13798
13341 13761
13345 13808
13348 13786
13350 13765
13353 13803
13360 13792
13361 13802
13365 13787
13368 13771
13378 13824
13379 13794
13380 13791
13382 13800
13383 13804
13384 13819
13387 13838
13388 13807
13394 13833
13396 13778
13397 13843
13401 13815
13407 13812
13408 13813
13413 13839
13414 13826
13419 13827
13420 13818
13424 13852
13428 13825
13432 13841
13434 13829
13435 13841
13441 13868
13442  7768
13443 13881
13445 13823
13446 13854
13448 13844
13453 13880
13457 13860
13458 13859
13459 13867
13462 13853
13463 13869
13467 13876
13468 13862
13475 13879
13486 13891
13490 13887
13491 13864
13495 13886
13501 13894
13502 13931
13516 13918
13518 13908
13519 13898
13520 13901
13522 13906
13524 13902
13525 13925
13527 13911
13530 13917
13531 13934
13534 13905
13537 13956
13538 13919
13539 13932
13541 13924
13542 13940
13543 13920
13544 13927
13550 13923
13551 13929
13555 13939
13557 13963
13558 13909
13559 18462
13561 13942
13562 13968
13564 13941
13566 13944
13567 13937
13570 13950
13571 13930
13573 13957
13574 13938
13579 13945
13581 13938
13585 13947
13590 13969
13593 13962
13595 13980
13600 13964
13603 13960
13606 13978
13607 13970
13608 13961
13609 13996
13610 13973
13611 13981
13617 13974
13629 13982
13630 14019
13631 13989
13633 13988
13634 13990
13635 14004
13645 13997
13646 14002
13647 14016
13648 13992
13650 14017
13651 14044
13652 14005
13653 11318
13655 14028
13656 14026
13659 14061
13665  1578
13666 13999
13667 14039
13669 14047
13674 14041
13677 14043
13678 14068
13679 14034
13680 14035
13681 14045
13691 14118
13692 14048
13695 14087
13701 14050
13702 14070
13708 14074
13711 14065
13714 14059
13717 14113
13719 14084
13721 14108
13723 14069
13725 14064
13726 20211
13728 14093
13734 14095
13735 14083
13739 14134
13744 14098
13748 14076
13750 14097
13751 14104
13756 14109
13761 14080
13763 14111
13765 14150
13767 14139
13770 14154
13774 14157
13783 14161
13784 14168
13786 14141
13794 14144
13798 14106
13801 14143
13804 14114
13806 14163
13810 14166
13811 14156
13826  6707
13831 14193
13832 14177
13838 14192
13840 14153
13843 14155
13847  3468
13857 14220
13858 14224
13869 14231
13871 14207
13881 14238
13903 14243
13915 14246
13924 14257
13959 14279
13971 14285
13978 14314
14026 14349
14036 14332
14038 14331
14046 14341
14051 14361
14084 14368
14101 14389
14102  1512
14138 14418
14161 14432
14162 14414
14163 14439
14166 14435
14168 14433
14172 14438
14186 14412
14201   363
14217 14424
14229  8845
14232 14392
14255 14479
14265 14504
14280  3375
14289 14417
14290 15773
14300 14489
14325 14332
14328 14541
14332 14509
14363 14537
14375 14555
14376  3021
14390 14595
14397 14594
14413 14495
14430 14597
14462  9483
14469 14654
14485 14686
14507 14740
14516 14695
14517 14691
14549 14741
14551 14750
14567 14731
14581 14749
14589 14760
14594 14763
14603 14792
14627 14790
14639 14794
14659 14851
14676 14820
14703 14860
14729 14846
14741 14853
14753 15181
14780 15216
14808 14919
14812 15261
14814 15246
14821 15271
14823 15271
14856 15358
14862 14956
14870 15018
14878 15333
14897 14986
14904 15358
14928 15368
14945 15358
14957 15388
14960 15058
14993 15441
15024 15493
15034 15485
15066 15152
15079 15522
15119 18602
15128 15542
15131 15568
15154 15214
15195 15599
15205 14062
15206 15277
15234 15644
15244 15320
15267 15700
15272 15708
15281 15815
15326 15765
15327 11599
15365 15768
15376 15824
15388 15824
15402 15450
15444 15882
15446 15883
15465 15831
15492 15918
15501 19507
15568 15986
15581 15992
15588 16014
15591 16018
15606   595
15609 16028
15612 15966
15637 16013
15653 16042
15682 16091
15845 16208
15938 16288
15966 16074
16011 16371
16015 15644
16067 15612
16070 16371
16140 16495
16249 11419
16260 16580
16336 16667
16400 17762
16442 16791
16462 16861
16468 16822
16481 16899
16484 16843
16489 16859
16497  9330
16498 16873
16499 16589
16514 16893
16524 16931
16528 16935
16540 16955
16560 16910
16571 11459
16586 18232
16601 17015
16605   244
16614  9330
16622 17543
16642 17038
16644 16953
16651 17050
16652 16953
16658 17049
16696 16723
16699 12076
16701 17039
16709 17101
16734  1218
16805 17927
16829 17954
16839 17965
16871 16559
16888 16862
16907 17183
16911 17188
16926 17041
16972 16989
17030 17300
17059 17459
17088 17129
17134 15644
17180 17252
17182 15840
17240 11838
17277 17704
17319  8558
17428 11483
17442 17702
17457 17768
17473 19585
17511 17779
17527 17859
17530 17827
17562  7237
17564 17819
17602 16465
17629 17926
17653 17985
17658 17987
17666 18012
17707 18042
17737 18056
17750 18073
17751 18071
17768 18054
17784 18076
17812 18108
17815 18122
17826 18098
17831 18107
17862 18163
17864 17730
17868 18178
17881 18194
17887 18179
17902 18169
17934 17180
17961 18184
17962 16150
17992 18262
18002 18284
18014 18280
18019 18296
18020 18297
18061 18216
18070 18197
18071 18294
18086 18310
18089 18313
18125 18398
18126 18406
18153 18392
18165 18399
18169 18400
18171  8870
18171 18401
18186 18455
18229 18419
18232 18487
18250 12881
18291 18532
18318 18605
18325 18144
18414 18537
18454 18576
18455 18278
18462 15723
18468 18275
18471 18285
18472 18705
18502 18311
18504 18601
18557 18370
18568 18372
18593 18191
18616 18404
18641 18649
18642 18229
18685 18514
18726 10177
18736 18483
18753 16837
18856  4792
18863  7678
18866 18711
18876  7681
19000 17849
19122 18823
19193 19189
19244 19346
19261 19237
19282 19259
19283 11034
19285 19369
19384 19441
19386  4104
19691  6727
19790 19734
19804  9110
19836 19139
19893  5354
19921 14478
19933 19898
19956 13409
19966 19930
19980 13270
20068 19579
20124 17868
20160 20153
20176  3458
20181 20153
20479 18669
20508 18419
20509 20302
20516 20292
20521 20256
