    0  5489
    1  5489
    4    58
    6  5489
   14    37
   20    38
   28    27
   30    58
   42 18419
   95 11694
  127 10854
  134 13255
  136   364
  149  2115
  172 14295
  195 11694
  249  2439
  271 13507
  284  3183
  288   478
  290  1251
  295  2812
  305  3673
  326 10664
  344 20283
  371  6191
  403  1029
  454 16403
  564  6381
  568 13507
  576  2985
  596 20147
  598 20147
  606  7260
  607  2992
  626  6021
  653  6990
  692  7904
  817  6896
  838 17550
  885   993
  895  3083
  971 12158
 1058 12894
 1066  3498
 1080  3213
 1118  3792
 1137 15187
 1155 12117
 1175 15337
 1179  1681
 1199 14032
 1264  6896
 1285  4514
 1310 14080
 1409   637
 1489 12098
 1515  6424
 1592 19504
 1612  1887
 1613  2125
 1660 15420
 1891  3808
 1903  3779
 1965  3161
 1981 11020
 2012  1050
 2041   994
 2089 18931
 2092 19275
 2188 18262
 2197  7750
 2208 18262
 2349  6674
 2388 11020
 2389  3179
 2398  7335
 2418 10116
 2422  9470
 2462   504
 2467   849
 2526 16971
 2581  3294
 2600  6345
 2626  4367
 2644  1409
 2648  2757
 2656  4387
 2668  2757
 2698  4387
 2700  1338
 2700  1610
 2706   353
 2712  7271
 2731   409
 2741  1161
 2762  2757
 2782    47
 2801     5
 2821    81
 2822    72
 2844  2804
 2846  1338
 2846  1610
 2859   142
 2867   148
 2869   995
 2872   146
 2906 12599
 2918   226
 2920   792
 2928    87
 2936 11220
 2944   277
 2955   321
 2959   328
 2981  1610
 2982   375
 2984  3605
 2985   265
 2994   345
 2998   232
 3010   449
 3012  3554
 3015   443
 3018   433
 3045   286
 3050   453
 3051   777
 3094 10656
 3105   409
 3107   497
 3117  4730
 3133   537
 3148   430
 3154   587
 3157  1610
 3159   448
 3163   565
 3176   484
 3189  9484
 3198   648
 3208   619
 3213   654
 3227   725
 3239   687
 3247  9076
 3253   640
 3259  3912
 3264   546
 3268   559
 3276   777
 3279   616
 3286   602
 3288   792
 3293   601
 3294   601
 3297   692
 3312   665
 3313   714
 3319   742
 3341   765
 3363   799
 3374   796
 3377  1338
 3377  1610
 3393 13575
 3404  2026
 3405  1930
 3411   830
 3425   831
 3442   850
 3463   871
 3465   322
 3501   993
 3504   416
 3508   919
 3512   946
 3514  2239
 3519   134
 3521   947
 3542   456
 3548 10710
 3549  1021
 3551   986
 3556  7643
 3557   498
 3567   187
 3570 19319
 3574   994
 3580   573
 3603   149
 3604  1050
 3621   833
 3628   166
 3629   153
 3632  8353
 3637   438
 3642   388
 3646 10761
 3648  8797
 3656   864
 3657   450
 3677  1152
 3685  1150
 3688   650
 3692   435
 3701   792
 3713   234
 3722   940
 3726 10656
 3739   980
 3747 13041
 3757  1257
 3767  1275
 3775  1228
 3776  1235
 3777  1278
 3782  1610
 3804   820
 3816  1153
 3818  1323
 3820  1314
 3821   821
 3829   738
 3830  1315
 3834   633
 3835  8336
 3836  5384
 3846   605
 3851   680
 3854  1138
 3855  1181
 3858   853
 3879  1172
 3889   883
 3891  1669
 3896  1231
 3917   856
 3919 11573
 3923  1044
 3924   745
 3945   944
 3947  1887
 3964  1412
 3971  1610
 3987  1395
 3995  1361
 3996  1162
 3999  1636
 4001  1189
 4003  1051
 4009  1657
 4012  1661
 4021  1502
 4031  1486
 4037  1421
 4038  1613
 4039  1612
 4059  1085
 4067  1440
 4097  1759
 4117  1749
 4127  1259
 4148  1191
 4155  9831
 4173  1296
 4181  1861
 4217  1463
 4242  1371
 4250  1521
 4267  8253
 4285 10032
 4298  3351
 4331  1984
 4335  1910
 4355  1658
 4403  1874
 4423  7994
 4435  2124
 4439  1902
 4474 11594
 4490   297
 4508  2260
 4520  2176
 4522  2029
 4542  2182
 4556  2009
 4581  9395
 4595  2236
 4603  1311
 4607  2174
 4623  2014
 4649  5060
 4654   573
 4661  2277
 4679  2271
 4681  2079
 4707 18054
 4724  2356
 4734  2571
 4761  2596
 4786  2523
 4788  2478
 4790  2511
 4820  2557
 4822  2581
 4837  2587
 4839  2611
 4841  2595
 4842  2650
 4844  2580
 4845  2575
 4849  2577
 4850  2600
 4851  2568
 4860  2610
 4864  2633
 4865  2801
 4866  2601
 4867  2617
 4868  2639
 4875  2605
 4877  2717
 4878  2572
 4888  2694
 4890  2641
 4894  2646
 4895  2734
 4896  2708
 4902  2638
 4903  2643
 4904  2844
 4908  2655
 4909 10536
 4911  2810
 4912  3562
 4914  2670
 4916  2679
 4934  2654
 4936  2658
 4937  2668
 4939  2834
 4942  2659
 4948  2661
 4958  2799
 4961  2720
 4963  2798
 4970  2716
 4971  2867
 4974  2818
 4979  4259
 4981  2690
 4986  2793
 4988  2749
 4989  2902
 4991  2854
 5000  2952
 5004  2835
 5005  2755
 5006  2894
 5008  3042
 5009  2888
 5011  2741
 5014  2871
 5020  2728
 5025  2851
 5034  2947
 5035  2740
 5038  2959
 5041  2873
 5043  3002
 5044  2883
 5047  2750
 5049  2922
 5052  2863
 5059  2826
 5061  2941
 5062  2830
 5069  2934
 5073  2948
 5077  2966
 5086  2954
 5090  2994
 5105  2996
 5106  3043
 5108  2957
 5112  2831
 5114  2984
 5122  2935
 5129  2841
 5131  2987
 5135  3002
 5140  3005
 5143  3149
 5147  3028
 5150  3160
 5156  3083
 5160  3186
 5162  3025
 5163  3181
 5169  3023
 5172  3003
 5184  3162
 5185  3004
 5191  3261
 5192  6307
 5195  3209
 5199  3179
 5200  3072
 5205  3072
 5215  3116
 5217  3039
 5221  3108
 5222  3099
 5228  3074
 5240  3163
 5249  3121
 5250  3217
 5258  3213
 5263  3223
 5265  3294
 5267  2968
 5269  3211
 5281  3217
 5287  3066
 5288  3267
 5301  9664
 5315  3242
 5322  3125
 5325  3328
 5326  3338
 5330  3331
 5347  3076
 5363  3313
 5365 13573
 5368  3323
 5369  3146
 5377  6469
 5390  3412
 5393  3350
 5397  3183
 5400  3196
 5401  3567
 5405  3192
 5412  3278
 5423  3327
 5430  3610
 5431  3617
 5438  3474
 5441  3430
 5447  6778
 5448  3454
 5449  3518
 5453  3608
 5466  3545
 5467  4173
 5469  3510
 5472  3965
 5505  3620
 5521  3641
 5558  3688
 5565   644
 5591  3645
 5592  3743
 5596  8045
 5597  3766
 5605  3745
 5606  3728
 5611  3664
 5639  3798
 5641  3795
 5669  3794
 5675  3792
 5681  3907
 5682  3912
 5683  3912
 5683  3916
 5686  3863
 5699  4065
 5704  3929
 5705  3887
 5713  3785
 5720  3857
 5725  3965
 5727  3923
 5728  3821
 5741  3809
 5743  3889
 5747  3366
 5748  3928
 5767  4063
 5796  4021
 5801  4029
 5802  4093
 5808  4043
 5814 10754
 5815  4007
 5823  4142
 5824  4148
 5826  4144
 5840  4173
 5846  4127
 5850  4132
 5850 10635
 5851  4140
 5853  4132
 5857  4216
 5858  4197
 5859  8670
 5864  4233
 5866  4232
 5877  4230
 5889  4167
 5894  4243
 5906  6724
 5916  4303
 5923  4322
 5927  4269
 5951  4431
 5959  4373
 5960  4321
 5961  4351
 5962  4342
 5970  4370
 5974  4374
 5976  4443
 5979  2079
 5984  4487
 5987  4287
 5990  4293
 5997  4473
 6001  4411
 6009  4420
 6039  7199
 6065  4511
 6075  4595
 6082  4611
 6087  4578
 6090  4629
 6103  4761
 6162  4730
 6167  4744
 6171  4494
 6171  4723
 6182  4903
 6192  4777
 6197  4766
 6199  4862
 6206  3246
 6224  4845
 6235  4841
 6239  4847
 6240  4847
 6272  4274
 6272  4909
 6275  4889
 6283  4878
 6292  4855
 6297  4870
 6301  6464
 6317  4958
 6321  4931
 6324  4938
 6345  4884
 6353  4960
 6358  4998
 6363 10395
 6365  4998
 6366  4965
 6374  4925
 6384  5036
 6389  5010
 6392  5058
 6399  5154
 6405  5048
 6406  4941
 6408  5029
 6419  9989
 6429  5138
 6432  5113
 6433  4957
 6435  5141
 6438  5137
 6446  5054
 6450  4935
 6451  5194
 6452  5125
 6453  5187
 6456  5212
 6458  4947
 6459  5085
 6464  5213
 6465  4995
 6472  5144
 6477  6228
 6489  5155
 6495  5214
 6499  5222
 6499  6375
 6507  5214
 6514  5170
 6526  4972
 6538  5063
 6543  5209
 6545  5014
 6547  5013
 6554  5018
 6570  5062
 6584  5059
 6602  5040
 6605  5084
 6608  5072
 6614  5087
 6635  5110
 6646  5244
 6649  5066
 6657  5140
 6666  5150
 6667  5308
 6670  5114
 6688  5105
 6694  5233
 6714  5293
 6715  5157
 6716  5186
 6725  5126
 6733  5145
 6740  5152
 6779  5241
 6781  5268
 6794  5304
 6804  5300
 6817  4486
 6885  5533
 6903  5361
 6904  5333
 6908  5384
 6909  5461
 6916  5344
 6918  5601
 6926  5388
 6931  5314
 6934  7952
 6936  1605
 6939  5367
 6960  5415
 6980  5451
 6983  5437
 6987  5594
 6989  5432
 6991  5455
 7004 16348
 7005  5425
 7011  5481
 7022  5589
 7025  5039
 7031  5668
 7040  5538
 7047 11745
 7050  5515
 7057  5676
 7062  5546
 7063  5553
 7068  5686
 7098  5563
 7118  5572
 7120  5573
 7121  5565
 7123  5570
 7125  5790
 7133  5631
 7142 12528
 7149  5666
 7182  5699
 7186  5702
 7208  5765
 7213  5733
 7221  5718
 7237  5871
 7241  5877
 7245  5869
 7256  5798
 7268  5752
 7272  5860
 7283  5813
 7288  5843
 7289  5852
 7302  5888
 7305  5928
 7307  5880
 7330  5899
 7336  5873
 7338  5823
 7339  5923
 7341  5975
 7346  5912
 7361  5950
 7367  5966
 7369  4903
 7370  5957
 7372  5990
 7378  6002
 7385  6016
 7387  6007
 7388  5972
 7401  5987
 7414  6031
 7417  5947
 7419  5947
 7431  6187
 7440  5935
 7441  6041
 7442  6039
 7445  5984
 7446  5960
 7456  5970
 7457  6047
 7459  6023
 7461  6086
 7468  3161
 7470  6037
 7482  2817
 7486  6101
 7489  6065
 7493  6001
 7494  6656
 7500  2451
 7510  6088
 7514  6071
 7522  6139
 7534  6126
 7541  2867
 7553  5039
 7553  6220
 7566  6305
 7569  6228
 7571  6140
 7579  6111
 7582  6311
 7598  6200
 7601  6124
 7606  6070
 7608  2755
 7619  2690
 7630  2923
 7638  2941
 7647  6226
 7648  6375
 7649  6596
 7651  6180
 7665  6263
 7684  3023
 7687  3216
 7688  6102
 7691  6294
 7707  6331
 7710  6190
 7711  6233
 7720  2948
 7722  3315
 7735  4500
 7737  6288
 7738  2999
 7742  2954
 7743  6266
 7749  6307
 7751  6154
 7755  6176
 7756  3041
 7758  6304
 7760  6312
 7771  6229
 7776  6259
 7780  3375
 7782  6323
 7783  6227
 7786  3279
 7791  6330
 7794  6355
 7799  6330
 7801  6357
 7802  6337
 7805  6348
 7808  6291
 7819  6400
 7825  6356
 7828  6329
 7849  1040
 7856  6413
 7861  6389
 7862  3122
 7866  9222
 7869  6407
 7891  6575
 7907  6480
 7912  6589
 7915  6592
 7917  6613
 7929  6456
 7935  6626
 7947  6497
 7952  6481
 7957  6652
 7976  6659
 7980  6696
 7984  6515
 7985  6656
 8005  6735
 8018  3366
 8033  2660
 8036  6793
 8047  6794
 8071 10097
 8074  6728
 8082  7242
 8084  6632
 8102  6894
 8105  6740
 8106  6663
 8108  6678
 8109  6908
 8110  6642
 8120  6654
 8125  6671
 8128  6733
 8138  6743
 8144  6804
 8158  6704
 8162  6695
 8164  6693
 8169  6689
 8171  6792
 8175  6778
 8178  6958
 8181  6758
 8185  6797
 8188 10693
 8191   863
 8206  6779
 8211  2534
 8213  1891
 8215  6805
 8217  6841
 8218  6805
 8226  6848
 8227  6717
 8231 16731
 8248  6731
 8252  6864
 8258  6827
 8259  4443
 8264  6755
 8280  6753
 8283  6812
 8288  7027
 8289  6906
 8297  6776
 8309  6788
 8310  6785
 8314  6782
 8318  7004
 8329  7596
 8335  6935
 8344  6831
 8345  6900
 8346  6829
 8349  6835
 8356  7057
 8358  6948
 8360  6849
 8366  6998
 8368  6959
 8373  6861
 8380  6858
 8393  7029
 8395  7019
 8398  6881
 8409  6897
 8413  6898
 8417  5311
 8431  7103
 8434  7031
 8436  7040
 8438  7017
 8439  7250
 8441  7099
 8442  7047
 8447  6927
 8451  7243
 8453  7078
 8461  7249
 8463  7016
 8466  6944
 8467 10300
 8477  7145
 8487  6999
 8498  7088
 8500  7173
 8505  7079
 8512  7784
 8513  7037
 8514  7061
 8516  7059
 8517  7182
 8518  7055
 8520  7066
 8522  7077
 8524  7049
 8533  7074
 8538  7083
 8539  7210
 8541  7136
 8544  7092
 8547  7215
 8550  7183
 8551  7104
 8554  7193
 8555  7216
 8559  7225
 8573  7259
 8574  2975
 8578  7264
 8584  7146
 8605  7160
 8606  7256
 8624  7128
 8624  8280
 8672  7680
 8677  7371
 8741  6945
 8749  7455
 8751  7253
 8755  7669
 8769  7289
 8774  7295
 8778  7415
 8782  7284
 8785  7380
 8809  7710
 8810  7527
 8811  7390
 8812  7390
 8819  7463
 8822  7396
 8847  7492
 8849  7386
 8850  7490
 8852  7417
 8860  7426
 8867  7367
 8871  7339
 8871  7394
 8875  7438
 8876  7500
 8878  7482
 8882  7451
 8886  7511
 8890  7491
 8892  7723
 8897  7456
 8898  7356
 8899  7429
 8900  7454
 8901  7398
 8911  7476
 8913  7495
 8917  7774
 8918  7729
 8931  7567
 8932  7495
 8944  7477
 8947  7750
 8950  7453
 8953  7453
 8954  7546
 8960  7570
 8963  7468
 8966  7547
 8970  7925
 8973  7591
 8979  7869
 8990  7917
 8993  7895
 8998  7773
 9008  7780
 9011  7636
 9015  7926
 9029  7643
 9030  7682
 9046  8457
 9047  7608
 9053  7562
 9058  7961
 9068  7714
 9069  8489
 9078  7626
 9079  7658
 9080  7922
 9097  9041
 9103  7866
 9105  8055
 9116  7885
 9126  7803
 9136  7912
 9137  7801
 9147  7928
 9151  7823
 9162  8279
 9163  8105
 9170  7825
 9171  7827
 9179  7839
 9180  7835
 9197  7956
 9204  8063
 9206  8127
 9213  7634
 9230  7980
 9246  8029
 9247  8131
 9252  8067
 9255  8016
 9256 12092
 9274  8102
 9281  8041
 9282  7916
 9294  8224
 9304 10046
 9318  7939
 9320  8082
 9328  7613
 9331  8104
 9332  7623
 9342  8119
 9352  7624
 9363  8216
 9364  7990
 9365  8133
 9371  7983
 9372  8152
 9383  8092
 9387  8252
 9390  8192
 9392  8013
 9398  8196
 9401  8422
 9408  7997
 9411  7652
 9428 16183
 9447  8052
 9454  8461
 9456  8475
 9457  7677
 9471  8095
 9475  8304
 9477  8505
 9491  7686
 9498 20301
 9499  8305
 9500  8519
 9504  8524
 9507  8569
 9514  8520
 9517  6087
 9518  8353
 9520  8377
 9521  8120
 9523  8366
 9526  6087
 9527  5668
 9528  7971
 9534  8357
 9545  8551
 9546  8539
 9549  8414
 9567  8233
 9573  8707
 9583  8442
 9585  8397
 9591  8705
 9600  7845
 9602  7846
 9608  5086
 9610  8219
 9612  8256
 9615  8234
 9616  7792
 9622  8452
 9623 10929
 9628  8262
 9633  7684
 9638  8607
 9646  8488
 9647  8288
 9649  8299
 9651  7894
 9652  8633
 9654  8311
 9659  8639
 9664  8603
 9672  2045
 9673  8516
 9688  8675
 9693  8679
 9694  8651
 9695  7919
 9701  8440
 9703  8881
 9707  8661
 9713  8793
 9714  8599
 9715  8713
 9718  8426
 9731  8701
 9747  8773
 9749  7634
 9750  8878
 9765  8986
 9767  7994
 9774  8965
 9786  8750
 9788  8915
 9789  8927
 9799  8588
 9815  8044
 9819 15923
 9826  7996
 9828  8855
 9835  8795
 9846  8010
 9847  9018
 9857  8586
 9860  8007
 9872  8847
 9874  9561
 9879  8599
 9901  9022
 9912  8888
 9918  9130
 9933  8099
 9934  8727
 9936  8721
 9940  8734
 9945  8728
 9946  8846
 9949  8752
 9950  8738
 9958  8776
 9959  8734
 9963  8821
 9965  9005
 9969  9012
 9971  8762
10001  9038
10005  8797
10008  8846
10010  8910
10011  9066
10015  8265
10018  8822
10022  2459
10030  8343
10048  9664
10062  8709
10064 10750
10065  9122
10069  9129
10082  8336
10096  8428
10101  9177
10103  9184
10112  8760
10115  9203
10128  9048
10130  4216
10134  9405
10144  7734
10148  9492
10183  7924
10211  7852
10216   830
10241  9320
10246  9346
10253  9339
10257  8542
10261  9175
10270  9167
10282  9376
10285  9148
10291  8678
10302  2291
10306  9235
10315  9422
10318  9283
10319  9591
10325  9238
10337  9462
10340  9175
10345  9471
10346  9475
10362  9316
10366  9279
10374 10283
10377  9235
10380  8796
10392  8806
10399  7447
10409  9564
10410  6028
10422  9175
10429 15990
10436 17081
10438  8415
10439  9628
10446  9415
10453  8874
10455  9083
10459  8958
10474  8958
10477  9615
10484  8879
10485  9067
10494  9032
10496  9014
10497  9016
10499  8961
10510  9760
10517  8957
10519  8971
10522  9461
10527  8577
10538  9636
10543  9438
10544  9430
10551  9432
10560  7852
10583  9460
10589  9106
10592  9546
10594  9144
10604  9169
10611  9566
10622  9563
10630  9591
10642  9603
10644  7772
10646  9748
10659  9228
10666  9171
10682  9198
10685  8977
10686  9227
10687  9198
10697  9207
10722  9826
10730  9660
10732  9267
10744 10032
10750  9254
10751  9684
10754  9217
10756  9712
10761  9212
10764  9267
10775  9277
10781  9698
10782  9262
10787  9703
10798 10204
10803  9735
10822  9764
10830  9799
10833  9777
10843 14912
10853  9787
10855  9980
10861 10115
10880 10176
10910  4363
10924  9888
10925  9895
10927  9891
10929  9881
10930  9262
10939  9756
10944 10154
10945 10154
10952  9960
10957  9105
10975  9974
10976  9850
10978  9975
10979  9977
10983  9988
10988  9999
11003 10086
11005 10065
11008 10066
11022 10080
11023 10083
11033 10102
11039 14272
11042 10135
11043 10363
11046  6851
11050 10133
11054 14169
11061 10373
11062 10245
11071 10161
11072 10163
11074 10116
11082 10167
11085 10171
11086 10185
11089 10177
11090 10179
11116 10214
11118 10275
11122 10487
11125 10487
11126 10299
11129 10460
11130 10221
11132 10223
11137 10270
11143 10359
11145 10228
11151 10244
11155 10247
11162 10252
11165 10252
11166 10332
11170 10335
11173 10265
11176 10268
11195 10263
11201 10356
11202 10374
11206 10288
11208 10293
11212 10297
11215 10300
11216 10367
11220 10544
11223 10368
11226 10376
11227 10295
11228 10402
11230 10307
11233 10531
11235 10393
11236 10321
11237 10320
11238 10310
11240 10312
11241 10319
11247 10535
11248 10317
11251 10389
11259 10327
11269 10344
11272 10341
11274 10431
11275 10336
11286 10351
11291 10618
11294 10357
11295 17508
11305 10411
11306 10467
11310 10360
11311 10455
11315 10462
11319 10447
11323  7018
11326 10439
11328 10325
11329 10380
11330 10474
11335 10484
11338 10383
11342 10388
11344 10384
11358 10401
11360 10415
11361 10405
11362 10548
11363 10418
11367 10493
11373 10419
11374 10621
11384 10428
11390 10505
11392 10453
11397 11607
11400 10576
11401  7729
11406 10456
11410 10457
11411 10527
11417 10659
11419 10465
11421 10682
11424 10461
11430 10516
11431 10470
11436 10602
11439 10480
11442 10557
11446 10807
11447 10542
11449 10499
11450 10543
11453 10503
11457 10572
11460 10510
11462 10508
11463 10507
11465 10512
11469 13539
11482 10518
11483 10822
11492 10540
11494 10592
11499 10624
11505 10552
11509 10567
11510 10554
11516 10558
11523 10888
11526 10652
11536 10577
11546 10940
11549 10911
11551 10630
11556 10594
11565 10561
11566 10608
11567 10558
11571 10612
11575 10606
11577 10928
11586 10617
11587  5222
11587  6375
11594 10620
11595 10984
11596 10622
11597 10625
11609 10637
11612 10605
11615 10986
11622 10970
11624 10647
11630 10693
11635 11003
11637 10651
11642 10706
11658 10980
11663 10672
11687 10732
11691 10703
11700 11034
11704 10946
11704 11011
11708 10743
11715 10744
11721 10763
11728  7150
11737 10783
11751 10784
11755 10793
11824 10861
11848 10854
11857 10810
11873  4487
11895 10801
11904  6093
11907  7808
11918 10789
11934 10818
11989 10865
12021  9195
12038 11086
12039 11239
12043 10941
12058 10974
12059 10913
12061 10925
12069 10973
12073 10899
12091 11090
12096 10948
12100 10929
12103 10971
12109 10950
12111 10955
12112 10981
12128 10998
12131 11013
12140 11004
12147 11006
12156 11024
12162 11031
12167 11026
12181 11075
12183 11042
12184 11058
12189 11054
12195 11064
12198 11062
12200 11057
12203 11071
12207 11082
12209  5676
12222 11091
12223 11107
12225 11096
12228 11095
12229  6779
12234 11098
12238 11144
12239 11079
12247 11120
12260 11189
12261 11137
12262 11142
12266 11142
12268 11139
12274 11147
12280 11159
12290 11173
12291 11177
12297 11193
12298 11183
12311 11195
12314 11207
12316 11258
12320 11213
12322 11234
12326 11209
12330 11208
12333 11215
12334 11228
12339 11250
12343 11230
12352 11232
12366 11245
12367 11290
12377 11256
12402 11462
12408 11298
12474 11545
12475 11527
12477 11350
12485 11519
12489 11540
12493 11542
12494 11543
12496 11535
12498 11567
12502 14491
12504 11335
12508 11577
12511 11574
12516 11389
12529 11593
12541 11604
12543 11608
12544 11596
12546 11379
12547 11620
12558 11623
12559 11609
12564 11621
12565 11625
12567 11626
12570 11390
12574 11630
12577 11642
12581 11640
12582 11637
12588 11643
12590 11416
12602 11641
12606 11668
12608 11670
12611 11657
12612 11666
12616 11672
12617 11680
12619 11678
12621 11689
12623 11452
12628 11675
12631 11677
12639 11696
12641 19659
12642 11532
12649 11712
12654 11719
12657 11720
12660 11710
12665 11553
12672 11728
12674 11733
12676 11739
12678 11740
12694 11755
12695 11753
12701 11758
12703 11749
12710 11760
12724 11049
12729 11789
12730 11554
12732 11586
12733 11558
12735 11814
12736 11817
12746 11746
12748 11816
12751 11552
12755 11709
12756 11601
12759 11818
12762 11856
12766 11854
12777 11837
12778 11635
12779 11863
12814 11885
12816 11893
12820 11892
12821 11898
12822 11897
12823 11648
12845 11925
12848 11934
12851 11932
12867 11904
12876 11571
12890 11963
12900 11967
12916 11880
12917 10133
12935 11996
12964 12003
12965 12010
12976 12009
12978 11804
12988 12019
12997 12007
13005 12025
13009 11944
13018 12028
13020 11916
13021 11931
13026   631
13030 12056
13038 12060
13039 11994
13040 11942
13051 11966
13056 12071
13058 12067
13060 11950
13071 11948
13074 12119
13075 12089
13078 11900
13088 12154
13096 11983
13102 11976
13114  4958
13118 12149
13132 11998
13135 12141
13160 12039
13162 12173
13164 12042
13183 12216
13201 12237
13202 12229
13208 12220
13209 12073
13210 12066
13218 12085
13232 12103
13233 12264
13234 12120
13241 12127
13248 12115
13250 12102
13251 12266
13255 12131
13266 12146
13273 12150
13287 12296
13295 12310
13298 12316
13300 12189
13308 12215
13310 12068
13313 12198
13314 12068
13318 12241
13330 12328
13336 12235
13337 12318
13345 12334
13346 12278
13348  4443
13378 12249
13382  4443
13384 10961
13384 12267
13385 12341
13387 12346
13408 12209
13412 12261
13415 12359
13422 12368
13428 12365
13432 12383
13445 12284
13447 12377
13457 12378
13463 12375
13464 12314
13475 12387
13491 12395
13494 12401
13501 12327
13518 12408
13523 12407
13525 12291
13526 12404
13534 12420
13540 12424
13542 12273
13543 12357
13544 12427
13546 12426
13549 12422
13560 12343
13561 12425
13562 12353
13568 12289
13576 12437
13578  8845
13579 12447
13598 12362
13604 12463
13607 12468
13615 12470
13628 12476
13632 12473
13633 12480
13646 19164
13648 12434
13657 12495
13658 12490
13674 12506
13675 12507
13677 12507
13693 12505
13694 12511
13708 12515
13709 12451
13715 12429
13718 12452
13719 12521
13723 12526
13726 12435
13728 12537
13744 12461
13747 12471
13752 12540
13757 12542
13758 12516
13760 12549
13765 12546
13772 12554
13773 12559
13780 12486
13784 12564
13788 12497
13789 12508
13799 12499
13804 12578
13807 12517
13814 12588
13818 12544
13829 12599
13841 12524
13845 12640
13854 12528
13872 12634
13873 12556
13874 12635
13878 12637
13885 12553
13887 12645
13904 12573
13917 12661
13919 12660
13927 12585
13931 12576
13939 12595
13941 12686
13954 12600
13956 12596
13959 12699
13961 12684
13968  6695
13970 12690
13973 12605
13987 12628
13988 12613
13997 12633
14003 12717
14008 12638
14009 12727
14014 12621
14028 12643
14029 12741
14037 12744
14040 12655
14045 12751
14047  3646
14049 12754
14050 12667
14061 12756
14069  7423
14082 12760
14083 12672
14085 12767
14097 12688
14104 12691
14110 12745
14113 12781
14120 12786
14133 12705
14149 12803
14150 12802
14152 12807
14157 12806
14174 12729
14175 12725
14208 12824
14209 12742
14233 17916
14235 12762
14240 12847
14241 12832
14254 12846
14278 12881
14281 12787
14282 12867
14283 12785
14305 12791
14310 12804
14320 12798
14334 12811
14338 12800
14346 12818
14350 12810
14359 12834
14369 12936
14370 12835
14373 12843
14374 12828
14379 12830
14384 12942
14388 12856
14393 12858
14394 12862
14398 12947
14399 12965
14400 12944
14405 12864
14406 12837
14407 12857
14409 12953
14411 12976
14416 12844
14417 12963
14418 12984
14420 12839
14421 12963
14423 12974
14424 12859
14427 12969
14428 12870
14430 12879
14431 12992
14437 12979
14440 12875
14441 12872
14443 12889
14450 12982
14451 12860
14455 12898
14456 12888
14459 12900
14464 12882
14466 12903
14474 12908
14481 12903
14483 13059
14487 12919
14490 12896
14493 12908
14495 13050
14503 12916
14522 13067
14524 13080
14529 12929
14530 10218
14534 13085
14537 13095
14547 13110
14554 13094
14564 13106
14568 13118
14577 12949
14578 12946
14580 12967
14583  7645
14584 13072
14590 13133
14592 13115
14598  2512
14599 12962
14611 13069
14612 12970
14616 13150
14617 12977
14625 13003
14626 12986
14629 13015
14630 13146
14632 13005
14639 13002
14642 13000
14644 13009
14660 13027
14665 13022
14666 13168
14674 13038
14676 13040
14678 13048
14680 13071
14684  4068
14689 13057
14693 13182
14697  2980
14697 13189
14699 13203
14702 13055
14704 13042
14716 13206
14728 13073
14743 13210
14753 13099
14758 13116
14762  8165
14784 13112
14791 13129
14793 13131
14796 13238
14799 13137
14800 13135
14802 13245
14807 13244
14810 13139
14817 13195
14821 13152
14823 13156
14829 13256
14842 13260
14846 13266
14851 13270
14854 13160
14857 13162
14860 13259
14869 13171
14879 13185
14881 13282
14883 13230
14887 13290
14888 13289
14903 13190
14922 13216
14924 13316
14925 13252
14929 13312
14930 13313
14932 13314
14933 13308
14934 13258
14938 13213
14954 13265
14961 13278
14965 13336
14971 13241
14974 13239
14979 13351
14980 13349
14985 13298
14992 13370
14993 13272
14998 13348
15004 13325
15010 12546
15022 13296
15025 13281
15038 13294
15039 13303
15040 13304
15046 13399
15051 13409
15063 13394
15065 13321
15066 13439
15073 13311
15092 13337
15093 13326
15096 13434
15107 13463
15111 13329
15112  2238
15115 13342
15117 13347
15132 13354
15134 13362
15135 13363
15143 13368
15156 13373
15159 13365
15169 13374
15170 13389
15176 13411
15178 13388
15179 13384
15192 13387
15201 13400
15203 13413
15205 13385
15206 13418
15219 13408
15222 13423
15230 13410
15231 13521
15235 13417
15237 13515
15241 13414
15248 13536
15257 13420
15265 13442
15269 13554
15271 13564
15276 13432
15278 13581
15280 13590
15281 13457
15289 13586
15290 13448
15294 13536
15298 13454
15303 13566
15304 13461
15306 13458
15308 13460
15309 13595
15312 13482
15314 13574
15315 13520
15322 13486
15323 13466
15342 13488
15347 13630
15351 13627
15358 13499
15366 13498
15368 13512
15372  6437
15381 13497
15382 13518
15393 13647
15396 13657
15397 13526
15405 13667
15438 13708
15439 13709
15440 13539
15443 13703
15446 13687
15449 13547
15461 13565
15463  5895
15465 13558
15471 13555
15473 13557
15487 13537
15491 13563
15493 13572
15496 13728
15500 13734
15508 13710
15514 13646
15516 13712
15524 13583
15528 13749
15540 13592
15543 13591
15546 13599
15551 13744
15559 13602
15564 13781
15568 13767
15580 13767
15581 13618
15591 13798
15592 13638
15603 13637
15604 13640
15607 13642
15608 13805
15614 13643
15616 13659
15618 13673
15621 13675
15629 13655
15631 13664
15633 13632
15658 13686
15660 13681
15669 13677
15671 13838
15672 13680
15679 13695
15684 13822
15690 13694
15712 13783
15722 13715
15724 13732
15726 13881
15731 13723
15732 13738
15741 13751
15753 13740
15756 13741
15759 13739
15761 13736
15765 13748
15779  6279
15790 13775
15792 13776
15795 13777
15807 13835
15813 13912
15815 13839
15818 13936
15825 13790
15828 11516
15830 13931
15833 13793
15835 13794
15837 13849
15849 13796
15859 13800
15870  2796
15872 13809
15875 13809
15888 13815
15904 13840
15905 13826
15906 13827
15910 13891
15911 13968
15925 13841
15928 13863
15934 13847
15944 13859
15948 13980
15951 13861
15953 13854
15955 13862
15967 13867
15973 13869
15976 13855
15977 13886
16001 14019
16017 13901
16018 14044
16019 14028
16024 13902
16030 13911
16031 13910
16035 14061
16038 14062
16044 14068
16056 13919
16062 13984
16072 13945
16077 13941
16078 13942
16079 13939
16083 13950
16096 13970
16101 14046
16107 13958
16109 14020
16113 13974
16119 14113
16133 14134
16136 13978
16146 14076
16152 14080
16155 14150
16162 14159
16165 14011
16168 14139
16171 14006
16173 14004
16204 14163
16210 14016
16218 14034
16219 14166
16236 14193
16239 14039
16245 14043
16250 14041
16252 14050
16257 14177
16263 14042
16265 14045
16275 14051
16292 14057
16293 14220
16295 14049
16296 14069
16300 14054
16301 14224
16302 10666
16303 14060
16307 14231
16326 14074
16351 14095
16363 14097
16373 14103
16377 14104
16379 14188
16405 14121
16412 14120
16428 14131
16435 14285
16445  8397
16449 14140
16450 14314
16476  6149
16478 14349
16479 14341
16492 14346
16495 14346
16499  1551
16547  4376
16561 14379
16567 14389
16589  6841
16610 14391
16614 14418
16642 20160
16644 14439
16648 14432
16651 14433
16669 11483
16692 14424
16702 14424
16705 14479
16730   132
16793 14509
16813 14583
16817 14555
16849 14597
16887 14654
16949 14750
16964 14731
16978 14790
16981 14719
16982 14763
17011 14794
17044 14823
17106 14913
17115 14913
17125     6
17133 14919
17146 14936
17167 14987
17170 14956
17177 10921
17295 12143
17314 15214
17386  7818
17472   387
17481 14155
17544 15523
17557 20282
17583 15537
17650 13868
17654 15501
17829 10805
17844  7242
17936  3042
17959  6642
17994  2573
18005 15356
18020   135
18039  5163
18042 13534
18049 15356
18156 11917
18242  1218
18261   156
18287  5327
18327  8804
18348  2508
18369 16028
18380 14076
18406  7943
18416  3645
18496 12014
18610 10656
18615 19916
18631    59
18642 16636
18673    67
18675  5948
18690 20258
18700 20211
18713 13971
18718 20299
