    0    25
    1     9
    6    25
   11  7193
   17   349
   22 17403
   27    30
   29    34
   36   398
   40 14874
   44     2
   46    26
   49  3980
   52    95
   62   228
   65   162
   74   177
   75   388
   77   389
   86   429
   87    35
   92   403
   94   422
   97   431
  103   440
  132   317
  133   295
  139   483
  157   434
  159   509
  162   326
  173   283
  178   476
  180 10193
  191   472
  197   358
  205   497
  213  4468
  216   366
  222   185
  227   517
  228   188
  229   528
  235   560
  237   198
  249   173
  255   202
  257   216
  258   550
  260   229
  263   541
  265   523
  275   230
  277   464
  284  4932
  286   460
  288   255
  289 15769
  290   231
  291   469
  293   559
  294   475
  295   225
  301   596
  304   500
  309   590
  311   336
  318   621
  320 16015
  324   575
  329   259
  331   524
  332   649
  333   529
  335   337
  336   268
  341   285
  342   347
  345   284
  346   539
  347   545
  348   354
  350   551
  354   644
  356   557
  361   676
  362   538
  369   576
  380   385
  383   588
  384   583
  387   587
  389   602
  392   817
  399   669
  400   608
  405   604
  406   589
  413   837
  416  8495
  417   641
  418   639
  419   830
  420   702
  424   433
  429   369
  431   617
  432   668
  435   716
  436   610
  438   853
  442   815
  443   519
  447   725
  449 15248
  450   683
  451   662
  455   655
  457   860
  459   695
  460  3155
  461   470
  463   652
  464   455
  465   682
  466   689
  468   752
  473   750
  474   480
  475   673
  476   868
  477   703
  478   688
  480   694
  483   841
  484   367
  485  1074
  486   667
  487   804
  489   701
  490   710
  492   886
  498   499
  500   685
  501   819
  503   862
  504   732
  509  2015
  510   686
  511   690
  512   827
  513   836
  515   898
  516   724
  520   671
  521   727
  522 10857
  523   728
  524   706
  527   681
  528 11091
  529   843
  531   428
  532   794
  534   751
  536   754
  538   696
  539   619
  540   896
  543   901
  550   907
  551   774
  553   822
  555   869
  558   848
  560   413
  561   408
  562   412
  563   763
  574   740
  575   416
  579   663
  580   802
  581  1428
  584   494
  585   807
  587   661
  588   397
  589   425
  590   463
  591   790
  595   782
  598   512
  599   806
  603   949
  604   504
  605   488
  606   437
  608   812
  610   448
  612   961
  614   820
  615   915
  616   496
  621   692
  623   833
  625   924
  629 12681
  631  1022
  637   720
  641   477
  644   715
  646   531
  647   535
  648   636
  649   935
  650   634
  652  1012
  654   491
  656   642
  660   492
  661  1044
  663   514
  665  1238
  666   855
  667   917
  668   562
  675   658
  677   851
  680   741
  681   989
  684   856
  687   850
  689  1006
  691  1000
  692   745
  693   885
  696   571
  701   872
  702   938
  703   890
  707  7241
  709  1018
  710   760
  714   963
  718   899
  720  1017
  724   892
  725  1088
  726   708
  729   882
  730   778
  733 16361
  735   995
  744   771
  745   999
  747   921
  748   897
  749   821
  757   944
  758   823
  760   918
  761  1003
  763   906
  764   846
  767   908
  768   612
  770   927
  772   936
  778  1028
  780  1072
  782   876
  783  1085
  784   877
  787   870
  789   934
  796   874
  797  1099
  800   947
  802  1074
  803   920
  804  1076
  806  1078
  807   955
  809   930
  810   845
  811  1039
  812   865
  813  1036
  815   971
  816   974
  817  1084
  818   939
  822   912
  823   666
  824   968
  826   858
  829   965
  831   970
  832   866
  833  1094
  835   900
  836  1093
  839   803
  843   977
  846   944
  850   894
  854   891
  855  1082
  856   903
  857   913
  859   679
  860   988
  862   993
  863   944
  865  1079
  868   834
  869   979
  870  1001
  872  1042
  874  1042
  875   873
  877   922
  880   984
  881  1019
  882   884
  889  1097
  891   792
  892  1011
  893  1140
  898   761
  904  1154
  905  1035
  909   796
  913  1115
  918   825
  919  1189
  921  1025
  923  1038
  924   960
  926   825
  927   777
  929  1188
  933  1165
  935  1156
  936  1043
  937  1101
  938  1247
  939   990
  941  1254
  942  1071
  943  1100
  944  1062
  945  1251
  950  1080
  951  1233
  952   980
  955  1089
  961  1024
  962  1216
  968  1034
  988  1294
  993  1223
  995  1320
  996  1240
  999  1149
 1001  1262
 1005  1312
 1006  1177
 1009  1068
 1013  1166
 1014  1087
 1015  1181
 1018   940
 1021 12607
 1022  1259
 1024   940
 1026  1111
 1032  1106
 1034   942
 1035  1371
 1036   969
 1038  1368
 1042  1284
 1050  1415
 1051  1125
 1055  1400
 1056  1387
 1058  1126
 1059  1173
 1060  1723
 1063  1316
 1064  1393
 1065  1104
 1069  1129
 1070  1304
 1072  1233
 1075  1421
 1076  1408
 1080  1141
 1080  1161
 1083  1438
 1087  1448
 1089  1231
 1091  1155
 1092  1133
 1097  1450
 1101  1465
 1102  1157
 1103  1472
 1107  1505
 1109  1353
 1113  1142
 1115  1210
 1116  1176
 1117  1478
 1118  1158
 1120  1139
 1123  1030
 1124  2396
 1125  1483
 1128  1377
 1129  1484
 1132  1494
 1134  1513
 1135  1347
 1136  1150
 1137  1337
 1139  1516
 1144  1499
 1145  1397
 1146  1517
 1150  1213
 1152  1329
 1153  1529
 1155  1033
 1156  1325
 1157  1214
 1158  1555
 1162  1234
 1168  1372
 1169  1211
 1170  1228
 1176  1547
 1178  1545
 1179  1218
 1180  1469
 1181  1215
 1182  1015
 1183  1573
 1184  1586
 1187  1391
 1188  1255
 1192  1452
 1193  1593
 1194  1258
 1196  1592
 1197  1629
 1198  1603
 1200  1405
 1201  1611
 1203  1272
 1204   796
 1205 14123
 1207  1243
 1208  1625
 1210  1291
 1212  1492
 1214   784
 1218  1245
 1222  1224
 1226  1664
 1227  1107
 1228  1661
 1229  1612
 1230  1435
 1232  1256
 1233  1639
 1234  1253
 1237  1270
 1238  1119
 1239  1471
 1241  1263
 1243  1313
 1244  1669
 1245  1124
 1246  1684
 1247  1684
 1248  1264
 1250  1470
 1251  1598
 1253  1470
 1254  1541
 1257  1479
 1258  1475
 1260  1488
 1264  1485
 1266  1293
 1268  1704
 1270  1561
 1272  1273
 1273  1333
 1275  1290
 1276  1301
 1280  1275
 1282  1715
 1283  1509
 1289  1302
 1290  1328
 1294  1292
 1296  1539
 1304  1554
 1305  1728
 1307  1557
 1310  1736
 1311  1744
 1315  1498
 1317  1238
 1318  1147
 1319  1739
 1320  1307
 1324  1563
 1326  1348
 1327  1179
 1328  1334
 1329  1359
 1331  1365
 1336  1515
 1338  1572
 1343  2410
 1345  1523
 1346  1577
 1347  1419
 1348  1340
 1352  1581
 1353  1783
 1355  1351
 1357  1729
 1362  1345
 1366  1339
 1367  1182
 1368  1596
 1369  1540
 1371  1186
 1373  1723
 1374  1338
 1375  8302
 1377  1618
 1380  1633
 1382  1651
 1383  1619
 1386  1367
 1394  1375
 1400  1373
 1401  1381
 1403  1404
 1405  1589
 1409  1230
 1414  1785
 1415  1647
 1419  1583
 1422  1597
 1428  1649
 1430  1866
 1432  1587
 1434  1242
 1435  1392
 1436  1394
 1440  1402
 1445  1819
 1446  1427
 1448  1826
 1449  1480
 1450  1875
 1456  1792
 1457  1422
 1461  1640
 1464  1891
 1468  1482
 1469  1624
 1470  1445
 1471  1903
 1472  1489
 1473  1429
 1476  1775
 1479  1737
 1488  1274
 1489  1906
 1492  1437
 1493  1453
 1498  1657
 1501  1961
 1502  1955
 1503  1430
 1505  1299
 1506  1925
 1508  1934
 1509  1923
 1511  1817
 1512  1878
 1520  1958
 1526  1947
 1529  1701
 1532  1491
 1535  1560
 1536  1451
 1541  1458
 1542  1428
 1544  1508
 1545  1507
 1551  1459
 1553  1830
 1554  1957
 1556  2015
 1558  1579
 1560  1501
 1561  1503
 1563  1567
 1567  1520
 1571  1477
 1573  1588
 1580  1309
 1584  1600
 1585  1893
 1589  1532
 1590  1504
 1593  1460
 1595  1496
 1598  1821
 1599  2056
 1600  1972
 1607  1809
 1609  1699
 1610  2060
 1618  1535
 1620  1617
 1621  1559
 1623  1644
 1626  2007
 1629  2066
 1630  1935
 1631  1835
 1633  1641
 1636  1835
 1637  2075
 1639  1635
 1647  1659
 1648  1671
 1649  2080
 1650  2023
 1651  2078
 1654  1548
 1656 14896
 1657  1423
 1659  8255
 1664  1552
 1665  1987
 1667  1668
 1668  1590
 1669  1860
 1670  1534
 1671  2054
 1676  1616
 1678  2164
 1681  1364
 1689  1642
 1696  1898
 1697  1807
 1698  2065
 1699  1693
 1700  1605
 1704  1622
 1705  2084
 1706  1578
 1707  1698
 1708  7206
 1715  1892
 1719  2069
 1720  1738
 1724  1574
 1727  2108
 1728  1960
 1731  1441
 1733  1930
 1734  2120
 1735  1952
 1740  1628
 1747  2195
 1751  1713
 1754  2055
 1758  1665
 1761  1604
 1764  1606
 1765  1800
 1766  2150
 1772  1765
 1773  1806
 1775  2136
 1776  1818
 1777  1985
 1781  1672
 1783  1663
 1786  1756
 1787  1531
 1789  1802
 1794  1912
 1798  2057
 1800  2050
 1803  1660
 1804  2140
 1805  1565
 1805  1678
 1806  1677
 1807  1575
 1808  1675
 1809  1868
 1812  1748
 1814  2214
 1820  1859
 1821  1810
 1822  1808
 1827  1722
 1831  1550
 1833  2067
 1834  1827
 1838  1710
 1840  1969
 1842  1862
 1845 16246
 1847  1645
 1849  2257
 1850  1727
 1851  1769
 1853  1894
 1860  2129
 1862  1670
 1863  2101
 1864  2111
 1866  2268
 1873  1599
 1878  1928
 1879  2085
 1880  1755
 1887  1690
 1888  1815
 1890   258
 1891  1711
 1892   720
 1893 10206
 1896 14150
 1899  2046
 1902  1703
 1905  1721
 1907  1917
 1916  1712
 1917  2008
 1934  1871
 1935  1870
 1936  2291
 1944  2092
 1948  1685
 1950  2088
 1952  2095
 1960  1787
 1962   106
 1965  6795
 1966  1788
 1969  1788
 1973  1799
 1978 17253
 1984  2285
 1985  2370
 1986  1720
 1987  2206
 1994  1170
 1995  2076
 1997  1801
 2001  2216
 2012  2300
 2014  2307
 2016  1828
 2030  2355
 2035  1881
 2037   804
 2037  2404
 2039 16761
 2040  2331
 2042  1773
 2044  1774
 2048  2317
 2051  1900
 2053  2412
 2059  2097
 2061  1944
 2063  1847
 2064  1778
 2066  1780
 2069  2327
 2071  2413
 2073  2348
 2079  2019
 2083  2113
 2085  1902
 2090  2341
 2092  6688
 2093  2346
 2095  2347
 2097  2394
 2098  2351
 2101  2357
 2104  6924
 2105  1911
 2109  2356
 2111  2445
 2113  1890
 2114  1139
 2117  2406
 2119  1910
 2120  1929
 2121  2401
 2123  2171
 2132  2048
 2138  1879
 2144  1872
 2148  2368
 2149  2369
 2156  2396
 2160  2198
 2161  2336
 2162  1998
 2167  2382
 2172  2375
 2172  2384
 2176  1931
 2177  2390
 2180  1918
 2181  2038
 2182  2426
 2183  1886
 2184  1885
 2185  2440
 2186  2467
 2186  2474
 2187  2398
 2190  2410
 2196  2385
 2197  1971
 2207  1936
 2208 10862
 2211  2105
 2217  2455
 2223  2408
 2228  2433
 2229  2005
 2231  1946
 2235  2380
 2238  2443
 2240  2479
 2241  2409
 2243  2028
 2245  1964
 2248  2143
 2249  2044
 2250  2112
 2251  2446
 2252  2415
 2253  2442
 2254  6163
 2257  2471
 2260  2417
 2261  2458
 2263  2421
 2265  2087
 2268  2488
 2280  2059
 2281  2096
 2282  2449
 2288  2025
 2289  2475
 2292  2503
 2294  2265
 2300  2402
 2303 12447
 2305  2464
 2307  2450
 2309  2465
 2313  2469
 2315  2454
 2316  2577
 2317  2486
 2318  2463
 2319  2461
 2322  2505
 2325  2245
 2326  2468
 2328  2118
 2331  2462
 2335  2294
 2337  2494
 2340  2515
 2341  2481
 2342  2487
 2343  2142
 2345  2174
 2350  2495
 2352  2493
 2353  2498
 2354  2145
 2356  2184
 2358  2559
 2368  2303
 2376  2298
 2378  2483
 2382  2480
 2383  2522
 2384  2573
 2388  2362
 2389  2333
 2390  2514
 2393  2512
 2394  2573
 2395  2514
 2396  2541
 2399  2518
 2401  2549
 2407  2535
 2408  2534
 2410  2188
 2416  2593
 2417  2526
 2422  2647
 2423  2550
 2426  2168
 2433  2520
 2436  2543
 2441  2249
 2443  2546
 2444  2571
 2445  2190
 2447  2624
 2448  2547
 2450  2233
 2452  2249
 2457  2574
 2466  2253
 2467  2635
 2472  2258
 2473  2222
 2475 10331
 2478  2576
 2487  2570
 2489  2598
 2490  2565
 2494  2569
 2501  2569
 2502  2613
 2504  2654
 2507  2399
 2508  2646
 2511  2611
 2516  2575
 2517  2589
 2525  2476
 2526  2591
 2532  2627
 2533  2261
 2534  2603
 2535  2615
 2536  2477
 2538  2621
 2542  2662
 2543  2599
 2544  2633
 2547  2594
 2551  2686
 2555  2597
 2557  2657
 2559  2625
 2562  2705
 2565  2684
 2566  2610
 2568  2302
 2570  2273
 2572  2645
 2576  2663
 2577  2708
 2579  2287
 2580  2733
 2583  2730
 2584  3727
 2585  2658
 2591  2692
 2594  2296
 2602  2649
 2606  2363
 2611  2747
 2611  2789
 2614  2638
 2615  2677
 2616  2499
 2617  2707
 2618  2738
 2625  2685
 2627  2323
 2629  2436
 2630   781
 2633  2778
 2636  2719
 2640  2696
 2644  2702
 2648  2600
 2649  2537
 2651  2740
 2655  2744
 2658  2744
 2662  2691
 2664  2697
 2666  2386
 2668  2600
 2670  2726
 2671  2728
 2671  3818
 2675  2723
 2683  2734
 2684  2472
 2685  2699
 2690  2759
 2692  2750
 2693  2756
 2694  2754
 2697  2780
 2699  2504
 2700  2805
 2704  2766
 2706  2727
 2707  2843
 2710  2836
 2711  2763
 2713  2732
 2715  2788
 2716  2804
 2722  2149
 2724  2904
 2725  2492
 2726  2798
 2729  2754
 2731  2768
 2735  2792
 2736  2806
 2737  2802
 2740  2791
 2745  2785
 2746 12971
 2747  2605
 2748  2796
 2749  2777
 2755  2809
 2756  2811
 2757  2825
 2761  2890
 2762  2600
 2765  2812
 2766  2818
 2767  2578
 2771  2869
 2772  2840
 2778  2808
 2781  2801
 2782  2847
 2783  2813
 2783  3214
 2784  3084
 2785  2838
 2792  2829
 2793  2848
 2794  2523
 2800  2826
 2802  2788
 2803  2853
 2804  2985
 2806  2831
 2807  2934
 2811  3230
 2812  2948
 2814  2841
 2815  2872
 2816  2517
 2817  2651
 2821  2875
 2822  2873
 2824 10558
 2825  2865
 2827  2865
 2832  3136
 2834  2816
 2836  2971
 2837  2863
 2840  2888
 2841  6092
 2842  2898
 2849  2533
 2850  2895
 2859  2933
 2864  2921
 2866  2892
 2871  2939
 2872  2943
 2874  2836
 2878  2612
 2880  2908
 2883  2951
 2884  2957
 2886  2984
 2888  2897
 2889  2545
 2890  2804
 2898  2945
 2902  2932
 2903  2970
 2905  2930
 2908  2557
 2910  2737
 2911  2977
 2912  3502
 2913  2965
 2918  2990
 2919  2554
 2921  2999
 2923  2976
 2930  2827
 2931  3071
 2931  3289
 2938  1565
 2939  3005
 2941  3230
 2947  3113
 2948  3084
 2950  2584
 2955  3028
 2957  3015
 2959  3034
 2962  2641
 2965  3112
 2966  2901
 2971  2717
 2973  3167
 2975  2688
 2976  3136
 2977  3043
 2979  3026
 2980  3040
 2981  3090
 2982  3064
 2983  2595
 2984  2694
 2985  3033
 2989  3224
 2991  2595
 2993  3054
 2998  3037
 3000  3089
 3003  3070
 3006  3085
 3008  2837
 3009  3226
 3015  3110
 3018  3108
 3019  3256
 3021  3092
 3025  3143
 3027  2761
 3029  3123
 3033  2743
 3040  2842
 3043  3147
 3045  3080
 3048  3157
 3050  3140
 3053  2675
 3054  2953
 3055  3098
 3058  3158
 3072  2887
 3073  3165
 3074  2864
 3075  3269
 3076  2721
 3077  2711
 3082  3285
 3088  3230
 3090  2889
 3092  2748
 3098  3168
 3100  3137
 3105  3160
 3106  3387
 3107  7581
 3108  2889
 3109  3201
 3114  2794
 3116  2819
 3118  2820
 3120  3205
 3122  3361
 3123  3176
 3124  3318
 3129  3259
 3132  3184
 3133  3213
 3134  3187
 3138  3329
 3143  3193
 3144  3236
 3148  3181
 3150  2833
 3151  2914
 3152  2807
 3154  3245
 3156  2749
 3158  3337
 3159  2808
 3160  2927
 3163  3244
 3165  2823
 3166  3292
 3167  3350
 3168  2855
 3169  3237
 3170  3203
 3171  2745
 3175  2937
 3179  3384
 3180  2967
 3182  3214
 3184  3232
 3185  3030
 3186  3496
 3188  2885
 3189  3364
 3190  3240
 3191  3231
 3198  2840
 3199  3266
 3200  2858
 3202  3272
 3206  3317
 3210  3003
 3211  2975
 3213  3293
 3214  3081
 3215  3411
 3220  3365
 3223  2860
 3230  3025
 3232  3451
 3233  3019
 3235  2914
 3239  3321
 3243  3389
 3252  2814
 3253  3309
 3255  3061
 3257  3074
 3259  3368
 3262  3327
 3264  3274
 3266  3068
 3268  3281
 3269  4902
 3271  2821
 3272  2996
 3273  2810
 3281  2815
 3286  3313
 3289  3264
 3293  3314
 3294  3314
 3297  3345
 3308  3448
 3310  3474
 3312  3331
 3313 15935
 3314  2861
 3315  2909
 3317  3461
 3320  3296
 3326  3307
 3327  3375
 3328  3230
 3330  3365
 3339  2914
 3341  3388
 3342  3464
 3346  2859
 3348  2876
 3351  3395
 3352  3419
 3356  2968
 3358  3487
 3362  3057
 3363  3407
 3366  3415
 3367 16853
 3368  3481
 3372  3057
 3373  3394
 3374  3418
 3377  3729
 3386  3383
 3387  3078
 3388  3482
 3393  3004
 3394  2983
 3396  3096
 3400  3115
 3401  2987
 3404  2941
 3406  3519
 3408  3425
 3409  3433
 3411  3438
 3418  2902
 3420  3512
 3423  2934
 3425  3437
 3426  3519
 3430  3446
 3433  3503
 3437  3417
 3439  3129
 3440  3478
 3446  3135
 3447  3010
 3450  2928
 3452  3209
 3456  3531
 3457  2959
 3463  3455
 3466  2989
 3468  3443
 3469  3053
 3470 10786
 3471  3086
 3475  2376
 3477  3052
 3478  3456
 3481  3056
 3483  2969
 3488  3477
 3492  3063
 3494  3558
 3495  3056
 3500  3182
 3503  3472
 3504  3202
 3508  3483
 3509  3194
 3511  3538
 3512  3491
 3514  8046
 3517  3601
 3518  2981
 3521  3500
 3522  3547
 3524  3094
 3535  3495
 3539  3029
 3540  3227
 3542  3238
 3549  3517
 3550  3701
 3551  3509
 3552  3172
 3554  7471
 3557  3258
 3558  3199
 3560  3597
 3565  4573
 3566  3513
 3567  3014
 3569  3051
 3570  1849
 3572  3142
 3574  3521
 3578  3480
 3585  3090
 3586  3587
 3595  3133
 3602  3508
 3603  3255
 3604  2300
 3604  3544
 3606  3171
 3612  3265
 3613  3161
 3615  3578
 3616  3622
 3621  3511
 3621  3515
 3626  3222
 3628  3282
 3629  3273
 3630  3568
 3632  2598
 3634  3561
 3635  3125
 3637  3124
 3638  3344
 3643  3571
 3647  3648
 3654  3352
 3657  3121
 3660  3164
 3661  3239
 3665  3263
 3666  3366
 3667  3139
 3668  3283
 3671  3580
 3677  3591
 3678  3588
 3679  3360
 3683  3588
 3684  3385
 3685  3593
 3688  3341
 3690  3545
 3691  3290
 3694  3582
 3697  3575
 3700  3254
 3702  3174
 3709  3154
 3715  3243
 3717  9148
 3722  3567
 3724  3635
 3731  3621
 3735  3609
 3736  3586
 3737  3733
 3739  3581
 3743  3198
 3744  3195
 3747  3613
 3756  3326
 3757  3662
 3761  3630
 3763  3662
 3767  3679
 3769  3554
 3774  3683
 3775  3669
 3776  3670
 3777  3708
 3783  3657
 3784  3235
 3789 16681
 3792  3644
 3793  3302
 3795  3241
 3806  3420
 3807  3316
 3809  3260
 3811  3794
 3815  3688
 3818  3731
 3820  3727
 3821  3319
 3826  3430
 3834  3489
 3838  3476
 3840  3819
 3841  3497
 3842  3439
 3845  3299
 3847  3684
 3849  3734
 3851  3399
 3852  3466
 3854  3690
 3855  3709
 3861  3726
 3867  3465
 3869  3507
 3871  3769
 3874  3865
 3878  3328
 3884  3764
 3886  3440
 3887  3862
 3889  3353
 3903  3777
 3905  3424
 3909  3426
 3910  3553
 3913  3947
 3915  3842
 3916  3367
 3917  3577
 3920 14031
 3923  3431
 3924  3541
 3925  3551
 3926  3787
 3929  3542
 3936  3552
 3938  3584
 3942  3810
 3944  3818
 3946  3573
 3947  3612
 3949  3604
 3952  3866
 3953  3617
 3955  3969
 3957  3971
 3958  3565
 3959  3882
 3960  3960
 3972  3992
 3974  3627
 3974  3646
 3978  3848
 3981  3628
 3983  4032
 3989  3872
 3991  3469
 3992  3659
 3993  3849
 3994  3596
 3995  3816
 3996  3463
 3999  3962
 4000  3870
 4001  3603
 4002  3611
 4005  3599
 4006  4114
 4008  3703
 4009  3957
 4011  3514
 4012  3937
 4014  3447
 4015  3925
 4018  3783
 4019  3639
 4020  3932
 4021  3897
 4025  3897
 4027  3863
 4030  3676
 4031  3892
 4034 16319
 4036  3864
 4037  3859
 4038  3932
 4040  3685
 4049 14978
 4050  4065
 4051  3713
 4055   897
 4057  4159
 4062  3793
 4065  3939
 4069  3844
 4071  3689
 4074  3673
 4079  4117
 4084  3506
 4088  4103
 4089  3650
 4091  4020
 4097  4044
 4099  3765
 4101  3974
 4102  3741
 4104  3926
 4106  3549
 4107  3826
 4108  3883
 4109  3776
 4112  3722
 4114  4034
 4115  3714
 4117  4051
 4121  4049
 4124  3682
 4127  3559
 4129  3851
 4130  4136
 4131  3761
 4133  8229
 4134  4133
 4136  3867
 4141  3808
 4142  3745
 4143  4024
 4145  3779
 4147  4007
 4148  4089
 4151  3136
 4152  3782
 4155  3970
 4156  4059
 4158  4027
 4160  3696
 4161  4055
 4167  3744
 4170  4105
 4173  3767
 4180  4174
 4181  4120
 4183  4152
 4186  3852
 4187  4286
 4189  4058
 4190  3831
 4193  4104
 4194  4164
 4196  4225
 4200 10581
 4212  4191
 4213  3875
 4215  4287
 4221  4026
 4222  3949
 4225  4196
 4227  4062
 4229  3789
 4230  3813
 4232  3806
 4235  4264
 4239  4077
 4242  3812
 4243  4221
 4244  3923
 4245  4125
 4247  3891
 4248  4092
 4252  3990
 4253  4283
 4257  3983
 4259  3901
 4261  4146
 4262  4053
 4268  4284
 4269  3846
 4270  3589
 4272  4239
 4273  4154
 4276  4015
 4278  4243
 4281  3904
 4282  4087
 4283  4227
 4285  4372
 4286  3967
 4289  4132
 4290  3913
 4293  3632
 4294  3633
 4297  4030
 4301  3664
 4303  4251
 4305  4204
 4308  4156
 4312  3984
 4313  4142
 4314  3715
 4321  4123
 4322  4327
 4323  4305
 4325  4240
 4329  3902
 4331  4172
 4335  4199
 4336  3905
 4337  4218
 4338  4075
 4339  3908
 4340  4090
 4349  4213
 4354  3945
 4355  3861
 4356  3999
 4359  3699
 4360  3602
 4361  4175
 4364  3868
 4368  3705
 4371  4000
 4373  4400
 4377  3674
 4381  4028
 4383  3988
 4389  4169
 4390  4252
 4393  4073
 4395  4209
 4401  4411
 4402  4263
 4403  3641
 4405  4067
 4406  3903
 4411  4417
 4412  4338
 4413  4344
 4418  3707
 4420  3951
 4422  4041
 4423  4310
 4425  3946
 4428  4150
 4429  3663
 4432  4096
 4433  4259
 4435  4178
 4439  3976
 4442  4247
 4444  4130
 4445  4064
 4447  4418
 4448  3710
 4450  4454
 4451  3965
 4454  3964
 4460  3652
 4462  4446
 4465  4408
 4466  4302
 4469  4271
 4470  4380
 4471  3995
 4473  3661
 4475 11147
 4478  4217
 4480  4011
 4482  4157
 4487  4375
 4490  2760
 4491  4111
 4492  4047
 4494  4281
 4496  3807
 4498  4416
 4499  4376
 4500  3881
 4501  4467
 4503  4230
 4504  4314
 4506  4401
 4510  4180
 4512  3786
 4514  4249
 4515  3784
 4527  4200
 4530  4224
 4535  4342
 4540  4315
 4543  4382
 4546  4248
 4548 11948
 4551  4349
 4552  3762
 4554  4317
 4555  4471
 4557  4188
 4559  4206
 4562  4459
 4565  3871
 4566  4436
 4574  3915
 4577  4434
 4589  4518
 4592  4526
 4593  4234
 4594  4304
 4596  4455
 4600  4479
 4602  4534
 4603  4502
 4607  4190
 4608  4525
 4609  4336
 4613  4393
 4614  3748
 4615  4255
 4621  4501
 4622  4494
 4629  4492
 4631  4278
 4632  4524
 4638  3955
 4642  4565
 4645  4359
 4647  4532
 4648  4422
 4653  3980
 4654  4148
 4656  3822
 4661  4308
 4662  4388
 4663  4458
 4668  4449
 4673  7090
 4675  4124
 4678  4365
 4679  3828
 4681  4160
 4686  4356
 4687  4166
 4689  4598
 4690  4569
 4694 10818
 4695  4478
 4696  4604
 4697  4602
 4701  4515
 4706  4519
 4707  6725
 4709  4605
 4717  4575
 4719 11567
 4723  4588
 4724  3912
 4725  3927
 4729  4620
 4733  4466
 4734  4578
 4747  4640
 4753  4061
 4760  4060
 4761  4590
 4763  9745
 4764  4651
 4769  4468
 4777  9431
 4788  4091
 4793  4167
 4795  4707
 4798  4332
 4801  4688
 4803  4277
 4805  4168
 4806  4184
 4807  4268
 4808  4245
 4809  4137
 4810  4348
 4812  4482
 4813  4279
 4818  4625
 4820  4237
 4822  4262
 4823  4483
 4825  4364
 4828  4483
 4832  4274
 4837  4367
 4838  4340
 4839  4392
 4841  4378
 4843  4391
 4844  4373
 4845  4369
 4848  4529
 4849  4368
 4850  4324
 4851  4362
 4856  4435
 4857  4437
 4858  4513
 4859  4546
 4860  4339
 4864  4441
 4866  4320
 4867  4353
 4868  4453
 4871  4354
 4875  4394
 4877  4577
 4879  4545
 4881  4555
 4883  4595
 4889  4403
 4890  4462
 4894  4472
 4895  4592
 4899  4463
 4900  4495
 4902  4402
 4903  4433
 4905  4423
 4908  4425
 4913  4425
 4914  4520
 4916  4536
 4920  4396
 4921  4464
 4925  4464
 4930  4593
 4934  4531
 4935  4609
 4936  4551
 4937  4541
 4939  4674
 4942  4533
 4945  4549
 4947  4509
 4948  4540
 4950  4563
 4954  4550
 4959  4594
 4961  4597
 4962  4623
 4965  4574
 4968  9308
 4970  4560
 4973  4705
 4974  4668
 4986  4661
 4988  4634
 4989  4711
 4991  4727
 4997  4615
 5001  4881
 5002  4702
 5003  4650
 5004  4690
 5005  4652
 5007  4671
 5008  4883
 5009  4733
 5012  4629
 5015  4748
 5018  4743
 5022  4740
 5025  4708
 5030  1430
 5032  4682
 5033  4679
 5034  4787
 5035  4608
 5036  4798
 5037  4632
 5038  4751
 5043  4830
 5044  4738
 5045  4764
 5046  4617
 5047  4657
 5048  4818
 5049  4770
 5052  4721
 5059  4703
 5060  4757
 5061  4767
 5062  4713
 5063  4656
 5065  4726
 5069  4771
 5073  4756
 5077  4766
 5080  4795
 5083  4774
 5085  4735
 5086  4765
 5087  4813
 5089  4695
 5090  4780
 5091  4670
 5093  4672
 5095  4785
 5099  4669
 5101  4700
 5104  4788
 5107  4972
 5108  4811
 5112  4696
 5113  4899
 5114  4801
 5118  4944
 5121  4877
 5122  4914
 5124  4736
 5126  4872
 5127  4786
 5128  4692
 5130  4825
 5131  4816
 5132  4710
 5133  4914
 5135  4961
 5136  4761
 5140  4803
 5145  4815
 5146  4976
 5150  4931
 5151  4857
 5153  4769
 5156  6765
 5158  4926
 5159  4861
 5160  4950
 5163  4949
 5166  4872
 5168  4829
 5169  4863
 5172  4852
 5179  4746
 5185  4837
 5186  4841
 5188  4750
 5192  4848
 5195  4968
 5198  4901
 5200  4845
 5203 11267
 5204  4999
 5209  4915
 5217  4893
 5219  4895
 5221  4916
 5221  6731
 5222  4843
 5226  4826
 5228  4838
 5230  4784
 5233  4842
 5238  4820
 5249  4844
 5250  4859
 5254  4823
 5258  4986
 5263  4990
 5267  4828
 5269  4991
 5271  4807
 5278  5028
 5281  4919
 5282  5085
 5285  4849
 5288  5018
 5291  5020
 5298  4885
 5308  5073
 5312  5086
 5316  4869
 5317  4903
 5318  4980
 5320  5021
 5322  4887
 5325  5068
 5327  4890
 5330  5068
 5330  5076
 5331 17020
 5335  3431
 5337  5080
 5339  5124
 5340  4936
 5342  4868
 5342  4995
 5343  5103
 5347  4867
 5351  5096
 5356  5138
 5357  5119
 5362  4962
 5363  4860
 5367  4922
 5377  5130
 5383  4934
 5384  4900
 5390  4905
 5392  4983
 5393  5072
 5397  4932
 5399  4937
 5400  4938
 5405  4940
 5415  4927
 5418  4924
 5420  4987
 5423  5087
 5429  5108
 5430  5054
 5434  4958
 5435  1849
 5436  4993
 5441  5116
 5442  5118
 5444  4982
 5447  4989
 5448  5128
 5450  4967
 5453  5074
 5455  4935
 5459  5003
 5461  4984
 5462  5000
 5466  4963
 5467  5154
 5472  5022
 5488  5031
 5490  5032
 5495  5037
 5499  5026
 5505  5220
 5506  5216
 5507  5192
 5516  5224
 5521  5023
 5523 15357
 5527  5113
 5528  5013
 5538  5232
 5543   113
 5545  5041
 5555  5053
 5561  5144
 5564  5089
 5565  3360
 5566  5092
 5574  5112
 5576  5067
 5577  5294
 5581 15991
 5587  5260
 5588 10055
 5591  5237
 5592  5082
 5603  5149
 5605  5271
 5606  5288
 5607  5296
 5611  5099
 5615  5104
 5619 10030
 5627  5114
 5628  6963
 5630  5195
 5640  5120
 5641  5209
 5658  5143
 5661  5373
 5663  5280
 5667  5156
 5672  5274
 5675  5284
 5676  5132
 5679  5205
 5682  5349
 5683  5349
 5685  5302
 5689  5307
 5691  5169
 5696  5342
 5699  5262
 5702  5175
 5704  5371
 5705  5343
 5709  5328
 5712  5171
 5713  5337
 5715  1849
 5716  5351
 5717  5276
 5719  5246
 5723  5367
 5725  5385
 5726  5347
 5727  5352
 5731  5204
 5732 16556
 5738  5251
 5739  5221
 5741  5364
 5746  5393
 5747  5409
 5752  5379
 5754  5203
 5758  5219
 5761  5248
 5764  5212
 5765  5407
 5766  5313
 5767  5234
 5768  5255
 5774  5417
 5787  5223
 5788  5336
 5791  5414
 5792  5253
 5795  5252
 5799  5357
 5800  5435
 5801  5339
 5804  5297
 5805  5471
 5808  5266
 5810  5275
 5822  5277
 5826  5491
 5830  5498
 5831  5492
 5835  5465
 5837  5501
 5841  5505
 5846  5467
 5850  5474
 5851  5369
 5853  5477
 5856  5321
 5857  5516
 5858  5287
 5858 17007
 5859  5473
 5862  5322
 5864  5524
 5865  5305
 5868  5439
 5874  5301
 5877  5311
 5879  5454
 5893  5537
 5897  5537
 5898  5360
 5899  5395
 5906  5382
 5911  5503
 5912  5531
 5915  5359
 5916  5359
 5920  5375
 5922  5513
 5925  5513
 5927  5445
 5932  5518
 5933  5549
 5935  5387
 5936  5607
 5940  5575
 5945  5545
 5946  5538
 5948  5560
 5950  5478
 5954  5560
 5957  5452
 5959  5434
 5960  5463
 5962  5483
 5964  5580
 5965  5457
 5966  5458
 5969  5593
 5972  5629
 5973  5504
 5974  5555
 5975  5555
 5977  5586
 5978  5527
 5979  4160
 5982  5631
 5984  5630
 5987  5496
 5988  5643
 5989  5521
 5997  5616
 5998  5657
 6001  5515
 6004  5488
 6009  5523
 6010  5506
 6013  5669
 6016  5500
 6018  5482
 6019  5525
 6020  5520
 6023  5632
 6024  5526
 6025  5489
 6029  5522
 6034   278
 6042  5532
 6064  5587
 6080  5599
 6086  5724
 6087  5611
 6090  5570
 6091  5577
 6093  5621
 6094  5590
 6108  5635
 6113  5597
 6114  5584
 6119  5627
 6120  5604
 6122  5610
 6126  5636
 6127  5605
 6128  5757
 6130  5671
 6136  5620
 6139  5666
 6142  5628
 6145  5634
 6150  5641
 6152  5791
 6154  5681
 6159  5670
 6162  5617
 6164  5661
 6167  5623
 6170  5682
 6171  5698
 6172  5697
 6174  5667
 6182  5737
 6183  5695
 6186  5653
 6192  5662
 6197  5716
 6199  5740
 6200  5690
 6204  5741
 6207  5694
 6209  5692
 6217  5715
 6225  5728
 6227  5686
 6229  5722
 6235  5747
 6239  5762
 6240  5762
 6241  5734
 6244  5748
 6245  5777
 6252  5767
 6254  5781
 6259  5703
 6262  5783
 6268  5764
 6274  5778
 6279  5723
 6283  5733
 6285  5774
 6286  5717
 6287  5829
 6290  5708
 6291  5773
 6292  5713
 6295  5813
 6296  5768
 6297  5770
 6302  5800
 6307  5776
 6308  5795
 6312  5818
 6321  5819
 6324  5822
 6328  5867
 6329  5745
 6331  5771
 6334  1977
 6345  5750
 6347  5820
 6352  5866
 6353  4584
 6353  5869
 6354  5831
 6356  7246
 6357  5809
 6358  6765
 6368  5786
 6370  5882
 6371  5872
 6373  5825
 6374  5803
 6385  5984
 6387  5862
 6389  5907
 6391  5852
 6392  5938
 6393  5982
 6396  5814
 6406  5816
 6415  5924
 6419  5876
 6423 15407
 6425  5965
 6429  5966
 6432  5958
 6433  5826
 6438  5977
 6451  6014
 6456  6026
 6458  5859
 6459  5955
 6463  5894
 6464  6030
 6465  5839
 6472  5993
 6477  6846
 6478 12186
 6483  6000
 6489  5994
 6491  5888
 6493  5875
 6494  5864
 6495  5992
 6507  6039
 6514  6015
 6521  6074
 6524  5887
 6529  5992
 6529  6102
 6531  5926
 6539  5911
 6543  6049
 6545  5912
 6554  5922
 6566  5960
 6569  5945
 6570  5921
 6582  5978
 6587  5964
 6591  5986
 6594  5975
 6601  5988
 6602  5919
 6603 13312
 6606  6006
 6608  5940
 6614  5941
 6623  6034
 6626  5950
 6632  6010
 6635  5996
 6646  6040
 6647  5925
 6649  5983
 6654  5949
 6657  6021
 6658  6033
 6661  5951
 6664  6022
 6666  6027
 6667  6131
 6672  6045
 6687  6091
 6688  6012
 6690  6016
 6693  6053
 6695  6046
 6696  6037
 6697  6024
 6704  6065
 6714  6114
 6715  6051
 6725  6042
 6728  6098
 6733  6047
 6734  6056
 6737  6060
 6756  6109
 6758  6078
 6761  9987
 6764  6077
 6771  6127
 6780  6250
 6781  6146
 6783  6141
 6788  6093
 6794  6189
 6796  6121
 6804  6197
 6822  6289
 6824  6122
 6825  6192
 6834  6227
 6843  6166
 6844  6169
 6847  6165
 6848  6126
 6852  6158
 6870  6151
 6871  6167
 6872  6183
 6878  6216
 6885  6280
 6901  6231
 6903  6184
 6904  6170
 6906  6199
 6907  6174
 6908  6245
 6909  6253
 6910  6209
 6913  6261
 6915  6332
 6918  6192
 6928  6223
 6934  6268
 6939  6239
 6944  6341
 6951  6203
 6953  6212
 6956  6263
 6957  6278
 6959  6912
 6960  6206
 6967  6259
 6971  6215
 6973  6224
 6976  6210
 6979  6299
 6986  6356
 6987  6391
 6990  6258
 6991  6235
 6995  6381
 7001  6281
 7002  6366
 7005  6265
 7006  6230
 7008  6331
 7011  6295
 7017  6359
 7019  6378
 7022  6401
 7024  6269
 7025  6380
 7030  6246
 7032  6249
 7036  6394
 7048  6406
 7049  6457
 7056  6429
 7060  6412
 7062  6272
 7063  6276
 7068  6471
 7069  6395
 7073  6311
 7085  6438
 7093  6314
 7096  6449
 7097  6439
 7098  6324
 7101  6327
 7104  6450
 7105  6368
 7106  6337
 7108  6290
 7111  6465
 7120  6326
 7121  6322
 7123  6325
 7125  6375
 7130  6336
 7133  6298
 7135  6470
 7138  6393
 7140  6466
 7144  6350
 7146  6319
 7148  6464
 7157  6357
 7161  6483
 7165  6334
 7166  6353
 7171  6352
 7172   783
 7176  6369
 7178  6502
 7182  6328
 7198  6531
 7205  6550
 7208  6453
 7211  6354
 7213  6355
 7221  6416
 7225  6405
 7229  6424
 7238  6396
 7243  6596
 7246  6503
 7248  6389
 7251  6398
 7261  6413
 7263  6603
 7267  6604
 7272  6436
 7282  6482
 7283  6418
 7286  6500
 7289  6443
 7291  6510
 7292  6441
 7294  6522
 7297  6512
 7300  6572
 7303  6601
 7305  6474
 7312  6445
 7337  6632
 7338  7414
 7339  6479
 7341  6591
 7346  6475
 7351  6487
 7353  6478
 7357  6484
 7360  6490
 7361  6492
 7365  6565
 7366  6606
 7369  5737
 7372  6518
 7373  6518
 7378  6527
 7380  6495
 7381  6525
 7384  6534
 7385  6519
 7386  6525
 7387  6532
 7388  6497
 7390  6524
 7395  6504
 7400  6511
 7402  8546
 7405  6584
 7407  6618
 7410  6780
 7412  6777
 7415  6581
 7417  6588
 7418  6567
 7419  6588
 7424  6536
 7426  6558
 7427  6687
 7428  6617
 7429  6564
 7432  6539
 7433  6592
 7438  6583
 7439  6543
 7440  6583
 7441  6637
 7442  6551
 7443  6593
 7444  6556
 7446  6597
 7447  6590
 7448  6595
 7452  6626
 7455  6585
 7457  6645
 7458  6642
 7459  6629
 7461  6662
 7463  6665
 7466  6721
 7468  6795
 7469  6783
 7471  6653
 7475  6657
 7477  6650
 7479  6666
 7481  6713
 7484  6727
 7486  6667
 7488  6673
 7489  6580
 7490  6611
 7492  6672
 7495  6787
 7504  6609
 7510  6664
 7512  6686
 7514  6660
 7518  6691
 7522  6718
 7523  6677
 7528  6663
 7529  6700
 7531  6683
 7532  6708
 7533  6720
 7536  6840
 7538  6712
 7539  6608
 7549  6816
 7550  6674
 7553  6828
 7554  6699
 7555  6761
 7559  6765
 7561  6834
 7566  6879
 7569  6846
 7575  6630
 7579  6709
 7581  6436
 7582  4968
 7582  6894
 7583  6719
 7585  6678
 7586  6693
 7596  6754
 7597  6692
 7599  6705
 7602  6731
 7604  6935
 7605  6704
 7607  6936
 7608  6724
 7609  6722
 7611  6819
 7614  6746
 7615  6941
 7617  6654
 7619  6695
 7620  6751
 7621  6748
 7623  6769
 7624  6950
 7625  6701
 7629  6773
 7630  6812
 7632  6793
 7633  6833
 7635  6794
 7636  6815
 7638  6823
 7639  6684
 7641  6820
 7642  6778
 7643  6767
 7644  6827
 7647  6824
 7652  6826
 7657  6836
 7660  6735
 7662  6714
 7664  6839
 7668  6743
 7670  6837
 7671  6734
 7675  6739
 7677  6877
 7678  6766
 7681  6801
 7683  6895
 7684  6876
 7685  6752
 7686  6775
 7687  6908
 7688  6725
 7689  6841
 7691  6898
 7692  6788
 7693  6711
 7695  6904
 7699  6915
 7700  6932
 7705  6802
 7707  6831
 7708  6875
 7708  6919
 7709  6799
 7710  6706
 7711  6732
 7717  6951
 7718  1244
 7721  6740
 7724  6954
 7727  6849
 7730  6747
 7732  6967
 7734  6852
 7737  6961
 7742  6853
 7743  6756
 7748  6755
 7749  6880
 7755  6597
 7755  6791
 7758  6901
 7759  5076
 7760  6896
 7761  6887
 7765  6964
 7772  6830
 7773  6928
 7776  6832
 7777  5094
 7777  6999
 7780  6822
 7781  6807
 7782  6858
 7783  6808
 7787  6963
 7790  6920
 7791  6864
 7793  6796
 7794  6911
 7795  6803
 7799  6884
 7800  6821
 7801  6924
 7802  6851
 7805  6882
 7808  6838
 7812  6983
 7816  8229
 7817  6817
 7818  6814
 7819  6918
 7826  6921
 7832  6899
 7834  6947
 7837  6861
 7838  6861
 7843  6956
 7844  6874
 7846  6958
 7856  6933
 7859  7802
 7860  6969
 7861  6907
 7862  6979
 7869  6905
 7871   420
 7872 16857
 7877  1971
 7878  6982
 7885  6931
 7891  7031
 7907  7007
 7909   223
 7911  7041
 7915  7052
 7917  7065
 7924  7054
 7934  7066
 7936  7073
 7939  7079
 7941  7060
 7942  7011
 7944  7057
 7948  7053
 7952  6985
 7957  7101
 7961  7104
 7970  7174
 7971  7039
 7972  7111
 7976  7115
 7984  7033
 7985  7122
 8006  7153
 8009  7012
 8018  7182
 8024  7037
 8030  7188
 8033  7035
 8036  7203
 8042  7044
 8044  7059
 8047  7211
 8048  7213
 8055  7062
 8063  7070
 8064  7058
 8070  7071
 8074  7189
 8080  7143
 8082  7091
 8084  7089
 8088  7093
 8090  7261
 8091  7158
 8096  7267
 8097  7095
 8098  7281
 8099  7193
 8102  7270
 8105  7214
 8106  7192
 8110  7094
 8114  7201
 8119  7207
 8120  7109
 8121  7144
 8123  7304
 8128  7205
 8129  7170
 8131  7133
 8133  7301
 8134  7118
 8138  7225
 8144  7260
 8145  7267
 8149  7241
 8156  7171
 8158  7135
 8159  7276
 8160 12485
 8164  7128
 8168  7186
 8170  7323
 8171  7254
 8175  7252
 8176  7223
 8178  7331
 8181  7223
 8183  7241
 8185  7241
 8188  7230
 8190  5106
 8191  7296
 8192  7184
 8199  7259
 8206  7253
 8206 10818
 8207  7308
 8210  7297
 8212  7264
 8215  7265
 8216  7309
 8217  7312
 8218  7265
 8227  7150
 8228  7149
 8231  4225
 8236  7293
 8238  7292
 8239  7294
 8247  7310
 8248  7160
 8251  7317
 8252  7318
 8256  7195
 8259  7195
 8261  7295
 8263  7196
 8265  7175
 8266  7338
 8267  7302
 8268  7326
 8271  7350
 8275  7341
 8280  7177
 8282  7328
 8284  7179
 8285  7343
 8287  7187
 8288  7367
 8289  7332
 8290  7349
 8297  7190
 8302  7235
 8306  7347
 8308  7352
 8309  7208
 8310  7199
 8311  7346
 8314  7198
 8315  7313
 8316  7345
 8321 16511
 8327  7358
 8329  7219
 8333  7215
 8335  7364
 8341  7370
 8342  7368
 8343  7244
 8344  7231
 8345  7337
 8346  7236
 8347  7369
 8353  7373
 8356  7426
 8357  7380
 8358  7374
 8370  7239
 8371  7402
 8373  7249
 8380  2436
 8382  7251
 8383  7263
 8386  7401
 8389  7406
 8393  7447
 8395  7411
 8396  7403
 8398  7277
 8399  7284
 8400 10020
 8415  7424
 8418  7423
 8423  7436
 8423 10019
 8424  7342
 8425  7443
 8428  7444
 8429  7457
 8430  7300
 8431  7483
 8432  7300
 8434  7456
 8436  7463
 8437  7458
 8438  7448
 8441  7489
 8442  7470
 8445  7465
 8447  7306
 8448  7482
 8449  7454
 8453  7474
 8456  7360
 8458  7475
 8459  7479
 8461  7525
 8463  7435
 8464  7502
 8465  7491
 8467  7340
 8480  7497
 8485  7460
 8486  7378
 8487  7389
 8494  7544
 8497  7516
 8501  7526
 8504  7520
 8505  7518
 8506  7394
 8508  7371
 8513  7377
 8514  7393
 8515  4702
 8516  7396
 8517  7537
 8518  7398
 8519  7396
 8520  7407
 8524  7385
 8525  7567
 8526  7427
 8532  7399
 8533  7461
 8534  7550
 8537  7429
 8541  7501
 8545  7449
 8547  7554
 8550  7543
 8554  7551
 8555  7553
 8559  7548
 8565  7486
 8566  7559
 8567  7486
 8568  7434
 8569  7564
 8571  7468
 8573  7565
 8578  7572
 8579  7964
 8580  7569
 8584  7472
 8589  7560
 8593  7568
 8594  7500
 8599  7583
 8600  7492
 8604  7585
 8605  7490
 8606  7577
 8609  7509
 8612  7534
 8615  7599
 8619  7496
 8621  7514
 8622  7477
 8626  7597
 8628  7596
 8631  7513
 8635  7656
 8637  7600
 8638 10470
 8642  7521
 8649  7523
 8650  7614
 8652  7499
 8653  7504
 8666  7532
 8667  7627
 8671  7647
 8672  7775
 8677  7663
 8679  7652
 8682  6996
 8684  7561
 8685  7737
 8688  7575
 8689  7666
 8696  7679
 8698  7685
 8701  7686
 8704  7687
 8705  7624
 8714  7824
 8721  7897
 8723  7729
 8724  7598
 8727  7721
 8730  7576
 8731  7782
 8732  7590
 8742  7603
 8743  7903
 8745  7591
 8747  7749
 8751  7610
 8754  7902
 8757  7608
 8759  7584
 8761  7797
 8764  7829
 8765  7628
 8766  7611
 8768  7623
 8769  7644
 8770  7580
 8771  7748
 8773  7802
 8778  7750
 8779  7648
 8781  7655
 8785  7716
 8787  7605
 8798  7826
 8807  7636
 8810  7847
 8811  7726
 8814 16097
 8817  7612
 8819  7805
 8820  7841
 8823  7765
 8827  7844
 8832  7667
 8833  7659
 8836  7635
 8843  7668
 8844  7640
 8845  7734
 8847  7849
 8850  7827
 8853  7755
 8856  7723
 8857  7755
 8858  7642
 8861  7723
 8867  7723
 8872  7723
 8884  7743
 8887  7772
 8888  7787
 8889  7873
 8897  7772
 8903  7630
 8907 15425
 8911  7837
 8917  7967
 8918  8010
 8920  7891
 8921  7722
 8924  7745
 8926  7661
 8928  7753
 8931  7888
 8932  7745
 8934  7894
 8935  7745
 8942  7699
 8944  7745
 8945  7736
 8947 16270
 8952  7983
 8953  7813
 8954  7879
 8955  7766
 8956  7991
 8957  7776
 8959  7813
 8960  7901
 8961  7874
 8963  7819
 8964  7717
 8966  7881
 8967  7995
 8968  7768
 8971  7835
 8973  7924
 8974  7876
 8976  7927
 8984  7878
 8993  8043
 8997  8002
 9002  7923
 9008  8027
 9011  7954
 9013  7852
 9015  8058
 9023  7848
 9025  7882
 9029  7964
 9030  7986
 9031  7972
 9033  7877
 9037  7904
 9039  7959
 9044  7950
 9045  7928
 9047  7944
 9048  7961
 9049  7915
 9051  7962
 9053  7916
 9054  8084
 9057  8068
 9058  8089
 9064  7937
 9068  8037
 9070  7953
 9075  8077
 9078  7974
 9079  8000
 9080  8110
 9089  7952
 9090  8102
 9091  7886
 9093  8094
 9097  8967
 9098  7942
 9104  8101
 9105  8124
 9106  8148
 9107  8095
 9109  7907
 9116  8104
 9119  7907
 9120  8106
 9121  8042
 9122  8145
 9125  7994
 9129  7909
 9130  7906
 9136  8142
 9137  8168
 9144  8125
 9147  8126
 9148  7998
 9149  8185
 9157  8009
 9159  8230
 9162  8190
 9163  8164
 9165  8134
 9167  8011
 9171  8189
 9180  8200
 9183  8157
 9188  8186
 9189  7929
 9190  8006
 9191  8154
 9192  8203
 9193  8208
 9194  8149
 9197  8153
 9198  7999
 9206  8180
 9219  8216
 9220  8199
 9225  8173
 9226  8238
 9228  7980
 9229  8194
 9232  7981
 9234  8041
 9237  8187
 9247  8182
 9248  7993
 9252  8204
 9258  8187
 9260  8056
 9267  8237
 9268  9432
 9269  8229
 9274  8219
 9275  8245
 9281  4341
 9282  8135
 9285  8098
 9286  8132
 9294  8234
 9296  8607
 9301  8272
 9302  8260
 9304  8231
 9315  8038
 9318  8268
 9320  8226
 9321  8018
 9328  8053
 9330  8279
 9331  8235
 9332  8066
 9342  8246
 9345  8067
 9347  8250
 9348  8133
 9349  8137
 9350  8051
 9352  8072
 9356  8290
 9363  8281
 9369  8315
 9372  8271
 9383  8243
 9385  5148
 9387  8305
 9392  8335
 9397  8313
 9398  8289
 9400  8336
 9401  8333
 9402  8295
 9403  8353
 9408  8248
 9409  8344
 9410  8211
 9411  8103
 9413   104
 9413  8118
 9423  8357
 9427  8136
 9428  8136
 9431  8360
 9434  8365
 9441  8371
 9445  8201
 9446  8327
 9447  8372
 9449  8329
 9450  8368
 9451  8388
 9456  8352
 9464  8377
 9465  8123
 9466  8377
 9469  8127
 9471  8395
 9475  8350
 9477  8379
 9479  8392
 9482  8410
 9484  8356
 9491  8156
 9493  8361
 9495  8362
 9500  8403
 9502  8407
 9503  8370
 9504  8409
 9508  8431
 9512  8382
 9514  8434
 9515  8440
 9517  8451
 9518  8397
 9519  8389
 9520  8381
 9525  8414
 9526  8451
 9527  8407
 9528  8242
 9529  8448
 9530  8309
 9533  8406
 9539  8459
 9540  8461
 9541  8630
 9545  8434
 9546  8443
 9547  8474
 9550  8418
 9552  8433
 9553  8467
 9554  8452
 9555  8422
 9558  8488
 9562  8441
 9563  8441
 9564  8436
 9566  8423
 9567  8475
 9569  8502
 9570  8499
 9574  8492
 9581 10302
 9585  8404
 9586  8491
 9588  8465
 9590  8520
 9591  8511
 9592  8526
 9597  8520
 9600  8304
 9601  8466
 9602  8303
 9603  8453
 9607  8285
 9608  8285
 9610  8538
 9612  8417
 9615  8547
 9616  8257
 9620  8366
 9628  8552
 9630  8516
 9634  8269
 9638  8524
 9639  8534
 9646  8490
 9647  8586
 9650  8139
 9651  8345
 9652  8531
 9653  8549
 9655  8533
 9656  8447
 9659  8549
 9661  8568
 9663  8542
 9672  8296
 9676  8576
 9680  8555
 9681  8556
 9688  8550
 9689  8558
 9693  8581
 9694  8564
 9695  8363
 9696  8574
 9697  8560
 9699  8563
 9700  8560
 9707  8567
 9711  8628
 9712  8570
 9713  8577
 9714  8805
 9718  8525
 9720  8662
 9724  8652
 9733  8656
 9734  8606
 9736  8643
 9747  8536
 9748  8620
 9750  8640
 9754  8696
 9756  8713
 9760  8658
 9761  8579
 9762  8683
 9763  8692
 9770  8639
 9778  8649
 9779  9289
 9780  8647
 9781  8615
 9786  8596
 9789  8680
 9792  8638
 9794  8408
 9794  8569
 9798  8715
 9799  8698
 9801  8698
 9803  8740
 9805  8722
 9808  8670
 9809  8642
 9809  8865
 9817  8730
 9818  8671
 9819  8743
 9822  8735
 9831  8734
 9832  8685
 9835   501
 9837  8686
 9842  8705
 9850  8544
 9855  8760
 9858  8759
 9860  8463
 9862  8736
 9864  8723
 9867  8769
 9870  8770
 9872  8720
 9879  8805
 9882  8732
 9884  8817
 9885  8732
 9888  8745
 9890  8749
 9893  8738
 9897  8791
 9901  8772
 9903  8519
 9905  8754
 9908  8753
 9911  8763
 9912  8774
 9913  8673
 9916  8765
 9917  8858
 9918  8813
 9919  8860
 9921  8815
 9923  8704
 9925  8879
 9930  8546
 9936  8677
 9943  8859
 9945  8893
 9948  8823
 9950  8728
 9957  8846
 9958  8751
 9966  8616
 9968  8924
 9971  8929
 9977  8845
 9979  8569
 9980  8758
 9991  9130
 9993  9405
 9995  8536
 9997  8954
10001  8863
10005  8959
10011  8888
10012  8595
10017  8882
10018  8969
10022  4074
10028  8637
10030  8689
10037  8899
10038  8908
10042  1468
10044  8637
10045  8700
10047  8914
10049  8933
10050  8922
10053  8768
10054  8625
10062  8766
10065  8935
10068  9484
10069  8937
10074  8784
10078  8985
10085  8725
10087  8665
10091  9649
10093  9021
10098  3882
10099  8669
10101  8973
10102  9006
10104  9007
10105  8869
10109  8905
10110  9038
10112  8900
10113 10203
10118  8994
10119  9019
10120  8994
10123  9001
10127  8997
10130  8873
10131  8726
10137  9003
10144  8967
10145  8821
10146  9084
10149  8814
10154  9018
10159  8943
10160  8939
10164  9017
10168  9058
10178  8559
10181  9117
10182  9057
10185  9085
10187  8865
10188  9020
10191  8897
10198  9065
10205  8782
10207  8965
10212  8812
10213  8808
10216  9040
10233  9042
10238  8842
10240  8794
10243  9047
10244  8842
10245  8903
10246  9047
10247  8842
10249  9051
10254  9153
10255  9050
10257  8818
10261  9131
10266  9073
10267  8820
10269  9067
10270  9197
10275  9089
10277  9091
10281  9104
10285  9221
10288  9099
10292  9093
10305  9241
10306  9202
10308  9248
10310  8889
10311  9150
10312  8904
10318  9224
10320  9261
10321  8842
10325  9264
10329  9269
10330  9170
10332  9201
10333  8927
10337  9211
10339  8927
10340  9256
10341  9204
10345  9212
10348  9296
10349 16627
10358  9015
10362  9160
10363  9242
10364  9133
10365  9242
10366  9323
10376  9250
10380  8986
10381  9446
10382  9031
10383  8980
10384  9276
10390  8984
10391  9130
10392  8990
10395 11874
10403  9285
10404  9002
10406  9356
10407  9284
10410  8546
10412  9210
10418  9053
10426  9310
10432  9388
10436  9009
10437  5348
10441  9060
10444  9220
10445  2073
10446  9258
10451  9161
10453  9046
10454  9098
10455  9222
10458  9041
10459  9115
10462  9037
10463  9028
10464  9183
10471  9442
10474  9115
10476  9136
10479  9177
10485  9188
10490  9167
10492  9177
10494  9179
10494  9188
10496  9179
10499  9113
10500  8800
10504  9689
10508  9186
10510  9398
10511  9377
10517  9125
10519  9129
10522  9304
10525  9146
10536  9168
10538  9399
10540  9240
10543  9481
10544  9474
10551  9478
10554  9095
10555  9420
10557  9225
10558  9414
10560 11920
10562  9486
10564  9471
10569  9171
10576  9282
10578  9280
10580  9168
10581  9430
10583  9510
10587  9361
10588  9006
10589  9239
10592  9499
10594  9292
10596  9372
10598  9511
10601  9448
10607  9360
10609  9371
10611  9524
10622  9547
10625  9798
10632  9297
10634  9480
10642  9380
10648  9576
10659  9387
10660  9589
10662   562
10662  9587
10669  9371
10670  9600
10672  9593
10686  9382
10687  9336
10691  9367
10697  9278
10700  9436
10701  8453
10710  9400
10715  9376
10716  9405
10724  9262
10725  9662
10730  9533
10732  9409
10734  9322
10735  9307
10737  9445
10744  9631
10750  9421
10755  9416
10756  9680
10761  9103
10761  9320
10764  9409
10768  8842
10769  9697
10775  9416
10781  9574
10786  9305
10789  9359
10790  9483
10791  9722
10798  9681
10800  9742
10803  9716
10804  9390
10806  9395
10816  9754
10818  9752
10818  9850
10832  9770
10833  9755
10841  9596
10852  9789
10853  9767
10855  9654
10861  9683
10870 10241
10875  9804
10877  9431
10880  9738
10884  9557
10888  9826
10889  9444
10892  9649
10893  9441
10894  9700
10913  9514
10922  9847
10923  9516
10924  9687
10925  9850
10927  9488
10930  9689
10934  9513
10936  9714
10937  9653
10944  9745
10951  9550
10952  9537
10955  7217
10957  9247
10962  9688
10963  9400
10964  9561
10967  9555
10975  9538
10976  9718
10979  9544
10983  9543
10984  9503
10985  9888
10987  9566
10992  9694
10993 17066
10994  9611
10996  9778
10997  9783
11000  9607
11003  9581
11013  9757
11015  9797
11017  9771
11018  9794
11019  9668
11021  9780
11022  9564
11023  9592
11026  9765
11027  9642
11031  9635
11033  9571
11039  9632
11043  9863
11044  9588
11045  9629
11046  9647
11047  9796
11051  9650
11062  9843
11063  9827
11064  9669
11066  9818
11069  9645
11071  9625
11072  9615
11073  9843
11076  9844
11077  9678
11079  9625
11080  9671
11083  9849
11085  9617
11089  9622
11090  9633
11093  9606
11099  9934
11102  9893
11105  9857
11106  9928
11108  9870
11112  9717
11113  9677
11114  9706
11116  9661
11122  9806
11124  9725
11130  9663
11131  9665
11132  9666
11133  9918
11134  9721
11137  9856
11140  9904
11145  9684
11148  9915
11150  9900
11151  9699
11152  9741
11157  9907
11158  9913
11162  9705
11164  9732
11165  9705
11168  9957
11172  9720
11176 10443
11178  9973
11182  9929
11183  9981
11184  9987
11185  9744
11189  9805
11191  9775
11193  9829
11194  9943
11195  9728
11196  9800
11197  9989
11201  9945
11206  9756
11208  9792
11211  9833
11212  9801
11220 10037
11225  9958
11226  9965
11228  9974
11230  9781
11233 10031
11236  9795
11238  9819
11250  9983
11256 10044
11258  9976
11259  9802
11261  9980
11262  9986
11265  9813
11268  9746
11272  9837
11274 10009
11276 10055
11282 10001
11285 10011
11287 10000
11288  9816
11291 10070
11299 10016
11306 10040
11307 10034
11311 10043
11312 10019
11314  9851
11315 10038
11319 10022
11322  9855
11324 10047
11326 10029
11328  9890
11335 10057
11336 10097
11338  9896
11342  9873
11343  9866
11344  9869
11349 10065
11351 10002
11352 10058
11353  9910
11354  9966
11356 10059
11358  9879
11360  9914
11362 10098
11363  9897
11369 10069
11371 10053
11373  9881
11374 10111
11377  8661
11379  9906
11381 10079
11382 10077
11384  9909
11387 10060
11390 10080
11392  9921
11395  9884
11398  9938
11400 10123
11404 10108
11406  9925
11408  9948
11409 10131
11417 10148
11423 10107
11424  9927
11426 10103
11427 10110
11429 10113
11430 10105
11432  9930
11436 10149
11439  9946
11442 10132
11444 10130
11445  3485
11448 10120
11450 10133
11456 10140
11457 10154
11459 10138
11462  9967
11463  9975
11467 10206
11473 10195
11476 10024
11477 10163
11479 10003
11481 10004
11487 10185
11491  5162
11492 10012
11494 10197
11507 10027
11516 10190
11518 10230
11521 10242
11523 10268
11524 10124
11525 10249
11527 10259
11528 10245
11531 10198
11534 10211
11535 10252
11536 10062
11543  4943
11547 10250
11550  8285
11551 10246
11553 10056
11557 10063
11560 10253
11565 10243
11566 10075
11567 10233
11568 10251
11569 10422
11570 10265
11573 10137
11575 10076
11577 10315
11578 10125
11580 10135
11581 10253
11586 10088
11587  4619
11591 10129
11592 10272
11593 10850
11597 10094
11610 10286
11611 10159
11612 10139
11613 10109
11614 10319
11615 10360
11617 10305
11618 10296
11621 10303
11624 10109
11626 10115
11628 10307
11630 10274
11632 10333
11633 10117
11635 10385
11636 10331
11641 10143
11642 10281
11645 10104
11646 10342
11648 10321
11656 10235
11658 10369
11659 10169
11660 10399
11661 10090
11662 10393
11665 10401
11673 10172
11674 10416
11676 10147
11678 10174
11683 10429
11683 10433
11684 10420
11687 10323
11698 10095
11700 10445
11701 10193
11703 10336
11704 10428
11707 10202
11710 10387
11712 10354
11713 10176
11714 10386
11715 10183
11716 10155
11719 13762
11721 10356
11722 10418
11725 10465
11728 10202
11729 10405
11731 10467
11733 10213
11734 10161
11735 10210
11736 10188
11737 10182
11738 10358
11740 10224
11742 10229
11743 10458
11745 10229
11746 10464
11748 10406
11753  1711
11754 10481
11755 10192
11758 10363
11761 10194
11766 10236
11767 10489
11773 10430
11777 10409
11779 10450
11780 10477
11782 10262
11784 10446
11786 10412
11787 10448
11789 10488
11795 10219
11796 10461
11798 10205
11799 10275
11800 10256
11802 10204
11804 10207
11809 10476
11810 10276
11818 10279
11819 10389
11821 10404
11823 10473
11825 10573
11826 10491
11827 10539
11829 10468
11831 10482
11832 10470
11835 10502
11836 10372
11837 10486
11841 10499
11842 10284
11844 10557
11845 10431
11848 10457
11849 10306
11851 10508
11853 10508
11854 10523
11857 10455
11858 10400
11859 10567
11863 10359
11864 10562
11866 10509
11870 10316
11871 10513
11873 10495
11877 10377
11880 10366
11883 10301
11886 10380
11891 10533
11893 10388
11895 10459
11899 10266
11900 10320
11901 10522
11902 10376
11906 10525
11908 10532
11914 10529
11918 10444
11921 10541
11925 10352
11930 10526
11934 10498
11938 10556
11940 10565
11944 10291
11945 10580
11946 10514
11947 10382
11949 10383
11954 10493
11956 10558
11957 10325
11958 10335
11962 10575
11964 10568
11966 10349
11973 10397
11974 10591
11976 10596
11977 10614
11978 10608
11981 10298
11986 10427
11987 10603
11988 10417
11989 10590
11994  9571
11996 10599
12000 10371
12001 10379
12002 10424
12003 10627
12006 10650
12007 10396
12013 10640
12015 10423
12019 10414
12022 10623
12023 10622
12026 10662
12027 10546
12033 10524
12037 10550
12038 10671
12043 10576
12044 10656
12046 10583
12047 10677
12048 10658
12051 10474
12052 10678
12053 10434
12054  4729
12056 10478
12058 10606
12059 10549
12060 10655
12061 10564
12067 10681
12069 10601
12077 10496
12079 10618
12084 10600
12085  9620
12090 10494
12091 10699
12095 10512
12096 10566
12100 10537
12101 10572
12104 10535
12111 10554
12112 10598
12115 10604
12121 10610
12123 10510
12128 10582
12131 10644
12139 10729
12147 10570
12156 10652
12157 10685
12160 10747
12162 10631
12168 10691
12169 10757
12174 10639
12175 10685
12176 10560
12180 10595
12183 10634
12184 10700
12185 10607
12189 10663
12190 10767
12193 10682
12198 10672
12200 10648
12205 10792
12206 10786
12207 10713
12208 10686
12210 10667
12211 10679
12214 10691
12215 10776
12216 10807
12217 10661
12219 10693
12220 10669
12222 10684
12223 10717
12228 10706
12229 10818
12230 10776
12234 10696
12236 10789
12239 10830
12240 10726
12243 10812
12247 10720
12253 10859
12254 10812
12260 10822
12262 10768
12265 10859
12266 10768
12268 10750
12269 10734
12271 10785
12274 10756
12280 10772
12283 10803
12286 10737
12301 10774
12302 10774
12305 10781
12307 10793
12311 10821
12314 10861
12316 10914
12320 10878
12323 10877
12326 10837
12330 10823
12334 10845
12342 10927
12347 10843
12348 10876
12349 10876
12351 10868
12352 10848
12358 10874
12362 10844
12363 10958
12366 10873
12367 11012
12369 10906
12376 10891
12384  6519
12385 10889
12396 15680
12399 10913
12402 10916
12405 10938
12407 10918
12408 11041
12417 10947
12425 11030
12429 10930
12436 10933
12442 10941
12455 11040
12457 11018
12474 10969
12478 11896
12485 10983
12489 11004
12491 10996
12496 10997
12504 11086
12507 11025
12509 11011
12510 11081
12512  6531
12516 11147
12518 11000
12519  8022
12521 11155
12528 11031
12529 11032
12535 11013
12539 11026
12541 11059
12542 11033
12543 11050
12545 11052
12546 11129
12549 11150
12552 11054
12559 11053
12565 11068
12566 11096
12570 11134
12573 11049
12574 11090
12576 11097
12577 11056
12578 11211
12582 11087
12584 11214
12585 11066
12590 11163
12592 11076
12602 11088
12606 11082
12607 11184
12608 11085
12611 11106
12612 11117
12614 11133
12616 11120
12617 11132
12619 11127
12623 11232
12630 11156
12631 11109
12632 11250
12633 11103
12642 11230
12647 11189
12654 11162
12656 11162
12660 11142
12663 11170
12664 11194
12665 11273
12666 11167
12671 11274
12678 11190
12681 11165
12682 11159
12689 11215
12695 11219
12703 11209
12710 11203
12713 11281
12725 11295
12729 11237
12732 11298
12733 11283
12735 11220
12736 11221
12755 11330
12756 11307
12758 11169
12759 11261
12769 11257
12778 11323
12779 11241
12791  5892
12792 11349
12797 11275
12803 11204
12805 11205
12807 11363
12809 11367
12816 11276
12820 11277
12821 13762
12822 11278
12829 11284
12831  1317
12843 11234
12851 11304
12858 11350
12876 11455
12879 11427
12882  8102
12889 11319
12890 11314
12899 11286
12909 11378
12910  9431
12913 11322
12924 11340
12935 11332
12940 11482
12945 11483
12948 11315
12958 11346
12960 11450
12965 11321
12978 11470
12979 11479
12981 11475
12984 11354
12988 11326
12993 11481
12997 11393
13007 11413
13018 11383
13020 11454
13021 11469
13023 11464
13025 11491
13028 11355
13030 11361
13041 11512
13042 11448
13043 11494
13044 11342
13058 11416
13066 11430
13069 11544
13071 11487
13078 11672
13079 11509
13083 11537
13088 11649
13089  6553
13090 11615
13099 11535
13100 11516
13102 11637
13103 11541
13105 11404
13106 11549
13112 11573
13122 11426
13135 11463
13145 11444
13150 11550
13160 11621
13161 11502
13162 11502
13170 11577
13174 11521
13182 11472
13183 11484
13187 11591
13196 11663
13197 11490
13202 11489
13206 11485
13209 11650
13212 11552
13216 11500
13217 11734
13222 11678
13233 11536
13234 11690
13235 11655
13237 11741
13238 11658
13240 11540
13245 11585
13248 11683
13249 11569
13250 11661
13251 11587
13253 11685
13255 11697
13257 11676
13258 11799
13261 11594
13262 15629
13266 11692
13270 11888
13273 11696
13277 11714
13280 11709
13283 11888
13286 11620
13287 11616
13295 11642
13296 11724
13298 11600
13300 11721
13305 11888
13310 11849
13313 11717
13314 11849
13315 11891
13316 11930
13330 11624
13333 11924
13334 11675
13336 11749
13348 11943
13351 11671
13358 11896
13363 11635
13367 11567
13368 11852
13369 11772
13377 11778
13378 11756
13382 11911
13384 11786
13387 11704
13388 11865
13394 11894
13396 11979
13398 11687
13400 11920
13404 11682
13408 11962
13424 11955
13428 11716
13432 11693
13434  4655
13435 11980
13447 11729
13454 11795
13457 11712
13459 11752
13462 11754
13463 11740
13467 11711
13468 11841
13469 11874
13471 11822
13475 11753
13479 11813
13481 12013
13485 11968
13490 11765
13491 11723
13494 11766
13503 11773
13504 11846
13506 13497
13514 11856
13518 11738
13521 12003
13523 11801
13531 10256
13534 11794
13542 12007
13546 11805
13549 11816
13551 11763
13559 11814
13562 11907
13567 11897
13568 12019
13570 11918
13573 11791
13574 11928
13576 11836
13582 11835
13585 11838
13587 11956
13597 11796
13598 11915
13603 11951
13607 11821
13609 11863
13615 11818
13617 11973
13622 11820
13623 11963
13639 11850
13640 11850
13642 11839
13648 11939
13654 11984
13657 11871
13660 11872
13671 11996
13675 11898
13677 11898
13685 12022
13693 11950
13697 11953
13715 12020
13718 12040
13723 11986
13724  9725
13726 12024
13728 11964
13729 12045
13732 11987
13743 11977
13752 12010
13757 12016
13758 12034
13760 12011
13765 12033
13768 12039
13772 12029
13773 12004
13775 12005
13780 12081
13781 12085
13784 12028
13789 12104
13799 12089
13804 12044
13812 12032
13813 11988
13814 12060
13816 12092
13818 12079
13820 12152
13826 12111
13827 12027
13833 12114
13846 12061
13849 12174
13850 12082
13854 12135
13855 12118
13857 12056
13865 13214
13867 12172
13871  5896
13873 12171
13878 12102
13880 12131
13885 12155
13888 12151
13894 12113
13897 12112
13898 12110
13907 12196
13925 12109
13927 12188
13930 12140
13933 12224
13937 12143
13941 12144
13959 12122
13972 12157
13974 12251
13977 12235
13978 12133
13981 12219
13987 12257
13989 13370
13990 12249
13995 12176
13997 12259
13998 12150
13999 12297
14001 12273
14002 12253
14003 12183
14005 12256
14013 12291
14014 12234
14024 12296
14027 12287
14045 12339
14047  5060
14061 12228
14062 12318
14070 12184
14072 12328
14082 12245
14085 12241
14086 12362
14092 12372
14099 12216
14104 12323
14105 12344
14110 12290
14113 12262
14114 12317
14139 12360
14141 12369
14148 12244
14149 12286
14155 12299
14157 12409
14159 12391
14170 12300
14173 12384
14174 12359
14175 12355
14178 12367
14179 12310
14180 12315
14182 12272
14184 12252
14190 12403
14193 12279
14195 12319
14196 11781
14199 12400
14200 12345
14201 12394
14207 12278
14208 12330
14211 12388
14218 12380
14222 12402
14224 12407
14228 12301
14235 12416
14237 12438
14240 12347
14241 12351
14247 12418
14248 12397
14255 12311
14263 12312
14266 12314
14270 12324
14281 12440
14283 12436
14284 12466
14295 12335
14298 12336
14300 12389
14313 12464
14320 12444
14334 12435
14336 12494
14351 10975
14355 12508
14357 12437
14359 12520
14360 12488
14373 12533
14378 12411
14384 12458
14386 12555
14388 12544
14390 12549
14391 12455
14393 12554
14395 12476
14397 12408
14398 12451
14399 12448
14401 12475
14402 12457
14403 12588
14405 12559
14407 12570
14409 12445
14410 12532
14416 12510
14419 12419
14423 12469
14425 12536
14426 12572
14427 12480
14430 12571
14432 12434
14437 12450
14440 12576
14441 12551
14443 12587
14448 12557
14451 12524
14453 12499
14455 12598
14456 12602
14458 12498
14464 12565
14466 12615
14467 12578
14468 12552
14472 12453
14474 12620
14475 12453
14481 12615
14483 12479
14487 12618
14490 12575
14502 12503
14503 12611
14513 12566
14515 12622
14516 12482
14522 12539
14527 12534
14529 12626
14531 12599
14534 12537
14537 12531
14554 12574
14556 12671
14559 12613
14561 12655
14562 12633
14564 12581
14568 12504
14570 12616
14573 12505
14578 12644
14584 12713
14587 12511
14588  7391
14590 12548
14592 12590
14595 12522
14596 12558
14599 12651
14608 12541
14611 12627
14612 12658
14617 12677
14622 12717
14625 12764
14629 12695
14631 12738
14632 12680
14633 12709
14635 12583
14642 12683
14644 12715
14647 12693
14652 12697
14654 12691
14658 12705
14659 12577
14660 12700
14666 12617
14667 12577
14674 12710
14676 12711
14678 12752
14683 12725
14689 12740
14693 12643
14697 12637
14699 12636
14700 12765
14702 12760
14703 12750
14704 12792
14706 12762
14707 12788
14714 12773
14716 12631
14717 12781
14722  8376
14723  3307
14727 12806
14728 12761
14734 12813
14735 12779
14740 12779
14743 12712
14753 12784
14754 12664
14758 12817
14760 12692
14766 12708
14769 12823
14783 12809
14791 12832
14792 12841
14793 12825
14794 12694
14795 11029
14796 12726
14800 12818
14802 12724
14806 12743
14810 12826
14821 12858
14829 12759
14840 12844
14846 12775
14847 12753
14853 12838
14854 12869
14860 12810
14862 12886
14863 12866
14866 12870
14869 12879
14870 12854
14871 12857
14875 12837
14876 12756
14879 12902
14881 12802
14883 12835
14885 12939
14887 12804
14893 12882
14895 12892
14900 12887
14901 12917
14915 12931
14916 12815
14919 12883
14920 12932
14925 12875
14930 12797
14932 12845
14933 12970
14934 12877
14948 12912
14951 12891
14952 12921
14954 12890
14959 12952
14971 12950
14974 12954
14979  4538
14979 12878
14985 12923
14989 12880
14991 13002
14992 13013
14993 13003
14998 12936
15009 12966
15012 12990
15017 12920
15022 13014
15023 13004
15028 12980
15036 12957
15038 13000
15039 13017
15040 13024
15042 12969
15044 12986
15046 13053
15063 13047
15065 13039
15078 13033
15081  1895
15082 13042
15087 12971
15089 12971
15092 13058
15093 13051
15098 13106
15099 13028
15104 13031
15106 13057
15107 12963
15115 13055
15120 13094
15130 13104
15133 13008
15137 13080
15142 13049
15143 13112
15145 13054
15147 13034
15148 13070
15150 13060
15157 13137
15158 12983
15160  2514
15162 13143
15166 13255
15169 13135
15173 13097
15179 13113
15184 13156
15188 13091
15190 13111
15191 13149
15203 13159
15205 13102
15206 13171
15214 13124
15222 13170
15230 13120
15231 13067
15235 13145
15241 13130
15242 13192
15246 13026
15248 13079
15262 13177
15265 13219
15268 13205
15269 13063
15276 13190
15278 13062
15280 13264
15281 13229
15288 13227
15294 13079
15298 13211
15301 13254
15303 13281
15308 13224
15313 13073
15317 13218
15321 13389
15322 13265
15323 13230
15324 13220
15329 13232
15332 13250
15340 13098
15342 13268
15347 13109
15348 13242
15349 13276
15352 13207
15354 13234
15357 13260
15364 13297
15366 13253
15380 13155
15381 13258
15382 13309
15385 13290
15393 13223
15402 13160
15404 13318
15405 13194
15418 13179
15424 13315
15425 13186
15428 13316
15433 13257
15438 13208
15439 13202
15440 13312
15442 13363
15446 13252
15447 13278
15449 13337
15455 13375
15459 13217
15461 13365
15466 13352
15472 13344
15476 13385
15479 13252
15482 13335
15487 13319
15491 13376
15492 13402
15496 13225
15500 13244
15504 13356
15508 13293
15512 13397
15514 13308
15516 13288
15524 13353
15537 13387
15551 13277
15552 13321
15556 13247
15557 13393
15559 13386
15560 13401
15564 13280
15568 13286
15571 13284
15577 13416
15578 13417
15580 13286
15581 13418
15590 13422
15591 13298
15592 13439
15596 13432
15599 13256
15601 13372
15602 13409
15604 13437
15605 13438
15607 13433
15608 13294
15610 13448
15613 13394
15614 13491
15616 13478
15618 13455
15621 13480
15625 13483
15626 13436
15631 13456
15633 13420
15644 13332
15645 13472
15646 13404
15650 13338
15653 13464
15658 13486
15669 13469
15671 13326
15674 13468
15679 13508
15687 13377
15702 13549
15704 13467
15705 13514
15708 13351
15712 13441
15715 13396
15723 13503
15725 13542
15731 13501
15732 13557
15741 13566
15742 13510
15745 13535
15751 13671
15754 13563
15756 13540
15765 13555
15766 13589
15768 13479
15777 13502
15779 13702
15781 13543
15784 13590
15790 13583
15792 13574
15795 13571
15808 13612
15812 13573
15813 13494
15815 13528
15816 13477
15819 13593
15825 13572
15833 13601
15835 13606
15837 13544
15842 13749
15843 13658
15846 13752
15853 13758
15855 13753
15857 13602
15862 13636
15868 13817
15872 13621
15888 13610
15889 13740
15892 13580
15896 13708
15898 13667
15902 13659
15903 13837
15904 13661
15905 13611
15906 13625
15908 13767
15909 13652
15910 13591
15911 13517
15912 13640
15925 13644
15934 13653
15938 13654
15939 13598
15940 13774
15943 13689
15944 13679
15946 13700
15950 13816
15953 13647
15955 13693
15958 13604
15961 13719
15964 13711
15967 13665
15968 13847
15969 13677
15973 13670
15977 13730
15978 13718
15980  7646
15986 13697
15992  6786
15993 13756
15996 13741
16017 13755
16019 13645
16030 13769
16031 13751
16035 13596
16037   445
16039 13786
16041 13788
16044 13639
16045 13947
16048 13797
16051 13731
16052 13808
16055 13854
16056 13791
16059 13898
16065 13764
16066 13742
16072 13840
16077 13813
16078 13800
16080 13822
16083 13824
16085 13834
16093 13905
16095 13703
16096 13865
16098 13775
16103 13773
16105  5360
16109 13779
16111 13891
16113 13894
16116 13754
16118 13879
16119 13675
16121 13912
16123 13843
16130 13864
16135 13888
16146 13939
16149 13960
16152 13954
16153 13902
16155 13726
16162 13723
16163 13961
16165 13935
16166 13725
16167 13920
16168 13778
16170 13728
16173 13887
16174 13734
16178 13927
16181 13984
16188 13737
16197 14116
16204 13799
16207 13858
16210 13928
16215 14005
16218 13976
16219 13814
16225 13990
16231 13771
16235  8630
16236 13777
16238 14158
16239 13932
16245 13958
16250 13945
16252 14009
16254 14051
16256 13950
16257 13849
16265 13942
16270 14017
16271 14007
16272 14020
16275 13967
16279 13956
16280 14047
16283 14023
16284 13926
16287 14047
16293 13819
16295 14056
16296 14016
16298 14064
16302 14029
16303 13991
16304 13988
16305 14037
16307 13831
16310 14042
16317 14054
16319 14209
16320 13987
16326 14002
16327 13915
16335 13937
16336 14035
16343 14011
16344 14075
16349 14050
16351 14021
16352 14055
16354 14107
16357 14059
16360 13882
16362 14094
16370 14139
16373 14030
16374  7798
16375 14098
16377 14040
16378 14099
16382 14074
16387 14093
16389 12139
16396 14036
16404 14077
16405 14081
16413 15267
16418 14196
16420 14063
16426 14053
16435 13995
16437 14095
16439 14105
16449 14113
16450 13922
16455 14163
16456 14148
16467 14183
16471 14096
16473 13992
16479 13998
16481 14151
16483 14138
16490 13970
16492 13962
16494 14133
16495 13962
16497 14069
16499 14185
16501 14129
16509 13989
16517 14176
16518 14166
16519 14143
16520 14385
16524 14160
16525 14230
16537 14387
16541 14398
16543 14229
16544 14237
16551 14062
16553 14402
16558 14027
16560 14197
16561 14061
16566 14426
16567 14022
16570 14207
16573 14206
16574 14201
16578 14251
16585 14220
16595 14169
16598 14430
16599 14165
16607 14297
16613 14217
16614 14052
16615 14239
16618 14091
16619 14226
16625 14295
16627 14299
16630 14303
16633 14245
16636 14215
16639 14238
16640 14248
16644 14079
16648 14084
16649 14082
16651 14088
16653 14090
16659 14302
16676 14288
16678 14193
16683 14488
16692 14216
16697 14259
16702 14216
16705 14159
16712 14315
16719 14535
16727  7230
16729 14353
16734 14350
16736 14522
16738 14276
16740 14260
16749 14370
16752 14368
16753 14171
16764 14582
16771 15614
16783  3521
16790 14396
16795 14570
16802 14631
16805 16157
16807 14369
16814 10202
16817 14271
16821 14235
16827  4074
16830 14322
16840 14417
16849 14308
16855 14715
16859 14472
16868 14447
16872 14450
16884 14321
16887 14346
16887 14348
16891 14550
16895 14529
16898 14340
16899 14474
16903 16546
16924 14427
16930 14418
16933 14738
16942 14428
16949 14362
16950 14957
16956 14547
16957 14562
16960 14596
16961 14392
16964 14411
16966 14388
16968 14563
16970 14419
16978 14413
16980 14397
16982 14431
16988 14628
16992 14420
16995 14486
16998 14614
17004 14445
17006  3175
17011 14454
17012 14623
17021 14639
17024 14845
17032 14525
17036 14652
17040 14638
17044 14509
17045 13524
17047 14826
17049 14671
17050 14664
17051 14503
17054 14665
17061 14642
17068 14549
17078 14511
17083 14496
17084 14496
17094 14565
17095 14507
17099 14726
17101 14536
17104 14681
17110 14887
17111 14739
17113 14586
17118 14735
17119 14744
17126 14696
17129 14568
17133 14553
17141 14551
17142 14552
17143 14921
17144 14755
17146 14574
17167 14572
17168 14747
17172 14787
17177 14690
17181 14790
17196 14912
17199 14616
17201 14813
17212 14609
17235 10068
17241 14821
17243 14824
17246 14645
17247 14800
17251 14646
17253 14997
17256 15000
17261 14847
17264 14818
17268 14814
17276 15019
17277 14823
17278 14804
17291 14699
17296 14707
17302 10458
17302 14925
17306 14719
17309 14835
17314 14686
17353 14964
17355 14722
17372 14731
17373 14732
17378 14895
17392 14795
17401 16351
17403 15142
17406 14959
17414 14973
17448 14990
17451 14975
17467  8862
17469 14994
17475 14839
17478 14862
17494  3326
17502 15036
17503 15171
17506 15006
17519 15196
17531  7107
17541 14934
17544 14855
17560 15129
17571 15237
17583 14890
17586 15107
17605 15341
17609 15137
17614 15345
17616 15353
17617 15326
17618 15141
17623 15333
17624 15027
17628 15002
17632 15242
17637 15370
17640 15267
17645 15350
17650 15066
17651 15048
17654    39
17661 15371
17669 15115
17678 15398
17683 15101
17693 15396
17695 15261
17698 15394
17699 15111
17709 15059
17710 15126
17713 15304
17715 15313
17716 15319
17719 15319
17721 15347
17727 15188
17730 15149
17733 15184
17741 15446
17747 15450
17748 15379
17750 15442
17755 15161
17759 15352
17766 15433
17767 10878
17768 15321
17774 15407
17780 15289
17782 15392
17783 15453
17788 15382
17789 15481
17790 15449
17791 15484
17799 15490
17800 15424
17802 15465
17804 15244
17812 15515
17814 15498
17818 15475
17819 15494
17820 15495
17822 15496
17827 15440
17830 15528
17831 15483
17837 15286
17838 15493
17842 15508
17846 15502
17853 15461
17854 15514
17859   840
17870 15523
17871 15510
17878 15526
17880 15530
17882 15532
17884 15553
17885 15531
17891 15537
17892 15544
17896 15543
17906 15546
17908 15567
17909 15357
17910 15556
17913 15576
17917 15578
17920  9733
17921 15580
17926 15562
17928 15574
17930 15559
17931 15583
17936 15550
17939 15584
17940 15597
17942 15595
17948 15428
17952 15896
17956 15625
17964  9553
17968 15582
17974 15627
17979 15634
17985 15637
17999 15675
18000 15655
18006 15522
18008 15522
18009 15718
18012 15729
18014 15735
18019 15741
18022 15664
18027 15605
18029 15662
18030 15754
18036 15773
18038 15769
18039 15774
18040 15779
18042 15785
18044 15790
18048 15686
18056 15806
18063 15801
18064 15808
18067 15699
18069 15705
18072 15814
18076 15707
18078 15807
18080 15717
18089 15778
18090 15824
18091 15661
18092 15761
18094 15731
18095 15856
18097 15837
18106 15752
18107 15840
18120 15811
18121 15836
18122 15846
18124 15802
18125 15814
18126 15746
18127 15854
18128 15852
18136 15904
18141 15697
18143 15792
18145 15867
18151 15829
18152 15855
18153 15856
18160 15880
18165 15730
18166 15871
18169 15797
18171 15873
18174 15879
18181 15819
18182 15728
18194 15923
18196 15878
18197 15865
18202 15895
18204 15904
18205 15877
18206 15900
18221 15916
18223 15766
18224 15911
18226 15888
18230 15849
18234 15905
18238 15899
18245 15885
18249 15868
18252 16119
18253 15910
18254 15902
18257 15950
18258 15948
18262 15971
18264 15979
18268 15927
18270 15947
18271 15890
18272 15925
18273 15914
18275 15969
18278 15963
18279 15978
18284 15897
18288 16123
18289 15980
18292 15909
18297 15931
18298 15945
18299 15828
18301 15968
18305 15957
18311 15913
18316 15987
18318 15834
18320 15956
18328 15996
18329 16001
18334 15995
18336 16017
18340 15993
18349 16011
18356 16074
18358 15997
18365 16043
18371 16020
18374 16209
18375 16183
18376 15896
18377 16110
18379 16098
18381 16016
18386 16191
18388 16026
18391 16055
18398 16142
18399 16072
18400 16123
18402 16101
18405 16053
18416  5237
18417 15938
18418 16172
18419 16228
18426 16094
18430 15952
18431 15958
18437 16097
18439 16057
18442 16249
18444 16201
18445 16155
18449 16093
18451 16103
18455 16118
18457 16296
18462 16007
18464 16279
18465 16126
18466 16237
18470 16218
18482 16326
18483 16342
18488 16325
18489 16321
18490 16267
18491 16339
18492 16138
18498 16345
18499 16140
18503 16238
18509 16340
18511 16291
18512 16341
18513 16363
18515 16349
18517 16360
18519 16810
18520 16165
18526 16174
18528 16162
18531 16354
18532 16175
18533 16352
18534 16163
18536 16177
18539 16364
18540 16034
18541 16359
18544 16365
18545 16393
18547 16367
18550 16060
18552 16181
18554 16162
18557 16384
18559 17349
18560 16392
18562 16378
18563 16168
18564 16338
18569 16409
18570 16179
18571 16170
18572 16209
18575 16397
18581 16403
18585 16372
18586 16429
18588 16411
18593 16419
18596 16205
18598 16445
18601 16433
18602 16447
18603 16234
18607 16374
18610 16074
18613 16217
18622 16220
18626 16469
18627  5799
18644 16421
18650 16504
18659 16524
18666 10537
18668 17383
18672 16439
18673 16455
18676 16450
18677 16442
18684    11
18686 16454
18691 16557
18709    15
18713  8630
18723 15421
18734 17430
