    8  9973
   12    54
   13    23
   18 11154
  116 11889
  128 14971
  245  9439
  264 11307
  313 12410
  357  1700
  395 15400
  443 14990
  638  1978
  721 14652
  723  3494
  848  4277
  984  4577
 1072 16600
 1159  3927
 1202 15790
 1283  4815
 1327  3730
 1337  9395
 1407  7072
 1480 15671
 1548 15754
 1563 14757
 1564 12268
 1596 11265
 1607    99
 1628 10884
 1669 13287
 1714  2478
 1842 10644
 1866  9745
 1885  6590
 1966  1849
 1997 11012
 2004  7246
 2064 15379
 2083 16828
 2090 10512
 2117  6882
 2120   423
 2217 16883
 2419  9715
 2420  5935
 2427 14313
 2438 15914
 2485 15904
 2544 10783
 2559 11597
 2569  2808
 2653  5405
 2695  5208
 2793  5023
 2815  7971
 2894  5253
 2927  2790
 2935  5036
 2954  8088
 3004 15192
 3069 16577
 3126  5156
 3139  4867
 3204  5483
 3302 15355
 3306  5234
 3363  2321
 3387  5520
 3392 10304
 3496  5286
 3516 13646
 3640  5305
 3648  5599
 3651  5301
 3656  5311
 3678 14610
 3731 14328
 3782  5359
 3812  5387
 3864  5480
 3877 10116
 3945  5684
 3949  7214
 3974 12186
 4063  7769
 4126  2777
 4157  4312
 4169 14019
 4229 16574
 4265 17415
 4292   242
 4311  5570
 4330  6785
 4400  4051
 4516  4782
 4565  5637
 4588  5086
 4666  4803
 4698 10068
 4703 10966
 4719  6411
 4740  6396
 4781  6441
 4786  6443
 4791  6445
 4793  8659
 4812  6462
 4813  6463
 4827  6479
 4836  6475
 4844  6487
 4847  6492
 4861  7947
 4922  7036
 4958  4470
 4974  8110
 5002  3399
 5021   349
 5029  5529
 5048  6884
 5099  1622
 5113  1157
 5132 17116
 5137  4083
 5154 11177
 5169 11896
 5196 17239
 5206 15666
 5248 10445
 5266  8288
 5270 15541
 5289  1796
 5377  7089
 5407 15648
 5409  5096
 5415  7109
 5423  5096
 5433  1813
 5435  7162
 5452  7128
 5457  7203
 5479  7150
 5490  7160
 5501  7175
 5504   403
 5505  7176
 5510  7470
 5520  7456
 5528  7177
 5529  7179
 5541  7190
 5547  7270
 5549  7236
 5550  7231
 5553  7198
 5561  7158
 5573  7460
 5585  7215
 5588  3756
 5592  7478
 5601  7284
 5617  7249
 5618  7426
 5622  7263
 5628  7258
 5634  7502
 5638  9436
 5649  7962
 5653  3385
 5666  7300
 5671  2860
 5739  8191
 5752  7398
 5838  9224
 5853  3229
 5854  9405
 5885 14982
 5911  9465
 5938 17098
 5966  8727
 5995  9196
 5995  9440
 5996 15220
 5998  9252
 6009  8800
 6011  9177
 6013  6105
 6020  6105
 6029  6105
 6047  6105
 6050  8812
 6064  6105
 6071  9161
 6083  6084
 6086  5087
 6094 16361
 6161 10693
 6199 15536
 6235  4379
 6238 13340
 6263 13312
 6276  1736
 6295  9046
 6321  8417
 6327  9400
 6332 15257
 6349 13267
 6382  9247
 6393 12736
 6408  9282
 6429  8021
 6451  8525
 6486  9074
 6491  8766
 6530  9405
 6538  9111
 6561  5889
 6571  8941
 6603  4327
 6699  8490
 6710  8184
 6719  8567
 6738  6948
 6745  1570
 6772  1565
 6779 14662
 6788  9392
 6844 16852
 6860 12319
 6882 16267
 6931  8148
 6947  4158
 6987  8307
 6988  9258
 6993  9681
 7025  4218
 7077  2065
 7126  9533
 7128 10767
 7149 10644
 7176  2130
 7267  8189
 7270  8189
 7323 11763
 7410 15947
 7460  1024
 7557  9741
 7566  9473
 7578  9635
 7588  9592
 7593  9538
 7609  9681
 7612 10043
 7613  9582
 7616  9721
 7626 16719
 7630  9584
 7633 10034
 7635  9686
 7642  9625
 7642 11745
 7646  9644
 7656  9633
 7665  6313
 7675  9666
 7676 15485
 7677  9698
 7680  9684
 7686  9699
 7693  9702
 7696  9705
 7705  9748
 7708  9728
 7713  9728
 7726  9896
 7727  9781
 7738  9910
 7742  9813
 7746  9956
 7784  9971
 7788  9631
 7801  9881
 7802  9906
 7840  9946
 7845 15269
 7868  3016
 7874 10031
 7904 10004
 7909  6780
 7914 10601
 7916 10027
 7928 10111
 7933 10062
 7936 10075
 7943 10076
 7948 11537
 8036 15969
 8047 10958
 8052 10793
 8062 11012
 8081 11051
 8082 11041
 8114  8627
 8118 11069
 8145  7466
 8265 15856
 8288   230
 8292 15856
 8302 15914
 8384 10358
 8386 17278
 8397   337
 8409 16201
 8428   774
 8467   774
 8495  9538
 8590 15914
 8613 11229
 8657 17027
 8662  8495
 8668 11050
 8669 11123
 8683 11117
 8686 11120
 8699 12838
 8711 11190
 8748 10674
 8751 11276
 8761 12024
 8763 11393
 8775 11336
 8779 11332
 8792 13017
 8805 11666
 8863 16119
 8884 12435
 8888  5627
 8934 15490
 8946 12615
 8948  5095
 8953 12339
 8971 12677
 8975 12055
 8983  2462
 8991 12409
 8995 12730
 9000 12113
 9007 12764
 9061 11758
 9064 12847
 9073 12245
 9097 12950
 9100 12713
 9118 12241
 9156 13503
 9181 12966
 9286 13276
 9301  8891
 9306  5294
 9327 12539
 9378 13376
 9384 12574
 9407    60
 9408   265
 9457 12617
 9489  5992
 9496  4303
 9617 13755
 9628 12845
 9633 13769
 9720 13928
 9877 10879
 9974 12629
10343  8384
10453 13739
10826 15667
10936  8984
11066 12211
11174 10930
11250  5078
11278 16394
11382  6509
11415  8112
11675 14518
11742 14298
11820 12839
11842 14370
12039 12533
12210  9652
12262 13000
12282  3860
12289  8521
12371  9037
12528  7740
12726 10724
12824 10683
12952 12079
13071 16852
13116 16343
13293    81
13495   120
13540   943
13542  6052
13662 15688
13733 13811
13744  9557
13964  6216
13974 12853
14004  8859
14077   737
14107 17002
14292 13474
14506  9529
14580  2654
14587  3145
14714 16374
14745 11499
15118 16628
15196 10959
15359  9607
15453 15553
15461 11792
15498 12485
15662 17146
15737  8384
16099  2717
16189 13621
16193 14596
16321 15155
16448  2753
16570 15742
17186 11444
17477  1760
17504 15398
17508  9650
17514  9566
17539  1102
17710 16922
17769   199
17961  2083
18100 10811
18204 11286
18244 16685
18249  8356
18365 12817
18668  3141
18863 10702
18866  2683
19137  8018
19250 16290
19463 13285
19533  6521
19622 16923
19693  5565
19744  2855
19831 12077
19941 12676
20125  6521
20157  6904
20269  8173
20297  5881
20358 16668
20510  9416
20523  2052
20713 17252
20727    99
20742  6441
20890 12713
21178 13808
21249 15593
21453  4824
21524  1842
21544   167
22006 14454
22229 13377
22243   923
22317 17378
22349 13821
22379 17254
22489 11863
22541 16403
22549 11792
22565  2547
22577 15478
22681 17184
22711  9747
22721 13153
22925  9339
22992  5078
23126 16487
23180  4908
23526 15478
23606 15895
23875  8121
24039 15723
24058 15723
24069  3332
24078 12893
24351 12632
24654  1446
24769  8076
24906 16016
25017 10947
25108  2746
25144  3738
25184 16520
25312 16856
25607  4261
25646  8495
25792 11088
25991 16476
26054 16029
26056  5630
26189  1916
26256 16926
26329 13069
26331  7241
26366 16922
26369  7241
26428 14084
26533 12646
26654 13468
26680 16279
26703 15546
26777  8246
26836  1138
26839 13984
26972 15490
26985   227
27078 15098
27187  2881
27382   698
27536 15421
27542  9266
27650 16380
27653 11725
27680 14316
27692    30
27761 17094
27778   337
27798 15354
27802    30
27821 17278
27860 16351
27874    18
27875     7
