    1    38
    5  2832
    8    51
   19    20
   23 17411
   25 17415
   37     1
   41  2848
   42  2840
   47  2847
   51    30
   72  2873
   81  2875
   84  2894
   97 12250
  114  2898
  132  2981
  142  2933
  146  2943
  150  2998
  151  2965
  153  3273
  166  3282
  187  3014
  203 12890
  226  2990
  229  3005
  231  3340
  232  3037
  257  2999
  265  3033
  286  3080
  320  3145
  321  3028
  324  3339
  327  3552
  328  3034
  333  3046
  375  3064
  381  3370
  388  3373
  409  3160
  416  3202
  433  3108
  434  3980
  438  3124
  443  3110
  447  3168
  450  3121
  453  3140
  456  3238
  457  3123
  458  3176
  491  3180
  494  3139
  498  3258
  507  3216
  509  8407
  518  3721
  519  3232
  523  3436
  528  3276
  537  3213
  544  3154
  546  3274
  559  3281
  565  3244
  568  3281
  581   866
  587  3245
  594  3236
  601  3314
  602  3313
  613  3230
  618  3206
  619  3284
  633  3489
  640  3309
  642  8542
  643  3195
  646  3195
  648  2840
  650  3341
  651  6928
  653  3505
  654  3293
  657 10958
  665  3331
  677  3507
  680  3399
  687  3321
  692  3345
  701  3235
  711  3344
  715  3524
  726  3342
  743  3537
  745  3541
  755  3395
  758  3612
  765  3388
  768  3480
  778  4902
  792  3386
  796  3418
  799  3407
  804  3563
  807  2052
  811  3557
  821  3319
  831  3437
  846  3466
  856  3577
  862  3598
  863  3476
  871  3455
  880  3612
  883  3353
  885  3599
  899  3459
  901  3459
  919  3483
  922  2834
  940  3567
  946  3491
  947  3500
  955  3631
  980  3581
  986  3509
  994  3521
 1000  3586
 1009  3665
 1021  3517
 1029 15997
 1041  3685
 1044  3431
 1050  3544
 1058  3697
 1105  3724
 1109  3497
 1120  3580
 1138  3684
 1138  3690
 1150  3593
 1151  3585
 1152  3591
 1158  3621
 1162  3463
 1176 17415
 1181  3709
 1187  3709
 1206  3635
 1228  3669
 1231  3636
 1235  3670
 1237  3675
 1255  5945
 1257  3662
 1259  3559
 1264  3683
 1272  3230
 1275  3679
 1281  3813
 1287  3734
 1314  3727
 1315  3708
 1319  3806
 1323  3731
 1338  2805
 1343 15818
 1344  3483
 1361  3816
 1362 15424
 1365  3906
 1371  3812
 1396  4248
 1416  3864
 1421  3859
 1434  3886
 1440  3886
 1448  3818
 1452  3685
 1459  1607
 1464  3808
 1473 17278
 1477  3907
 1481  3908
 1485  3872
 1486  3892
 1524  3842
 1529   737
 1551  4627
 1560  3935
 1570  3705
 1601  3978
 1602  3730
 1610  3449
 1613  3932
 1636  3962
 1649  4014
 1650  4027
 1657  3957
 1658  3861
 1661  3937
 1693 17297
 1704  3730
 1707  4020
 1708  4045
 1711  4028
 1719  3813
 1730  4058
 1739  7404
 1746  3813
 1749  4051
 1759  4044
 1764  4055
 1772  4066
 1787  4069
 1788  3619
 1789  3813
 1802 17297
 1825  3833
 1861  4120
 1874  3641
 1885 15258
 1910  4199
 1923  1538
 1924  4144
 1933  4164
 1955  4230
 1965  1538
 1981  4079
 1983  4079
 1984  4172
 1985  3710
 1997 17278
 2026  2941
 2039  3596
 2045  8296
 2073  2525
 2079  4160
 2088  4460
 2096  4254
 2118  6566
 2153  4314
 2157 13777
 2177  4338
 2194   842
 2201  2052
 2203  4143
 2271  3828
 2276  2052
 2277  4308
 2292  3806
 2300  5386
 2313  3596
 2337  3894
 2341  3878
 2356  3912
 2383  1799
 2399  3912
 2428  4010
 2448  4039
 2458  4068
 2459  4074
 2464   711
 2467  4071
 2473  9561
 2491  4097
 2514  4149
 2515  4060
 2519  9741
 2533  4279
 2538  4167
 2557  4237
 2563  4261
 2572  4307
 2575  4369
 2577  4368
 2581  4262
 2583  4373
 2587  4367
 2600  4324
 2601  4320
 2605  4394
 2610  4339
 2611  4392
 2620  4354
 2633  4441
 2638  4402
 2639  4453
 2641  4462
 2643  4433
 2644  3723
 2646  4472
 2653  4489
 2654  4531
 2655  4425
 2659  4533
 2661  4540
 2662  4521
 2664  4549
 2668  4541
 2669  4477
 2670  4520
 2679  4536
 2689  4579
 2690  6695
 2693  4542
 2713  4716
 2716  4560
 2720  4597
 2727  6632
 2734  4592
 2736  4632
 2740  4608
 2741  4626
 2745  4606
 2748  3452
 2749  4634
 2750  4657
 2755  4652
 2757  2600
 2771  4677
 2787  4656
 2795  4670
 2800  2294
 2810  6687
 2818  4668
 2820  4671
 2822  4678
 2826  4703
 2830  4713
 2831  4696
 2834  4674
 2835  4690
 2841  4720
 2851  4708
 2855  4794
 2859  4741
 2863  4725
 2873  6794
 2883  4738
 2888  4733
 2894  6831
 2902  4711
 2909  4761
 2915  4757
 2918  4769
 2922  4770
 2923  6812
 2927  4789
 2934  4771
 2935  4914
 2939  4777
 2947  4787
 2948  4756
 2953  4740
 2954  4765
 2957  4811
 2962  6797
 2966  4766
 2968  4828
 2970  4825
 2980 12637
 2984  4801
 2986  4744
 2987  4816
 2990  4774
 2991  4774
 2992  4836
 2994  4780
 3002  4830
 3003  4852
 3005  4803
 3008  4785
 3012  4857
 3020  4846
 3025 10278
 3028   609
 3031  6032
 3039  4893
 3041  4895
 3042  4883
 3047  4829
 3072  4845
 3076  4867
 3080 12426
 3099  4843
 3108  4916
 3121  4844
 3122  6979
 3123  4880
 3125  4887
 3148  4906
 3156  4957
 3159  4922
 3160  4720
 3161  6795
 3163 15754
 3164  4911
 3169  4980
 3178 16719
 3181  4949
 3183  4932
 3185 13600
 3192  4940
 3204  4792
 3209  4968
 3213  4986
 3217  4919
 3223  4990
 3232  4982
 3238  4988
 3248  5021
 3254  5004
 3264  5015
 3281  5027
 3299 10499
 3311  4860
 3313  4860
 3315  5043
 3318 11591
 3327  5087
 3328  5068
 3331  5068
 3332  4876
 3349  5094
 3350  5072
 3355  5022
 3361  5096
 3376  4958
 3419  5106
 3430  5116
 3433  5133
 3454  5128
 3454  5439
 3460  4921
 3474  5126
 3513  4941
 3527  5112
 3530  5608
 3545  4963
 3551   427
 3553  4051
 3563  5009
 3567  5014
 3570  6583
 3579  3285
 3599  5199
 3608  5074
 3610  5054
 3611  5213
 3617  5057
 3620  5220
 3641  5023
 3645  5237
 3673  4670
 3743  5082
 3745  5271
 3749  5288
 3754  5144
 3765  3359
 3785  5337
 3792  5284
 3795 11330
 3801  5284
 3818  5355
 3876  5132
 3880  8862
 3886  8255
 3887  5343
 3912  5349
 3916  5349
 3923  5352
 3929  5371
 3960   460
 3992 14313
 4045  5219
 4063  5234
 4068  5223
 4072  5435
 4083  5242
 4119  5321
 4132  5477
 4138  5348
 4142  3200
 4142  5487
 4144  5491
 4147  5439
 4162  5286
 4183  5498
 4197  5287
 4212 13877
 4213  5301
 4215  5510
 4216  5514
 4219  5305
 4230  5311
 4243  5433
 4250 15222
 4265  5065
 4269  5445
 4287  5496
 4290  6446
 4296  5453
 4303  5359
 4309  5354
 4313  3427
 4321  5463
 4338  5387
 4357  5405
 4370  5559
 4386  5425
 4419  5509
 4420  5523
 4439  5522
 4443 11911
 4473  5616
 4502  7227
 4504  5632
 4545  5672
 4574  5596
 4578  5611
 4594  5627
 4603  8495
 4607  5626
 4629  5570
 4662  5579
 4698  5684
 4713  5606
 4723  5698
 4726  5634
 4727  5695
 4730  5617
 4744  5623
 4749  3915
 4761 14144
 4777  5662
 4795  5720
 4801  5667
 4802  5722
 4803  5686
 4804  5716
 4809  5683
 4814  5721
 4825  5744
 4833  3085
 4841  5747
 4846  5708
 4847  5762
 4849  5755
 4855  5713
 4862  5740
 4870  5770
 4876  5933
 4878  5733
 4899  5807
 4900  5781
 4915  5786
 4920   289
 4925  5803
 4928  5867
 4929  5831
 4931  5819
 4935  5850
 4938  5822
 4940  6698
 4941  5816
 4947  5859
 4952  5828
 4955  5828
 4957  5826
 4960  5869
 4962  5838
 4963  3141
 4964  5979
 4979  1410
 4983  5863
 4995  5839
 4998  5863
 5010  5907
 5014  5912
 5017  5890
 5018  5922
 5019  5908
 5028  5846
 5035  6036
 5039  5971
 5040  5919
 5046  5945
 5053  5924
 5058  5938
 5062  5921
 5064  5931
 5066  5983
 5072  5940
 5074  3953
 5075  6041
 5077  5964
 5082  6906
 5085  5955
 5087  5941
 5088  5957
 5105  6012
 5110  5996
 5113  5958
 5114  6018
 5118  5978
 5128  6050
 5132  5965
 5137  5977
 5138  6834
 5139  6063
 5140  6021
 5143  6055
 5144  5993
 5150  6027
 5151  5982
 5155  5994
 5157  6051
 5158  6076
 5163  6034
 5172  6087
 5175  6906
 5176  6034
 5202  6106
 5209  6049
 5212  6026
 5213  6030
 5214  6039
 5217  6038
 5233  6128
 5242  6106
 5244  6040
 5253  6122
 5257  6077
 5265  6106
 5268  6146
 5279  6093
 5293  6114
 5295  6201
 5300  6197
 5302  6147
 5304  6189
 5308  6131
 5318  6217
 5323  6085
 5330 15438
 5333  6170
 5350  6184
 5367  6239
 5384  6245
 5404  6192
 5412  6260
 5424  6213
 5425  6265
 5438  6263
 5445  6224
 5455  6235
 5461  6253
 5462  6318
 5466  6232
 5469  6366
 5470  6306
 5472  6261
 5477  4785
 5481  6295
 5494  6250
 5503  6349
 5504  6922
 5511  6278
 5553  6276
 5555  6332
 5555  6366
 5559  6263
 5562  6380
 5563  6324
 5565  6322
 5570  6325
 5588  6373
 5589  6401
 5594  6391
 5596  6342
 5597  6343
 5598  6399
 5601  6192
 5627  6422
 5629  6431
 5631  6298
 5632  6422
 5639  7516
 5645  6368
 5648  6429
 5654  6347
 5666  6307
 5682  6366
 5683  6319
 5686  6471
 5688  6366
 5699  6328
 5714  6345
 5716  6493
 5718  6416
 5728  6344
 5733  6355
 5752  5086
 5765  6453
 5790  6375
 5813  6418
 5823  7414
 5833 13995
 5838  3871
 5842  6435
 5844  6441
 5845  6441
 5852  6443
 5860  6436
 5871  6494
 5877  6494
 5891  6462
 5912  6475
 5922  6561
 5926  6554
 5927  6546
 5928  6474
 5935  6583
 5947  6588
 5950  6492
 5960  6597
 5965  6632
 5972  6497
 5975  6591
 5990  6518
 5995   732
 5995  6631
 6002  6527
 6005  6520
 6006  6618
 6008  6626
 6020  6536
 6023  6629
 6028  8546
 6039  6551
 6047  4543
 6047  6645
 6051  6651
 6056  6780
 6060  6657
 6061 15818
 6064  6678
 6065  6580
 6068  6585
 6071  6660
 6086  6662
 6088  6664
 6089  6721
 6090  6714
 6101  6667
 6102  6725
 6109  6680
 6112   531
 6115  6713
 6138  6715
 6139  6718
 6141  6655
 6152  6797
 6153  6764
 6167  6745
 6176  6791
 6182  6766
 6189  6816
 6190  6706
 6195  6937
 6198  6711
 6218  6836
 6220  6828
 6227  6808
 6228  6846
 6232  6834
 6233  6732
 6236  6794
 6240  6698
 6242  6778
 6245  4757
 6259  6832
 6267  6860
 6276  6863
 6277  6736
 6291  6838
 6293  6869
 6294  6898
 6304  6901
 6305  6879
 6307  6880
 6309  6878
 6310  6889
 6311  6894
 6312  6896
 6313  6885
 6316  6864
 6323  6858
 6327  6928
 6330  6864
 6331  6831
 6332  6863
 6337  6851
 6345  6906
 6348  6882
 6355  6911
 6357  6924
 6369  6881
 6372  6935
 6375  4619
 6383  6951
 6386  6954
 6389  6907
 6390  6921
 6400  6918
 6402  6926
 6403  6902
 6406  6917
 6407  6905
 6412  6938
 6413  6933
 6419  6968
 6428  6995
 6430  6945
 6476  6982
 6480  7007
 6513  7036
 6542  2786
 6556  6805
 6557  7078
 6592  7052
 6608  7073
 6613  7065
 6618  7084
 6625  3312
 6632  7089
 6637  7093
 6640  7095
 6642  7094
 6647  7158
 6652  7101
 6654  7109
 6655  7110
 6656  7122
 6659  7115
 6661  9632
 6675  7130
 6696  7127
 6704  7135
 6710 11221
 6721  7154
 6728  7189
 6731  7160
 6733  7205
 6740  7214
 6743  7225
 6748  8063
 6753  7177
 6776  7190
 6777   920
 6778  7252
 6779  7253
 6779 10818
 6782  7198
 6785  7199
 6788  7208
 6790  4480
 6792  7254
 6793  7203
 6794  7211
 6796  7262
 6797  7265
 6804  7260
 6807 17315
 6817  7215
 6825  7295
 6828  7231
 6829  7236
 6831  7231
 6837  7237
 6841  7312
 6851  9647
 6854  7245
 6861  7249
 6864  7318
 6866  7317
 6870  7258
 6874  7263
 6881  7277
 6888  7288
 6894  7270
 6897  1488
 6900  7337
 6906  7334
 6927  7306
 6935  7364
 6948  7374
 6958  7331
 6978  7378
 6990 10001
 6991  7391
 6999  7389
 7007  7394
 7008  7413
 7012  7181
 7017  7448
 7019  7411
 7023  7437
 7031  7456
 7034  7432
 7037  7377
 7040  7463
 7047  7470
 7049  7385
 7052  7457
 7055  7398
 7057  7426
 7059  7396
 7061  7393
 7066  7407
 7074  7461
 7103  7483
 7138  7506
 7144  7502
 7151 11584
 7157  7516
 7160  7490
 7176  7573
 7183  7543
 7188  7547
 7204  7542
 7216  7553
 7223  7580
 7225  7548
 7242  7091
 7249  7525
 7253  7610
 7256  7577
 7257  3763
 7259  7565
 7264  7572
 7266  7616
 7270  7617
 7289  7644
 7290  7641
 7292  7643
 7298  7645
 7299  7648
 7315  7893
 7316  7660
 7320  7657
 7338  7675
 7340  9524
 7350  7714
 7357  7742
 7359  7695
 7360  6924
 7362  7707
 7362  7783
 7367  7723
 7371  7663
 7374  7731
 7375  7701
 7380  7716
 7382  7723
 7390  7726
 7392  7739
 7395  7721
 7396  7742
 7401  7755
 7411  7700
 7412  7766
 7416  7763
 7417  7786
 7426  7674
 7430  7749
 7434  7781
 7436  7723
 7438  7865
 7444  7789
 7456  7772
 7463  7805
 7474  7929
 7477  7745
 7489  7886
 7491  7791
 7497  7833
 7503  7862
 7506  7723
 7509  7840
 7510  7838
 7514  7723
 7516  7841
 7518  7886
 7521  7855
 7523  7956
 7527  7847
 7528  7860
 7546  7879
 7547  7881
 7561  7893
 7562  7916
 7567  7889
 7588  9610
 7591  7924
 7596  7219
 7602  7894
 7613  8053
 7616  8054
 7623  8066
 7624  8072
 7626  7974
 7636  7954
 7643  7964
 7652  8103
 7658  8000
 7678  8123
 7679  8167
 7680  7775
 7681  8127
 7682  7986
 7686  8156
 7694  8812
 7704  8132
 7714  8037
 7718  8163
 7743  7884
 7765  8224
 7768  7897
 7774  7967
 7781  8150
 7788  7930
 7789  7932
 7790  8096
 7794  8004
 7800  8269
 7812 10353
 7825  8185
 7827  8189
 7832  8191
 7841  9467
 7844  8080
 7853  8559
 7868  8076
 7881  8230
 7885  8104
 7887  8238
 7895  8043
 7906  7216
 7913  8240
 7916  8135
 7922  8110
 7926  8058
 7929  8230
 7931  8267
 7933  8134
 7940  8084
 7952  6268
 7956  8153
 7957  8284
 7961  8089
 7976  8307
 7977  8105
 7978  1623
 7982  8230
 7983  8317
 7997  8248
 7999  8334
 8001  8331
 8013  8335
 8018  8340
 8024  8341
 8026 11790
 8052  8372
 8055  8124
 8059  5557
 8067  8204
 8080  9195
 8083  8390
 8088  8517
 8092  8243
 8095  8395
 8099  8507
 8104  8235
 8105  8164
 8108  8340
 8119  8246
 8123  8905
 8131  8182
 8133   149
 8149  7578
 8152  8271
 8156  7088
 8175 10710
 8196  8289
 8210  7604
 8216  8281
 8217  8981
 8219  8538
 8229  8598
 8234  8547
 8235  8548
 8239  8610
 8246  8595
 8252  8305
 8256  8417
 8262  8552
 8271  8332
 8275  8618
 8279  8190
 8288  8586
 8290  7637
 8297  9405
 8299  8571
 8304  8350
 8307  4372
 8308  8594
 8317  8287
 8321  9405
 8327  8456
 8337  8313
 8346  8609
 8350  4974
 8353  8397
 8358  8699
 8359  8693
 8368  7693
 8371  9213
 8377  8381
 8385  8373
 8388 16029
 8389  2052
 8391  8708
 8393  8391
 8402  8662
 8419  8585
 8422  8333
 8426  8525
 8427  8727
 8430  4469
 8472  8713
 8475  8352
 8476  8384
 8479  8775
 8483  8394
 8489  7839
 8505 14662
 8520  8434
 8521  8407
 8524  8409
 8526  7872
 8529  8273
 8529  8782
 8531  8730
 8533  8833
 8539  8443
 8543  8782
 8562  9376
 8571  9327
 8583 12867
 8592  8829
 8599  8805
 8600  8466
 8607  8524
 8610  8800
 8627  8804
 8633  8531
 8634  8560
 8636  8677
 8639  8549
 8642  8769
 8645  8558
 8651  8564
 8661  8567
 8666  8558
 8675  8550
 8700  8857
 8705  8511
 8707  8503
 8709  8766
 8721  8677
 8723  8904
 8728  8893
 8729  8879
 8738  8728
 8741  8615
 8742  7966
 8753  8912
 8760  8900
 8776  8751
 8778  8751
 8793  8577
 8800  8649
 8815  7806
 8822  8969
 8835  8996
 8847  8720
 8867  9353
 8878  8640
 8888  8774
 8894  9060
 8922  9102
 8926  8782
 8927  8680
 8939  9195
 8945  9138
 8948  9095
 8951  9177
 8957  9125
 8958  9115
 8961  9113
 8971  9129
 8979  9149
 8982  8788
 8985  8667
 8986  8679
 8997  9064
 9008  9139
 9011  8116
 9014  9179
 9016  9156
 9022  8772
 9025  9177
 9030  9177
 9038  8863
 9040  9084
 9041  8967
 9044  9072
 9062  9177
 9065  9207
 9067  9179
 9067  9188
 9083  9222
 9085  9214
 9087  8943
 9095  8914
 9098  9223
 9100  9240
 9105  9247
 9105  9378
 9106  9239
 9119  9154
 9120  8203
 9122  8935
 9130  8813
 9136  9244
 9144  9292
 9148  9221
 9149  9319
 9162  9293
 9167  9197
 9170  9237
 9172  9290
 9174  9197
 9176  9319
 9179  9318
 9180  9309
 9190  9325
 9198  9336
 9199  8481
 9212  9320
 9215  9352
 9223  9288
 9224  9283
 9225  8793
 9226  9288
 9238  9264
 9239  9003
 9245  9301
 9251  9300
 9254  9421
 9257  9409
 9258  9376
 9262  9127
 9267  9409
 9268  9379
 9270  9379
 9271  9409
 9277  9416
 9279  9323
 9283  9224
 9285  9405
 9288  9400
 9299  9358
 9306  9419
 9327  9439
 9351  9286
 9406  9137
 9415  9258
 9421 15369
 9430  9474
 9438  9481
 9455  8782
 9459  9200
 9460  9510
 9461  9304
 9462  9211
 9465 14823
 9466  9327
 9471  9212
 9474  9378
 9490  9353
 9505  9466
 9506  2125
 9546  9499
 9549  8867
 9553  9279
 9569  9321
 9576  7920
 9597   958
 9603  9380
 9628  9432
 9636  9406
 9651  9051
 9657  9281
 9660  9533
 9664  9542
 9684  9591
 9687  9659
 9700  9405
 9717  9405
 9728  9723
 9733  9730
 9735  9716
 9760  9398
 9777  9755
 9787  9767
 9802  8632
 9811  9770
 9816  9422
 9823 14245
 9846  6193
 9862  9458
 9871  9473
 9877 16701
 9883  9514
 9888  9687
 9895  9850
 9900  9501
 9913  9513
 9926  9527
 9946  3626
 9960  9537
 9973  9550
 9974  9538
 9977  9544
 9985  3678
 9988  9543
 9990  3626
 9999  9545
10016  9566
10018  9901
10021  7723
10032  9631
10054  9635
10062  7723
10080  9565
10081  9570
10083  9592
10086  9581
10101  9582
10102  9571
10115  9683
10118  7079
10161  9625
10163  9615
10171  9617
10177  9622
10183  9623
10200  9667
10204  9681
10221  9663
10223  9666
10224  9655
10237  8938
10239  9721
10252  9705
10263  9728
10269  9853
10270  9856
10271  9857
10288  9756
10293  9792
10295  9763
10296  2687
10297  9801
10307  9781
10317  9788
10319  9786
10321  9795
10325  9890
10326  9893
10327  9802
10330  9832
10337 16675
10341  9837
10348  9943
10354  9820
10356  9945
10358  9939
10363  9863
10374  9977
10377  9976
10382  9964
10383  9896
10384  9869
10388  9873
10394  9867
10395  9979
10402  9974
10404  9875
10415  9914
10419  9881
10422  9894
10428  9909
10429  9981
10431 10009
10434 10011
10439 10029
10441  9062
10442  7413
10447 10022
10452 10019
10453  9921
10455 10043
10456  9925
10462 10038
10466  9930
10467 10040
10468  9942
10473  9956
10476  9971
10479  9941
10480  9946
10481  9955
10484 10057
10498  9968
10500  9987
10507  9975
10512  9998
10516 10105
10523  9992
10524 10006
10526  8212
10531 10031
10536 10190
10540 10012
10543 10133
10544 10037
10557 10132
10558 10190
10561 10243
10567 10048
10572 10154
10576 10123
10577 10062
10584 10056
10588 10093
10589 10091
10591  9303
10592 10197
10597 10135
10602 10149
10603 10185
10605 10139
10606 10076
10608 10075
10617 10088
10621 10111
10623  3195
10625 10094
10629 10099
10630 10246
10647 10109
10657 10143
10659 10148
10666 10181
10668 10212
10676 10252
10706 10281
10732 10323
10738 10176
10744 10183
10756  2937
10763 10356
10768 10402
10783 10182
10796 10477
10807 11748
10810 10455
10818 10498
10825 10317
10838 10376
10852 10264
10854 10454
10859 10493
10888 10268
10903 10514
10910 10452
10913 10549
10925 10564
10928 10315
10929 10537
10940 10297
10941 10576
10946 10428
10948 10566
10954 10322
10958 10600
10973 10601
10974 10606
10975 16385
10977 16385
10980 10369
10981 10598
10986 10360
10998 10582
11000 10401
11003 10385
11013 10644
11021 10433
11024 10652
11034 10445
11042 10634
11051 11230
11054 10663
11057 10648
11058 10700
11062 10672
11064 10659
11065 10682
11079 10830
11080 10669
11081 10757
11082 10713
11086 10671
11090 10699
11091 10684
11095 10706
11098 10696
11105 10736
11107 10717
11109 10738
11112 10807
11139 10750
11142 10768
11143 15798
11147 10756
11153 10743
11154 10751
11159 10772
11168 10803
11169 10803
11178 10804
11180  9226
11184 10820
11187 10793
11189 10822
11195 10821
11201 10819
11207 10861
11208 10823
11209 10837
11213 10878
11214 10833
11216 10852
11221 10892
11228 10845
11231 10864
11232 10848
11245 10873
11251 10887
11252 10907
11255 10898
11258 10914
11290 11012
11298 11041
11304 11051
11324 16762
11335 11086
11379 11129
11389 11147
11390 11134
11416 11163
11422 11171
11425 11177
11434 11214
11452 11232
11457 11018
11460 10913
11462 10916
11532 11230
11535 10997
11542 11017
11545 10969
11549 11046
11553 11273
11555 11011
11558 11283
11560 10974
11571 11455
11579 11031
11580  2370
11586 11298
11601 11307
11604 11059
11605  1855
11608 11050
11611 11050
11612 11073
11615 11053
11617 11170
11626 11074
11637 11087
11648 11324
11657 11106
11665 11083
11666 11117
11668 11082
11670 11085
11672 11120
11677 11109
11678 11127
11680 11132
11690 11148
11709 11330
11710 11142
11720 11178
11727 11189
11731 11249
11740 11190
11749 11209
11760 11203
11770  4687
11771 11226
11789 11237
11798 11244
11804 11470
11814 11220
11817 11221
11844  4206
11873 11247
11892 11277
11893 11276
11897 11278
11900 11672
11902 11260
11925 11296
11929 11272
11931 11469
11932 11304
11939 11491
11944 11513
11962 11314
11963 11314
11964 11287
11968 10576
11970 11538
11987 11553
11996 11332
12003 11353
12007 11393
12012 11583
12013 11577
12019 11326
12026 11591
12028 11383
12039 11621
12048 11608
12049  2808
12056 11361
12071 11410
12079 11648
12092 10455
12102 11661
12106  4628
12115 11683
12117   808
12120 11690
12141 11463
12146 11692
12150 11696
12151  9715
12154 11649
12173 11502
12183 11521
12189 11721
12190 13858
12191  9715
12193 11518
12194 11519
12197 11526
12198 11717
12204 11471
12205 11472
12209 11962
12216 11484
12218 15075
12227 11490
12229 11489
12231 11543
12237 11503
12249 11756
12262 11569
12264 11536
12265  1658
12266 11587
12275 11594
12282 11793
12284 11798
12288 11565
12289 12019
12296 11616
12297 11620
12305 17334
12310 11642
12315 11845
12316 11600
12328 11624
12329 11669
12335 11861
12339 11641
12350 11701
12353 11907
12355 11918
12365 11716
12367 11941
12375 11740
12378 11712
12386 11735
12387 11753
12391 11711
12394 11760
12395 11723
12399 11755
12400 11985
12404 11792
12405 11999
12407 11801
12408 11738
12422 11816
12429 12020
12434 11939
12435 12024
12437 11836
12438 11781
12442 12037
12449 11783
12452 12040
12455 11797
12466 11817
12468 11821
12470 11818
12471 12065
12474 11828
12486 12081
12492 11860
12495 11871
12499 12089
12504 11892
12505 11950
12507 11898
12508 12104
12516 12034
12522 12108
12523 12039
12528 12135
12531 11987
12533 11957
12537 11964
12538 11944
12540 12010
12543 12017
12544 12079
12545 11976
12546 12033
12548 12149
12549 12011
12554 12029
12564 12028
12569 12005
12572 12038
12582 12055
12584 12200
12585 12188
12588 12060
12590 12068
12608 12088
12621 12234
12628 12257
12633 12259
12636 12190
12637 12102
12644 12291
12645 12100
12647 12260
12661 12125
12666 12138
12667 12308
12675 12325
12680 12313
12686 12144
12691 12323
12699 12122
12711 12371
12714 12179
12724 12391
12725 12355
12729 12359
12730 12378
12731 12189
12737 12374
12745 12290
12748 12394
12751 12339
12756 12228
12760 12245
12762 12416
12765 12182
12767 12241
12776 12213
12777 12195
12781 12262
12787 12440
12788 12345
12790 12216
12793 12266
12798 12444
12803 12286
12806 12409
12807 12248
12808 12244
12811 12435
12812 12315
12815 12309
12816 12310
12824 12330
12831 12489
12832 12351
12843 12533
12844 12510
12845 12277
12847 12347
12853 12509
12855 12532
12856 12544
12857 12570
12858 12554
12860 12524
12862 12556
12864 12559
12866 12561
12875 12576
12877 12386
12879 12571
12882 12565
12888 12602
12889 12587
12896 12575
12898 12598
12903 12615
12904 12398
12905 12580
12908 12620
12909 12603
12919 12618
12921 12599
12922 12616
12926 12639
12938 12649
12942 12458
12944 12461
12947 12451
12950 12411
12953 12445
12955 12674
12957 12589
12962 12651
12965 12448
12969 12480
12970 12658
12974 12469
12979 12450
12986 12669
12991 12422
12995 12675
12999 12432
13000 12683
13003 12764
13005 12680
13009 12715
13015 12695
13016 12766
13018 12693
13027 12700
13028 12704
13038 12710
13039 12742
13040 12711
13042 12792
13045 12718
13050 12517
13051 12730
13055 12760
13056 12507
13057 12740
13059 12479
13067 12539
13069 12627
13070 12673
13072 12713
13073 12761
13076 12790
13085 12537
13093 12490
13094 12574
13095 12531
13097 12786
13099 12784
13100 12767
13106 12581
13111 12799
13115 12590
13116 12817
13117 12805
13119 13037
13121 12829
13123 12823
13129 12832
13131 12825
13135 12818
13139 12826
13146 12609
13152 12858
13158 12849
13160 12869
13161 12867
13163 12583
13168 12617
13173 12859
13176 12635
13182 12643
13183 12897
13185 12902
13187 12892
13189 12637
13191 12577
13201 12594
13203 12636
13206 12631
13210 12712
13222 12921
13223 12706
13227 12664
13228 12922
13230 12835
13238 12726
13239 12954
13241 12950
13243 12747
13245 12724
13249 12698
13254 12979
13256 12759
13257 12676
13260 12905
13260 12911
13265 12890
13266 12775
13271 17011
13279 12990
13281 12977
13282 12802
13290 12804
13291 12756
13294 13000
13295  3452
13296 13014
13298 12923
13300  8493
13303 13017
13309 13009
13310 12824
13311 13010
13312 12833
13313 12797
13314 12845
13326 13051
13327 13031
13333 13038
13337 13058
13342 13055
13344 12957
13346 12872
13347 13083
13348 12936
13354 13093
13355 12828
13357 13052
13363 13096
13368 13112
13370 13013
13374 13135
13380 13164
13383 13122
13384 13113
13385 13102
13389 13138
13393 12862
13394 13047
13395 13156
13399 13053
13404 12925
13407 13123
13410 13120
13413 13159
13414 13130
13416 12942
13417 13145
13420 13147
13421 13059
13423 13170
13426 12894
13428 13174
13432 13190
13441 13106
13442 13219
13452 13227
13457 13229
13460 13224
13466 13230
13474 13237
13486 13265
13494 13267
13497 13258
13498 13253
13501 13011
13518 13309
13521 13067
13528 13302
13533 13299
13536 13079
13537 13319
13539 13312
13541 13306
13545  6098
13547 13337
13548 13317
13556 10838
13559 13344
13563 13376
13565 13365
13566 13281
13570  4910
13571 13366
13576 13402
13580 13356
13581 13062
13583 13353
13588 13371
13590 13264
13591 13357
13593 13398
13603 13393
13611 13415
13615 13088
13618 13418
13620 13417
13621 13405
13630 13109
13632 13420
13638 13439
13639 13434
13640 13437
13642 13433
13643 13491
13645 13127
13647 13223
13654 13451
13659 13478
13660 13462
13664 13456
13675 13480
13676 13464
13677 13469
13680 13466
13682 13160
13683 13336
13686 13486
13688 13215
13689 13460
13694 13485
13708 13208
13709 13202
13712 13288
13713 13514
13719 13213
13722 13500
13723 13501
13724 13507
13728 13225
13731 13231
13734 13244
13738 13557
13739 13512
13741 13540
13742 13241
13744 13277
13745 13545
13748 13555
13750 13556
13751 13566
13752 13251
13755 13463
13759 13558
13767 13286
13775 13583
13776 13574
13777 13571
13781 13280
13783 13441
13790 13572
13791 13603
13794 13606
13798 13298
13809 13621
13812 13619
13815 13610
13816 13638
13826 13611
13827 13625
13838 13326
13839 13528
13841 13644
13845 13660
13847 13653
13849 13544
13853 13694
13854 13647
13859 13679
13862 13693
13867 13665
13868 13396
13869 13670
13875 13707
13883 13482
13884 13428
13886 13730
13887 13716
13891 13591
13893 13712
13896 13443
13898 13634
13900 13676
13906 13748
13907 13411
13910 13751
13911 13769
13912 13494
13913 13789
13919 13791
13925 13516
13937 13828
13940 13552
13941 13813
13942 13800
13945 13840
13950 13824
13956 13445
13963 13499
13967 13838
13968 13517
13969 13827
13970 13865
13974 13894
13979 13567
13981 13859
13983 13885
13991   768
14000 13884
14002 13920
14004 13887
14011 13935
14012 13656
14016 13928
14024 13934
14027 13946
14028 13645
14034 13976
14038 13974
14039 13932
14043 13958
14045 13942
14047 13856
14049 14056
14050 14009
14061 13596
14068 13639
14070 13987
14074 14002
14076 13939
14080 13954
14087 13703
14091 13754
14096 14059
14103 14030
14108 13729
14113 13675
14118 13613
14119 13666
14129 14823
14134 13683
14137 13657
14141 13938
14145 10585
14150 13726
14159 13723
14163 13799
14164 13725
14166 13814
14168 13728
14177 13849
14193 13777
14212  3169
14220 13819
14224 13830
14231 13831
14240 10498
14279 13901
14296 13899
14296 14467
14314 13922
14331 14044
14336 15095
14341 13998
14346 13962
14349 13971
14379 14061
14389 14022
14418 14052
14424 14216
14432 14084
14433 14088
14435 14082
14439 14079
14479 14159
14489 14250
14516 14178
14534 15816
14541 14224
14555 14271
14597 14308
14654 14346
14664  8217
14686 14330
14698  3163
14730 13446
14731 14411
14750 14362
14763 14431
14780  3057
14790 14413
14791 14397
14792 14397
14794 14454
14820 14438
14822 14503
14823 14509
14853 14518
14854 14451
14860 14448
14917 14501
14919 14553
14936 14574
14956 14585
14986 14598
15019  4487
15058 14588
15165  2490
15187 14663
15214 14686
15248  4365
15271 14992
15315  9762
15469  3296
15505  6928
15522  6521
15523 14855
15784  7863
15816  3080
15846  9718
15920  8586
16036   601
16068  3423
16112 11993
16277 11124
16288  9534
16305 15353
16468 16037
16500 15367
16580 16668
16692  1319
16700  4375
16845  6092
16965   667
17105 13494
17291 16300
17304  1064
17338 12642
17720 14944
17736 16668
17768 14549
17953    81
17983  3109
18004  7416
18070  9652
18110 14886
18589  9012
18602 16668
18665  7156
18731  9534
18733 16177
18884  6623
18932 10030
19080 13018
19118  1017
19176  9534
19340  1463
19346 16875
19361   613
19414  6830
19466  6972
19486  3040
19493 15423
19515  1720
19642  2353
19804 15618
19944 15489
19985  3065
20114 15380
20137  1637
20153  5288
20157   920
20217 11727
20265 15715
20285     2
20309  8634
