3 2568
5 2566
17 1602
25 80
38 130
41 133
44 75
85 752
115 213
121 631
123 217
124 219
125 1156
126 223
128 541
130 224
131 1652
132 227
133 541
135 225
136 1635
137 229
138 230
139 228
141 237
143 244
145 233
147 1652
149 236
151 238
152 243
154 241
158 254
159 255
160 252
161 258
162 258
163 257
165 253
166 259
169 260
172 263
173 261
175 266
176 269
177 265
178 273
179 287
180 272
182 275
183 277
184 281
186 284
187 278
188 280
189 271
191 285
193 289
195 288
196 282
197 286
198 291
199 292
200 297
201 299
202 296
203 294
204 302
209 300
210 305
211 310
212 309
213 312
214 315
215 313
216 316
217 311
219 314
220 317
221 318
224 317
226 323
227 324
228 324
230 325
231 326
232 328
233 331
234 330
236 333
237 334
238 335
239 332
240 337
241 339
243 336
244 343
246 342
248 347
250 357
251 346
252 344
254 362
255 349
256 348
258 351
259 364
260 363
261 341
263 356
266 368
267 372
268 373
269 379
272 366
273 375
275 374
276 361
278 380
279 389
280 1287
281 378
283 872
284 397
285 393
287 387
288 384
289 394
291 400
292 396
293 391
294 404
295 386
300 405
304 410
305 403
308 421
309 413
311 416
312 980
313 533
314 411
315 967
316 419
318 417
319 418
320 412
322 433
323 879
325 423
326 422
327 438
329 428
330 429
334 430
336 432
337 890
338 435
339 439
340 434
341 874
343 445
344 1578
345 444
347 450
350 458
352 454
354 456
355 447
356 443
359 440
359 797
360 455
361 478
362 452
363 465
364 460
365 470
366 474
367 467
368 463
369 477
370 469
372 466
373 481
374 488
375 592
377 483
380 473
381 505
382 480
383 498
384 487
385 493
386 486
388 489
390 492
391 502
392 507
393 503
394 491
395 501
396 509
397 500
398 515
399 513
400 510
401 490
402 506
403 518
404 1196
406 520
407 517
408 525
410 522
411 526
413 528
414 514
416 524
418 521
419 527
420 530
421 531
427 547
428 542
430 544
431 546
432 550
433 548
434 549
435 553
436 557
438 543
442 559
444 556
446 560
448 564
449 555
450 562
451 563
452 565
453 573
454 568
455 572
457 874
458 567
459 574
460 569
461 577
462 970
463 578
464 575
465 582
466 581
467 584
469 579
470 576
472 590
473 587
474 595
475 589
476 593
477 2345
478 594
481 2148
482 596
483 602
484 599
485 606
486 609
487 612
488 1456
489 601
490 613
492 611
493 616
494 617
496 615
497 804
498 615
500 618
501 620
502 614
503 1051
504 626
505 621
506 619
507 698
509 627
510 632
511 628
512 212
514 630
515 821
516 636
517 637
518 635
520 640
521 631
523 633
525 638
528 644
529 642
531 649
532 650
533 648
534 648
535 647
537 655
539 657
541 658
542 652
543 661
544 653
545 654
546 662
547 665
548 663
550 667
551 671
553 672
554 666
555 673
555 788
555 1180
556 674
557 668
559 677
560 180
560 670
562 679
566 678
567 686
569 1085
571 690
572 1144
573 811
575 688
576 682
579 687
580 697
581 696
582 820
583 693
584 699
586 703
587 704
590 707
593 711
593 843
595 713
596 713
598 714
599 715
601 729
603 716
604 725
605 727
606 1117
607 908
608 723
609 719
610 855
611 732
616 734
617 724
618 736
619 735
620 733
622 739
623 738
624 737
625 762
626 741
627 742
628 737
631 746
633 880
634 753
635 904
637 1406
638 1162
639 757
640 758
642 760
644 767
645 768
646 766
647 744
649 769
651 770
652 415
654 774
656 772
657 785
658 786
659 783
662 778
664 782
665 792
666 790
668 784
669 793
670 801
671 1432
676 802
677 808
679 797
681 804
682 806
686 812
688 817
691 819
692 818
693 1448
694 828
696 822
698 825
699 824
700 833
701 834
703 838
704 823
705 832
708 1203
709 844
710 837
711 841
712 839
715 841
716 843
717 842
719 848
720 847
721 1196
723 845
724 1315
725 855
726 862
729 734
731 863
733 856
735 1227
736 857
739 860
740 858
742 866
744 867
745 868
747 738
748 875
750 876
751 1243
753 881
754 874
755 746
756 871
757 877
759 880
762 881
763 882
767 453
768 893
769 890
770 889
771 1246
773 895
774 896
775 897
777 888
778 428
780 902
781 905
782 897
784 906
785 904
786 491
788 906
790 911
791 903
792 909
794 1284
797 919
799 922
800 1285
801 918
802 924
805 923
806 1196
807 931
808 928
809 933
810 1294
814 934
816 938
817 935
818 937
819 940
820 943
821 941
822 1323
824 949
825 952
826 953
827 956
829 960
831 964
832 965
834 961
835 963
836 968
838 969
840 970
841 962
841 1188
842 954
843 977
844 976
845 974
846 975
847 979
848 440
848 797
849 978
850 980
853 983
854 986
857 991
858 989
859 994
860 990
861 993
863 1341
865 998
866 997
867 696
869 1259
871 1009
873 1007
874 1010
875 1020
876 1012
877 1015
878 1578
879 1011
880 1019
881 1206
883 1024
885 1025
886 1023
887 1030
889 1027
890 1028
891 1029
892 1031
893 1032
895 1035
896 1034
898 1037
899 1593
902 1033
903 1039
905 1044
906 1047
909 1052
911 1053
912 1051
913 1059
914 1060
915 1057
917 675
918 1055
919 1056
921 1069
922 1066
923 1064
925 1068
927 732
928 1071
929 1405
932 1078
933 1079
935 1073
935 1148
936 1081
937 1083
939 1084
940 1087
941 1077
943 1144
944 1085
946 1091
948 1090
950 1095
954 1234
956 1170
958 1103
959 1101
960 1111
961 1132
962 1108
964 1113
966 1112
968 1109
969 1110
971 486
971 1118
972 1125
974 1124
976 1133
977 601
978 1135
980 1123
981 1136
982 1137
983 1138
984 1139
985 1145
987 1143
988 1140
989 1144
990 1142
994 1152
995 216
996 1157
998 1150
1000 1153
1002 1162
1003 767
1004 1154
1006 1155
1007 1159
1008 1167
1009 1161
1010 1169
1011 1170
1012 1184
1013 1171
1014 1172
1016 1173
1016 2361
1018 1179
1019 1180
1020 1174
1022 1178
1023 1177
1025 1182
1029 1186
1031 1184
1035 1190
1036 1191
1037 1192
1038 1195
1040 1193
1041 1196
1042 1198
1043 1197
1044 1201
1046 1199
1047 1200
1048 1204
1052 1207
1054 1202
1055 1208
1057 1212
1058 1213
1059 1217
1060 1216
1061 1215
1063 1221
1065 1220
1066 1219
1067 1229
1068 1230
1072 1233
1073 398
1075 1225
1079 1236
1080 1238
1081 1239
1083 1240
1084 1242
1085 1243
1086 1247
1087 1246
1088 1249
1089 1250
1094 1252
1095 1253
1096 1245
1097 1255
1098 1257
1099 1260
1104 967
1105 1264
1106 1266
1107 1271
1108 1272
1109 1269
1110 1274
1111 1275
1112 1273
1114 1279
1115 1278
1116 1281
1117 1280
1118 1284
1119 1285
1120 1595
1121 1282
1122 1287
1123 1289
1124 1290
1126 1291
1127 1295
1129 1292
1130 1294
1131 1926
1133 1297
1136 1298
1138 1300
1140 1302
1142 1306
1143 1305
1144 1307
1145 1304
1146 1308
1148 1313
1151 1312
1153 1311
1154 1320
1161 1324
1163 1325
1164 1330
1166 1328
1168 1331
1171 1498
1172 1341
1173 1343
1175 1347
1176 1346
1179 1356
1181 1353
1183 1358
1188 1368
1191 1366
1192 1369
1195 1374
1197 1371
1198 1373
1199 1377
1200 1378
1201 1381
1205 1393
1206 1386
1207 1389
1208 1392
1209 1394
1210 1396
1211 1398
1212 1391
1213 1402
1214 1409
1216 1405
1217 1404
1218 1406
1219 1399
1221 1410
1224 1414
1225 1412
1227 1416
1229 967
1230 1422
1231 780
1231 1425
1232 1426
1233 1423
1235 1428
1236 1429
1240 789
1241 1431
1242 1432
1243 1434
1244 1453
1245 1435
1248 1438
1250 1440
1251 1450
1252 1444
1254 1448
1258 1445
1259 1128
1262 1451
1264 1456
1265 1458
1266 1462
1267 1460
1268 1463
1269 1459
1270 818
1272 1465
1275 1470
1276 1471
1278 1473
1280 1469
1281 1468
1282 1480
1284 1474
1286 1477
1288 542
1290 1482
1295 1487
1296 1486
1297 918
1298 1490
1299 1493
1300 1329
1303 1497
1304 1500
1305 1499
1308 1491
1309 1502
1310 1504
1318 1510
1319 1511
1321 1514
1322 1512
1325 1522
1326 1521
1327 1517
1328 1523
1329 1528
1331 1527
1332 1532
1333 1531
1334 1533
1336 1535
1337 1530
1340 1537
1341 1538
1342 1547
1343 1548
1344 1549
1345 1550
1349 1553
1350 1555
1351 1554
1354 1558
1355 1001
1357 1567
1358 1566
1359 1565
1360 1264
1363 1571
1364 1018
1365 1572
1366 1573
1367 1575
1368 1576
1370 1577
1371 1583
1372 1582
1374 1568
1375 1580
1376 1028
1377 1587
1379 1591
1381 1595
1382 1597
1383 1596
1385 1603
1386 1604
1387 1607
1388 1605
1390 1603
1392 1608
1397 1620
1398 1617
1400 2240
1401 1625
1402 1627
1404 1626
1405 1623
1406 1629
1407 1628
1408 1630
1409 1632
1411 1634
1412 1636
1413 1636
1414 1638
1415 1639
1416 276
1417 1640
1418 1643
1419 1643
1420 1642
1422 1638
1423 1649
1425 1653
1426 1651
1427 1650
1428 1654
1430 1655
1431 1657
1432 1660
1433 1659
1434 1663
1435 1662
1436 1661
1437 1664
1439 1668
1440 1666
1441 1669
1442 1670
1443 1671
1445 1672
1447 1675
1449 1678
1452 1681
1453 1683
1454 1682
1455 1684
1456 1685
1457 1686
1458 1688
1460 1689
1461 1690
1462 1692
1463 1693
1465 1695
1466 1699
1467 1698
1468 1697
1469 1699
1470 1700
1471 1702
1473 1703
1475 1705
1481 1708
1483 1713
1484 1947
1485 1712
1486 1714
1487 1710
1489 1716
1490 1719
1491 1721
1492 1720
1493 1725
1494 1726
1495 1740
1496 1723
1497 1728
1498 1734
1500 1732
1501 1737
1502 1681
1503 1736
1504 1739
1505 1741
1506 1737
1507 1743
1508 1747
1509 1745
1511 1751
1512 1763
1513 1748
1516 1750
1517 1754
1519 1752
1520 1757
1521 1758
1522 1753
1527 1759
1529 1761
1530 1765
1532 1766
1534 1768
1535 1769
1536 1767
1537 1771
1540 1772
1541 1776
1542 1775
1543 1777
1546 1783
1548 1785
1549 1788
1550 1788
1553 1791
1554 1790
1555 1787
1558 1794
1562 1796
1564 1799
1566 1801
1567 1802
1569 1804
1571 1807
1574 1809
1575 1811
1576 1810
1577 1813
1578 1814
1580 1812
1581 1816
1582 1820
1583 1818
1585 1822
1586 1823
1589 1826
1590 1827
1594 1830
1595 1831
1596 1833
1598 1835
1603 1836
1604 1839
1605 1841
1607 1841
1609 1843
1610 1844
1611 1846
1612 1847
1613 1850
1614 1853
1615 1854
1618 1851
1623 1859
1626 1864
1628 1863
1629 1865
1630 1866
1631 1867
1632 1868
1635 1870
1637 1871
1638 1873
1640 1876
1642 1878
1643 1879
1645 1881
1646 1880
1649 1884
1651 1888
1652 1889
1654 1906
1655 1892
1657 1890
1660 1893
1661 1895
1664 1896
1666 1897
1667 1906
1668 1900
1669 1899
1670 1904
1671 1902
1672 1901
1673 1903
1674 1905
1675 1909
1676 1908
1677 1910
1678 1907
1681 1912
1682 1914
1683 1913
1684 1920
1685 1918
1686 1919
1690 1925
1691 1928
1692 1926
1693 1932
1694 1927
1694 2313
1695 1915
1696 1930
1698 1931
1700 1936
1701 1937
1702 1938
1703 1943
1704 1939
1705 2199
1706 1027
1706 1942
1709 1944
1710 1945
1711 1947
1712 1949
1713 1996
1715 1953
1717 1952
1719 1956
1721 1957
1722 1960
1723 1958
1726 1961
1727 1962
1728 1967
1728 2241
1730 1964
1731 1965
1733 1970
1736 1972
1738 1973
1740 2046
1743 1979
1744 1980
1745 1982
1746 1981
1748 1984
1749 1985
1750 1987
1751 821
1753 1990
1755 1993
1756 1995
1761 2002
1762 2311
1764 2008
1766 2009
1769 2011
1770 1980
1773 2017
1774 2020
1776 2022
1777 2023
1778 2024
1779 2030
1780 2026
1781 2027
1781 2136
1782 2028
1788 2033
1789 2032
1791 1906
1792 2034
1795 2389
1796 2038
1801 2041
1802 2046
1804 2045
1805 1461
1806 2047
1809 2050
1814 2053
1816 2058
1817 2054
1820 2061
1822 2057
1827 2067
1829 2068
1830 2082
1832 2071
1833 2075
1834 2073
1837 2077
1839 2078
1843 2087
1845 2088
1846 2090
1847 2089
1848 2091
1849 2092
1850 2095
1852 2102
1853 2007
1854 2101
1855 2103
1856 2104
1857 2155
1859 2111
1860 2107
1862 1956
1863 2116
1864 2115
1865 2119
1867 2118
1869 2121
1871 2124
1872 2126
1873 2127
1875 2128
1876 2133
1877 2163
1878 2136
1879 2131
1880 2132
1884 2142
1889 2147
1890 2148
1891 2009
1892 2158
1893 2146
1895 2153
1897 2157
1898 2151
1899 2156
1901 2159
1902 2154
1906 2169
1907 2168
1909 1980
1910 2171
1911 2171
1912 1430
1913 2175
1915 2174
1916 2181
1919 2178
1921 2180
1922 2194
1923 2183
1925 2201
1926 2185
1927 2188
1928 2192
1929 2055
1931 2191
1933 2189
1934 1995
1936 2198
1938 2203
1939 2202
1940 2200
1941 2204
1942 2197
1944 2205
1948 2208
1949 2206
1951 2206
1952 2213
1953 2210
1954 2215
1955 2217
1957 2216
1958 2356
1960 2230
1961 2227
1962 2223
1963 2357
1964 2224
1965 2226
1967 2231
1968 2233
1969 2369
1971 1430
1971 2238
1972 2245
1973 2237
1974 2235
1979 2242
1980 2247
1984 2250
1985 2252
1987 2336
1988 2253
1990 1884
1990 2254
1992 2219
1993 2262
1994 2263
1996 2262
1997 2264
1999 2268
2000 2266
2001 2267
2004 2432
2007 2269
2008 2274
2009 2276
2011 2270
2013 2278
2014 2283
2015 2289
2017 2280
2018 2021
2018 2281
2019 2287
2020 2285
2021 2279
2022 2288
2023 2291
2024 2290
2025 2293
2026 2185
2027 2296
2028 2298
2029 2295
2031 2301
2032 2300
2033 2302
2034 2308
2035 2306
2036 2402
2037 2008
2039 2310
2040 2309
2041 2315
2043 2314
2044 2311
2047 2320
2048 2319
2052 2322
2053 1178
2057 2329
2058 2331
2059 2336
2060 2328
2061 2359
2063 2335
2064 2337
2066 2349
2067 2342
2070 2343
2071 2144
2072 2339
2075 2346
2076 2347
2078 2348
2081 2354
2083 2356
2084 2355
2085 2358
2086 2357
2087 1980
2088 2363
2091 2083
2092 1430
2094 2370
2096 2369
2097 2375
2099 2381
2101 2380
2102 696
2103 2382
2105 2384
2106 2383
2107 620
2108 2385
2112 2386
2114 2387
2116 2389
2117 2392
2118 2391
2120 2393
2122 2393
2127 2397
2128 2402
2129 2394
2130 2399
2131 2396
2132 2401
2133 2400
2134 2272
2135 1059
2135 2403
2137 2404
2138 2408
2139 2186
2140 2406
2142 2414
2144 2416
2147 2417
2148 2415
2150 2422
2152 2420
2153 2419
2154 2424
2155 2425
2157 2423
2158 2427
2160 2430
2161 2432
2162 2428
2163 2429
2164 2426
2165 2431
2166 2440
2167 2436
2168 2438
2169 1333
2170 2437
2173 2444
2174 2441
2175 2445
2176 2442
2178 2230
2179 2447
2180 2452
2182 2453
2185 2456
2187 2457
2191 2467
2192 2466
2194 2401
2194 2468
2196 2473
2197 2477
2198 2470
2199 2472
2201 2474
2203 2478
2206 2480
2207 2484
2209 2488
2210 2487
2211 2486
2214 2489
2217 2483
2218 2490
2219 2316
2222 2491
2223 2492
2224 2493
2227 1224
2228 2495
2229 2498
2230 2496
2231 2500
2232 2502
2234 2501
2235 635
2236 2504
2237 2506
2238 2505
2239 2503
2240 2507
2241 2508
2242 2512
2243 2511
2245 2513
2246 2510
2250 25
2252 2515
2253 2521
2257 1681
2259 1638
2277 1628
2297 2568
2305 2568
