0 0
14.13 358.65
17.81 357.77
18.08 357.52
18.19 424.71
20.65 366.02
31.54 351.32
34.06 359.78
42.74 425.50
43.81 350.90
43.89 350.28
45.94 358.36
53.97 425.06
55.17 345.88
58.74 353.46
59.15 345.31
59.70 356.44
65.08 61.27
65.11 436.16
65.22 423.62
70.62 346.31
70.72 347.07
71.09 346.79
72.09 354.24
73.64 62.80
73.90 507.32
75.04 512.16
75.96 332.80
77.73 434.57
77.75 66.47
77.81 422.99
77.88 342.85
78.20 525.98
78.32 342.89
81.24 347.95
81.29 60.21
83.06 56.56
83.68 330.38
83.76 320.35
84.13 426.46
85.55 443.67
85.64 504.15
86.25 339.86
86.94 513.09
88.09 344.99
89.08 78.71
89.36 576.03
90.23 503.99
90.42 68.00
90.83 414.40
92.87 603.79
92.96 571.77
93.63 447.88
94.15 460.99
94.72 588.71
94.81 403.73
94.85 94.49
95.89 399.34
96.16 563.55
96.16 326.59
96.42 361.92
96.85 384.68
97.19 273.67
97.42 342.30
98.00 264.98
98.46 571.72
99.34 280.96
99.77 449.47
99.86 158.34
99.90 380.36
100.15 91.70
100.15 426.23
100.34 592.20
100.56 409.90
100.70 406.54
101.13 457.89
101.22 384.42
101.28 442.13
101.29 248.15
101.48 376.01
101.59 249.75
101.96 392.22
101.98 413.78
101.99 376.54
102.10 334.79
102.11 365.95
102.21 349.56
102.80 354.39
102.82 576.25
103.13 317.33
103.14 339.16
103.19 338.23
103.25 600.70
103.31 264.72
103.64 281.55
103.73 603.54
103.84 297.02
103.86 431.47
103.87 265.78
104.24 593.59
104.30 296.32
104.56 280.34
104.87 594.62
104.88 163.03
104.92 43.16
104.98 541.07
105.14 377.46
105.23 407.18
105.37 593.92
105.50 400.18
105.60 385.05
105.61 413.91
105.74 354.62
105.82 601.47
105.84 18.69
105.85 328.28
106.01 588.01
106.06 409.98
106.22 373.11
106.47 424.26
106.49 461.51
106.59 448.52
106.66 273.82
106.96 287.24
106.97 450.85
107.06 516.68
107.14 303.02
107.19 483.46
107.38 310.18
107.46 258.59
107.59 47.92
107.80 593.86
107.89 404.75
107.93 443.86
107.96 306.24
108.00 388.65
108.02 299.22
108.21 26.03
108.22 456.18
108.27 26.71
108.31 335.75
108.53 371.69
108.56 268.69
108.75 553.87
108.89 281.91
109.00 332.39
109.42 32.71
109.59 347.43
109.60 317.44
109.75 571.87
109.77 94.34
109.81 311.62
109.88 340.12
109.92 449.18
109.98 250.52
110.02 206.10
110.16 42.23
110.25 347.73
110.61 509.06
110.67 431.62
110.84 258.16
111.01 263.39
111.08 228.80
111.35 21.32
111.94 500.77
112.03 476.88
112.21 484.75
112.27 517.52
112.30 501.07
112.36 445.31
112.60 500.94
112.67 463.05
112.68 533.42
112.70 475.32
112.77 445.74
112.77 590.32
112.80 397.58
112.81 468.20
113.11 398.21
113.31 524.19
113.39 485.06
113.46 518.13
113.50 332.61
113.50 380.74
113.53 456.70
113.55 429.39
113.58 381.02
113.59 397.46
113.61 15.82
113.76 412.50
113.77 362.60
113.84 491.31
113.85 224.12
113.93 324.42
113.98 253.78
114.23 270.64
114.48 324.39
114.54 323.86
114.67 301.45
114.84 566.36
114.88 510.83
114.90 441.55
114.92 356.36
114.98 285.87
114.99 338.83
115.29 367.44
115.32 301.77
115.85 219.49
115.95 240.02
116.02 591.17
116.16 381.42
116.29 40.37
116.38 209.25
116.41 235.46
116.46 491.20
116.50 219.95
116.53 247.44
116.61 257.32
116.66 524.10
116.95 478.23
116.96 322.15
117.03 32.35
117.05 197.92
117.87 533.86
117.89 214.98
117.90 599.58
117.94 405.26
117.94 372.53
118.15 437.32
118.28 181.62
118.50 603.42
118.93 468.11
119.28 617.47
119.36 607.48
120.32 227.92
120.58 593.21
120.72 31.13
121.43 36.76
121.85 188.59
122.02 20.56
123.80 587.04
124.23 583.64
128.18 36.09
130.98 136.07
136.24 76.36
136.37 85.43
138.55 584.42
140.17 595.34
142.74 136.91
143.06 143.07
143.41 138.93
144.26 125.91
151.54 146.61
151.68 137.68
153.07 127.91
153.38 86.04
153.82 77.27
157.57 571.60
159.95 230.24
161.34 137.48
161.37 148.62
161.97 136.98
162.78 88.16
163.10 79.34
166.81 283.91
166.99 308.86
167.01 308.72
167.13 141.66
167.73 341.58
167.83 293.73
168.48 317.97
168.54 494.72
170.04 487.34
170.13 391.95
170.15 81.22
170.47 320.18
171.76 379.24
171.82 299.75
172.07 310.04
172.47 350.28
173.06 445.23
173.22 351.15
173.84 348.66
173.92 279.88
173.98 278.56
174.11 314.77
174.70 401.79
174.79 214.92
175.15 230.41
175.32 236.05
175.39 302.72
175.60 241.09
175.74 300.68
175.89 441.44
175.99 491.24
176.09 495.63
176.25 223.97
176.40 296.29
176.51 451.66
176.61 326.61
177.31 429.44
177.49 376.51
177.50 371.00
177.76 294.84
178.47 413.02
179.09 234.79
179.12 291.21
179.15 267.08
179.63 302.92
179.67 476.71
179.84 240.33
179.88 522.49
180.28 258.82
180.43 522.75
180.85 251.07
181.02 250.38
182.79 462.56
182.81 295.41
182.86 492.30
183.19 413.17
184.12 481.18
184.25 487.64
184.37 132.68
184.61 535.87
184.75 439.32
184.80 439.95
184.92 402.04
184.93 506.45
185.04 513.42
185.12 429.78
185.21 451.58
185.30 401.50
185.33 419.01
185.37 357.69
185.47 381.14
185.49 380.66
185.60 489.87
185.68 366.69
186.02 382.64
186.24 253.87
186.50 287.66
186.55 375.01
186.75 281.89
186.93 425.14
187.01 374.72
187.64 500.65
188.24 106.26
188.97 523.73
188.99 457.11
189.21 278.34
189.27 289.23
189.60 234.05
189.65 528.47
190.09 244.32
190.61 518.60
191.23 415.45
191.54 294.01
191.63 273.95
191.83 434.08
192.01 396.06
192.16 247.20
192.20 447.03
192.47 295.81
192.60 374.55
192.64 276.44
193.00 337.48
193.07 353.88
193.07 524.65
193.73 381.83
193.91 269.67
194.02 241.58
194.13 391.06
194.14 381.35
194.19 390.89
194.44 559.54
194.54 365.12
194.55 426.47
194.92 285.13
194.95 259.93
195.43 244.02
195.70 432.01
195.94 367.99
195.99 406.92
196.00 386.59
196.93 419.03
196.96 220.35
197.26 260.84
197.32 422.55
197.39 269.67
198.27 278.52
198.74 446.49
199.06 582.74
199.19 491.55
199.57 476.24
199.95 529.55
199.99 531.11
200.09 391.61
200.11 461.47
200.12 523.83
200.16 452.74
200.38 371.86
200.44 471.72
200.44 391.30
200.50 380.33
200.59 503.07
200.64 378.86
200.65 471.31
200.70 473.58
200.86 360.96
200.97 390.04
201.32 534.16
201.43 245.37
201.60 373.15
201.60 499.72
201.93 462.86
201.97 290.63
202.09 495.33
202.26 286.39
202.36 280.43
202.37 378.00
202.58 541.90
202.63 457.87
202.67 231.76
202.83 396.22
203.00 243.62
203.12 590.85
203.21 438.64
204.83 242.36
204.97 249.44
205.21 554.03
205.91 584.06
206.16 416.83
206.54 530.39
206.74 132.01
206.87 363.58
206.98 583.96
207.24 363.55
207.82 114.93
207.85 127.89
207.85 227.31
207.86 210.75
207.90 385.25
207.96 379.73
207.99 372.59
208.00 398.00
208.02 123.66
208.04 385.05
208.05 119.23
208.14 239.59
208.27 243.92
208.76 356.35
208.86 560.03
209.02 404.64
209.10 281.34
209.26 39.02
209.60 448.16
210.01 399.51
210.03 69.68
210.13 350.66
210.19 398.35
210.45 178.58
210.72 267.80
210.89 252.91
210.90 267.44
211.03 37.73
211.12 77.08
211.37 286.76
211.42 128.22
211.44 429.31
211.57 272.11
211.68 132.44
211.71 116.02
211.75 553.33
211.81 247.93
212.06 375.71
212.08 124.09
212.10 409.87
212.39 16.51
212.58 45.58
212.82 355.70
212.90 125.49
212.94 236.92
212.94 238.48
212.96 480.01
213.26 120.53
213.46 129.80
213.61 527.89
213.98 487.64
214.03 74.45
214.07 558.35
214.16 264.40
214.62 69.04
214.79 547.56
214.93 227.11
215.01 305.01
215.24 424.66
215.27 443.49
215.52 136.90
215.63 583.47
215.69 222.40
215.72 558.30
215.74 488.06
215.90 498.51
215.97 448.94
216.19 17.00
216.21 124.66
216.40 375.12
216.53 11.42
216.64 452.42
216.69 198.29
216.71 514.16
216.97 120.84
217.04 12.11
217.20 298.02
217.41 41.68
217.49 421.87
217.53 127.37
217.59 459.19
217.61 266.78
217.66 555.50
217.73 74.70
217.77 134.16
217.84 536.88
217.88 466.96
217.95 280.11
218.03 269.37
218.06 117.43
218.09 59.37
218.13 430.58
218.47 383.91
218.57 392.67
218.71 556.36
218.74 492.52
219.06 62.09
219.20 531.97
219.49 383.70
219.55 437.43
219.68 260.98
219.75 294.27
220.08 357.80
220.09 444.49
220.43 235.17
220.47 580.04
220.73 483.30
220.85 350.71
220.88 284.02
220.95 59.99
221.12 72.22
221.15 13.55
221.15 51.36
221.34 133.74
221.38 280.42
221.39 220.71
221.50 471.72
221.61 59.66
221.70 227.08
221.83 266.30
222.21 22.45
222.64 289.41
222.67 227.31
222.77 556.09
222.99 460.68
223.02 489.44
223.20 305.97
223.34 299.91
223.50 42.19
223.55 560.19
223.65 300.35
224.07 478.51
224.10 471.08
224.21 470.29
224.86 18.98
224.92 114.83
224.96 59.94
225.00 264.18
225.01 240.49
225.10 10.12
225.31 542.95
225.52 78.00
225.52 578.97
225.63 281.64
225.78 430.83
225.96 73.07
226.00 579.37
226.07 512.58
226.16 249.17
226.23 256.31
226.33 263.75
226.40 271.78
226.62 533.87
226.62 514.23
227.04 131.99
227.39 260.04
227.54 248.56
227.61 267.72
227.65 44.97
227.79 431.45
227.89 416.57
227.93 439.31
228.23 548.28
228.87 233.55
229.03 575.73
229.05 478.99
229.09 307.02
229.30 138.19
229.31 467.35
229.87 299.07
230.12 571.55
230.36 350.23
230.57 132.62
230.86 273.12
230.95 578.06
230.97 36.27
230.99 22.51
231.07 374.21
231.23 121.96
231.31 357.44
231.32 544.20
231.59 44.19
231.64 399.47
231.83 76.04
231.88 130.93
232.03 268.35
232.04 241.61
232.13 421.17
232.32 16.83
232.42 251.81
233.05 17.39
234.08 533.79
234.31 222.13
234.70 132.84
235.34 281.73
235.93 471.36
236.14 226.12
236.16 555.90
236.21 427.33
236.39 74.26
236.57 543.64
236.73 243.81
236.82 462.00
236.86 55.90
237.01 576.06
237.07 306.67
237.15 18.64
237.15 80.17
237.17 576.50
237.78 266.32
237.87 52.65
237.88 194.63
237.90 10.88
238.03 420.61
238.08 420.68
238.27 354.07
238.42 18.27
238.82 544.82
239.33 405.12
239.45 251.39
239.54 444.00
239.70 517.58
239.89 118.78
239.95 126.92
240.04 78.92
240.12 236.44
240.15 47.90
240.55 133.21
240.59 138.74
240.82 142.86
241.14 12.86
241.15 16.88
241.56 411.27
241.73 76.75
241.92 294.41
242.05 521.90
242.42 421.29
242.66 426.49
242.66 292.70
244.08 124.68
244.18 66.94
244.22 522.24
244.52 27.29
244.59 267.66
244.66 573.68
244.69 54.32
244.99 456.07
245.94 436.20
246.10 81.09
246.39 532.53
246.64 421.52
247.37 431.15
247.37 521.95
247.84 14.51
247.91 60.30
247.99 541.78
248.08 144.06
248.15 61.30
248.16 232.01
248.19 68.54
248.40 553.95
248.48 62.80
248.78 221.63
248.87 137.55
248.96 140.83
249.04 268.88
249.12 134.05
249.33 57.39
249.54 270.93
250.06 263.75
250.21 281.04
250.31 68.80
250.56 68.95
251.06 227.79
251.22 519.15
251.38 74.80
251.41 518.96
251.45 237.87
251.46 571.19
251.48 144.76
251.64 570.18
252.16 526.95
252.37 522.97
252.73 429.96
252.87 49.02
253.04 411.24
253.34 36.19
253.36 85.55
253.63 290.12
253.68 37.19
254.03 55.82
254.04 494.23
254.19 289.81
254.32 267.86
254.34 28.45
254.89 60.87
255.41 85.97
255.83 469.63
256.07 509.96
256.18 536.47
256.32 123.89
256.74 440.47
256.78 18.19
256.99 428.13
257.33 58.95
258.47 132.10
259.92 454.11
260.09 466.31
260.12 137.08
260.24 65.74
260.54 86.19
260.77 447.02
260.85 434.73
260.90 85.30
261.54 137.38
261.92 271.73
261.98 79.91
262.16 41.99
262.25 76.23
262.34 140.17
262.44 45.98
262.70 293.02
262.96 147.03
263.17 526.92
263.40 476.65
263.41 292.66
263.51 26.70
263.56 422.39
263.66 534.60
263.68 131.59
263.77 62.88
263.81 87.64
264.03 446.65
264.03 568.65
264.58 520.42
264.68 126.02
264.72 67.44
264.76 21.31
265.03 439.20
265.14 270.64
266.31 41.82
266.38 561.60
266.63 415.72
267.13 130.30
267.18 85.97
267.31 149.06
267.62 489.02
267.62 467.42
267.74 268.30
267.84 460.46
267.90 280.03
268.15 219.82
268.18 448.79
268.63 430.24
268.78 82.04
268.78 62.43
269.05 535.62
269.14 67.43
270.27 439.44
270.63 145.04
270.93 138.76
271.74 425.74
271.79 269.81
272.02 471.78
272.07 36.57
272.09 506.36
272.15 549.80
272.49 444.44
272.86 277.82
272.99 275.72
273.08 292.46
273.24 264.17
273.46 64.75
273.54 86.25
273.55 264.59
273.58 474.59
273.66 425.77
273.93 452.32
274.07 146.90
274.07 255.05
274.07 416.75
274.34 124.59
274.59 566.74
274.68 76.49
275.10 81.47
275.24 437.85
275.26 258.58
275.57 76.92
275.78 566.04
275.78 251.57
276.14 29.90
276.16 50.18
277.74 91.43
277.77 465.43
277.79 30.59
277.97 272.71
278.01 26.23
278.21 68.44
278.42 433.49
278.61 431.94
278.73 450.47
278.97 276.60
279.12 64.92
279.76 88.96
279.84 84.75
279.96 424.31
280.06 424.27
280.12 138.60
280.19 431.61
280.62 62.40
281.07 39.83
281.61 281.11
281.71 416.78
281.75 297.69
281.82 506.45
282.04 442.71
282.10 288.46
282.32 489.13
282.57 521.46
282.62 563.81
282.63 54.22
283.57 93.73
283.83 43.01
284.51 27.73
285.36 509.44
285.51 537.59
285.85 528.55
285.90 529.43
285.91 555.75
285.97 85.40
286.00 64.22
286.19 452.53
286.20 520.79
286.34 424.72
287.00 70.15
287.07 437.98
287.21 94.74
288.12 39.40
288.36 507.72
289.03 134.93
289.06 139.28
289.15 143.98
289.17 79.58
289.77 40.96
290.01 33.41
290.01 478.80
290.03 414.82
290.10 485.35
290.18 279.25
290.23 43.30
290.24 140.12
290.31 92.83
290.36 560.51
290.46 427.49
290.66 286.89
290.90 526.82
291.19 38.90
291.49 272.17
291.65 87.09
291.66 289.59
291.84 520.36
291.85 69.97
292.05 75.83
292.18 460.63
292.19 298.42
292.22 81.62
292.26 141.74
292.43 143.66
292.52 285.31
292.60 139.35
293.07 473.56
293.09 299.16
293.41 140.53
294.11 535.67
294.18 426.02
294.43 485.56
294.60 149.15
294.71 485.11
294.78 92.86
295.52 275.01
295.67 431.82
295.90 88.14
296.00 72.01
296.02 76.23
296.03 83.23
296.06 83.10
296.14 291.01
296.88 469.27
296.99 236.05
297.12 560.50
297.73 63.72
297.76 562.02
298.00 48.24
298.26 147.85
298.40 435.65
298.44 502.84
298.64 99.62
299.64 522.24
299.83 134.77
300.16 425.55
300.38 138.51
300.88 250.17
301.00 76.60
301.13 50.12
301.16 431.06
301.50 439.05
301.67 447.06
301.92 492.91
302.46 84.21
302.59 438.41
302.69 483.65
302.87 83.69
302.91 271.16
303.59 146.55
303.70 138.39
304.60 90.28
304.79 271.06
305.04 466.08
305.11 431.15
305.31 78.76
305.34 41.02
305.57 84.32
305.72 493.53
306.11 157.02
306.40 556.99
306.46 97.35
306.54 101.44
306.66 197.51
307.14 74.42
307.20 421.36
307.73 557.50
307.90 146.84
307.94 320.44
308.11 143.59
308.12 446.71
308.24 451.83
308.61 501.48
309.04 497.32
309.22 147.91
309.22 438.45
309.71 438.28
309.95 445.88
310.22 509.80
311.28 102.79
311.39 272.07
311.86 93.06
311.98 446.43
312.01 76.86
312.10 88.81
312.10 82.80
312.39 265.32
312.45 282.15
312.57 452.21
312.87 456.70
313.15 267.78
313.34 555.39
313.84 51.72
314.32 270.86
314.56 554.61
314.83 496.00
314.84 137.94
315.15 429.34
315.66 502.04
315.89 487.47
316.06 89.87
316.21 103.53
316.52 78.62
316.62 83.36
317.11 148.52
317.21 290.45
317.52 283.66
317.57 57.08
317.61 88.81
317.63 447.63
317.82 483.10
318.14 84.23
318.26 47.48
318.26 156.52
318.48 150.16
318.98 437.63
319.02 426.91
319.17 435.79
319.30 436.60
319.42 437.58
319.66 51.88
320.08 495.12
320.15 91.11
320.53 44.02
320.92 500.03
320.94 294.38
321.05 267.24
321.82 94.50
321.97 315.22
322.12 506.37
322.54 40.81
322.88 514.80
322.89 79.42
323.16 274.29
323.70 76.53
323.90 433.45
323.92 552.69
324.37 291.53
324.40 84.84
324.63 319.13
325.12 313.69
325.15 70.88
325.98 477.34
326.01 93.90
326.06 442.28
326.09 161.26
326.69 500.59
326.70 296.59
326.70 477.13
326.99 61.81
327.05 498.29
327.15 285.24
327.26 56.89
327.62 151.50
327.63 92.50
327.65 299.02
327.73 322.25
327.85 77.97
327.90 473.79
327.98 152.40
328.08 312.02
328.46 504.19
328.78 280.53
329.07 141.83
329.11 544.83
329.11 453.59
329.11 505.12
329.90 327.26
330.41 550.47
331.02 492.78
331.25 97.22
331.75 438.03
331.83 301.63
331.85 483.20
332.15 82.30
332.44 472.08
332.74 519.15
332.79 526.20
332.80 502.41
332.90 287.51
332.91 504.25
332.99 437.91
333.31 72.56
333.96 518.81
334.44 159.31
334.76 61.78
334.83 549.12
334.94 163.19
335.02 548.71
335.74 110.14
335.84 496.70
335.86 503.23
336.12 103.28
336.29 147.51
336.44 57.78
336.60 258.37
337.01 324.83
337.05 518.64
337.15 143.26
337.67 297.85
337.70 312.83
337.87 280.05
338.02 95.94
338.29 507.83
338.44 96.28
338.57 266.33
338.75 282.79
338.87 507.40
339.61 298.96
339.78 300.96
340.13 81.51
340.31 315.83
340.35 530.09
340.47 512.47
340.50 491.56
340.73 458.53
341.18 298.03
341.21 259.20
341.61 161.12
341.89 155.69
343.29 288.21
343.59 497.73
343.90 275.62
343.93 109.07
344.04 153.99
345.14 63.17
345.22 63.30
345.46 259.30
345.49 77.36
345.50 268.00
346.35 269.19
346.52 202.52
346.53 544.75
346.72 544.60
348.95 146.60
349.25 115.62
349.27 259.04
349.49 75.92
349.87 253.78
350.15 209.80
350.34 72.09
350.37 105.43
350.69 100.05
350.77 248.51
350.91 154.67
351.21 160.38
351.67 53.00
351.90 401.96
352.02 57.26
352.04 204.47
352.12 297.09
352.19 183.53
352.31 83.91
352.45 542.67
352.50 158.17
352.54 409.02
353.23 91.58
353.65 64.74
353.68 412.57
354.46 283.88
354.54 76.50
354.58 161.32
354.67 159.97
354.95 191.61
355.39 227.84
356.07 264.09
356.68 156.63
356.70 515.58
356.76 255.51
357.48 250.06
357.49 400.07
357.94 113.22
358.35 258.25
359.02 107.38
359.14 103.45
359.17 97.89
359.23 92.15
359.43 394.87
359.71 220.95
360.14 158.14
360.15 310.89
360.50 233.47
360.79 231.43
360.88 156.82
361.05 329.94
361.17 212.30
361.28 205.74
361.48 206.29
361.72 304.54
362.08 165.03
362.93 104.45
362.96 118.17
363.08 117.46
363.24 184.75
363.74 94.13
363.97 98.56
364.11 312.71
364.54 163.84
364.57 541.11
364.73 99.22
365.17 193.72
365.17 216.05
366.10 150.70
366.51 105.45
366.52 263.95
366.58 400.82
366.76 156.64
366.78 197.99
367.06 539.55
367.90 162.92
367.99 108.90
368.28 119.25
368.42 222.42
368.57 319.60
368.94 99.62
369.23 94.90
369.84 528.75
370.04 232.91
370.65 102.96
370.72 164.41
371.07 92.11
371.42 400.99
371.54 259.44
371.77 408.45
372.20 108.60
372.28 107.12
372.36 401.14
373.72 537.04
374.29 270.02
374.48 270.29
374.64 195.55
376.15 531.04
376.16 291.98
376.42 93.28
377.48 188.69
377.54 214.26
378.23 113.19
378.78 244.79
378.98 108.91
379.19 397.04
379.31 174.84
379.83 213.65
379.86 534.82
380.43 535.22
380.53 214.38
380.64 193.79
380.68 164.27
381.09 109.74
381.21 111.34
381.61 114.44
381.68 119.66
382.20 100.56
382.90 109.84
383.01 165.24
383.47 399.80
383.59 198.30
383.61 221.63
384.54 222.45
384.67 196.57
384.74 395.32
385.28 110.45
385.59 114.52
386.24 270.84
386.25 257.71
386.93 118.61
387.06 124.93
387.83 305.74
387.95 413.37
388.76 422.71
388.80 208.86
388.86 211.65
388.92 227.60
389.08 411.37
389.17 409.77
389.20 239.62
389.80 287.91
390.00 302.18
390.09 215.12
390.12 103.95
390.20 97.56
390.78 324.14
390.82 103.88
391.57 331.11
391.64 295.25
391.69 121.90
392.15 420.23
392.50 218.18
392.55 294.43
392.76 314.96
393.24 288.88
393.26 237.55
393.46 244.65
393.60 99.74
393.73 206.83
393.89 386.93
394.08 215.23
394.17 327.53
394.25 199.90
394.72 124.14
394.95 208.47
395.04 298.09
395.22 168.38
395.54 108.44
395.56 104.03
395.74 264.83
395.83 256.76
396.18 273.02
397.57 400.82
397.64 308.62
398.25 230.36
398.35 229.22
398.97 105.87
398.99 123.98
399.07 224.13
399.10 109.25
399.96 120.05
400.11 115.51
400.18 205.66
400.25 437.82
400.29 302.29
400.36 115.81
400.64 397.44
400.80 433.33
400.96 397.95
401.53 390.93
401.72 395.41
401.73 297.44
401.75 297.92
401.81 395.99
401.83 305.56
402.34 114.92
402.39 234.15
402.59 126.38
402.93 395.69
403.04 105.68
404.10 102.89
404.44 439.36
404.74 417.55
405.21 130.11
405.35 528.54
405.39 245.09
405.51 110.55
405.66 436.34
405.80 213.09
405.82 308.13
406.95 126.18
407.57 442.25
407.93 239.96
409.10 382.81
409.15 236.12
409.50 528.07
409.52 289.72
409.60 423.23
409.70 263.47
410.61 325.17
410.75 248.96
411.10 113.24
411.62 274.05
411.63 313.01
411.82 280.88
412.04 248.71
412.29 188.96
412.68 124.01
413.88 318.90
413.89 389.72
414.13 525.79
414.32 119.42
415.29 129.21
415.44 297.07
415.54 106.83
415.75 311.89
415.85 125.44
416.45 111.60
416.85 386.93
417.00 122.08
417.04 120.50
417.36 285.08
418.02 280.90
418.06 258.05
418.58 433.87
418.71 306.71
419.06 523.87
419.24 120.59
419.53 315.66
419.54 125.00
419.64 251.20
420.10 109.28
420.41 481.36
420.64 128.90
420.73 442.07
421.40 264.33
421.45 384.34
421.66 220.63
421.69 444.94
422.57 119.59
423.05 283.59
423.08 328.34
423.47 137.89
423.80 105.54
424.03 258.79
424.49 384.82
424.50 427.32
424.63 120.98
425.25 346.42
425.45 123.90
425.81 372.42
426.00 348.18
426.91 398.23
426.96 459.07
427.16 312.67
427.45 122.54
427.67 416.48
427.77 265.03
427.86 270.35
427.90 522.58
428.01 300.62
428.08 128.76
428.59 114.82
428.63 124.99
428.74 120.15
428.99 413.43
429.41 443.27
429.46 433.46
430.11 289.41
430.71 140.60
430.90 346.69
430.98 300.80
431.16 391.29
431.27 436.81
431.43 138.45
431.67 125.40
431.89 201.95
432.28 116.64
432.37 388.01
432.47 124.96
432.56 120.57
432.63 265.15
432.68 308.43
432.80 352.10
432.92 121.05
433.96 441.90
434.58 126.54
435.05 413.64
435.41 518.92
435.66 517.92
435.74 129.57
436.37 305.24
436.38 217.45
436.70 59.74
436.84 301.34
436.89 117.26
436.95 296.32
437.39 314.34
438.16 310.48
438.44 290.87
438.80 344.80
439.04 515.68
439.12 428.06
439.50 306.50
439.73 329.88
439.86 421.29
440.38 415.34
440.53 117.55
441.68 443.68
441.84 444.83
442.56 336.24
442.84 402.87
443.49 437.53
443.97 337.47
445.41 409.52
445.47 410.13
445.53 300.49
445.73 500.32
446.39 208.15
447.06 403.46
447.65 319.89
447.65 321.27
447.68 433.29
447.90 338.57
448.22 422.23
448.80 353.14
449.72 516.15
449.79 399.99
450.87 513.62
451.67 113.79
452.31 424.43
452.57 418.32
453.95 340.98
454.11 493.74
454.36 230.63
455.02 336.11
455.25 402.23
455.73 69.95
455.98 256.48
456.87 424.00
457.19 484.40
457.43 373.79
457.63 420.63
457.73 73.56
457.94 513.95
458.21 447.90
458.34 450.31
458.38 321.88
458.47 321.13
458.77 465.81
458.89 455.15
459.42 426.86
459.44 480.90
459.64 395.74
461.08 487.07
461.11 459.06
461.49 332.30
462.49 186.82
462.78 482.68
462.90 188.17
463.27 183.70
464.04 454.34
465.52 518.75
465.53 193.48
465.93 325.68
466.46 342.11
466.54 479.65
466.71 379.18
467.15 340.20
467.18 423.46
467.26 405.00
467.79 159.50
468.24 78.27
468.46 272.93
468.97 440.92
469.34 281.78
469.51 491.82
469.68 137.02
469.70 334.85
470.14 268.96
470.89 264.23
470.99 367.71
471.55 440.91
472.79 337.67
473.72 384.41
474.63 387.70
476.00 107.63
476.02 93.48
476.82 216.49
477.05 137.03
477.07 107.10
477.19 124.17
477.33 440.50
477.45 276.37
477.55 275.16
478.00 316.82
478.12 136.41
478.45 450.58
479.21 245.08
479.94 253.19
480.46 454.00
480.71 110.67
481.02 294.27
481.19 524.94
481.50 294.79
481.53 170.59
481.54 172.32
481.61 226.32
481.76 457.93
481.96 425.30
482.20 169.32
482.21 523.65
482.36 396.94
482.54 363.89
482.96 391.44
483.03 88.60
483.07 374.82
483.69 420.25
484.29 351.48
484.60 414.55
484.94 452.62
485.07 319.75
485.27 292.04
485.65 444.48
485.71 367.00
485.74 300.83
485.94 300.38
486.17 451.66
486.42 386.63
486.55 436.06
486.59 456.46
486.74 330.72
487.15 115.22
487.78 398.29
488.20 399.13
488.37 424.59
488.47 105.62
488.83 339.42
488.83 404.51
489.65 413.55
490.11 406.40
490.33 309.20
490.64 116.72
490.78 412.61
491.92 409.00
492.16 319.42
492.94 117.55
492.97 316.10
493.61 392.85
493.96 398.54
494.53 312.69
494.58 345.32
495.60 479.21
496.04 439.47
496.30 438.80
496.32 300.78
496.59 333.73
497.25 363.97
497.70 508.33
497.98 387.88
498.49 352.15
498.91 368.37
499.03 357.18
499.46 416.77
499.57 352.34
499.77 330.22
499.97 368.32
501.07 481.14
502.65 405.93
502.82 346.18
502.88 344.10
503.35 327.91
503.53 453.49
504.51 477.10
505.56 368.21
505.96 322.04
506.18 368.00
506.60 478.54
508.19 370.57
510.19 439.97
510.97 390.79
510.99 396.64
511.07 383.63
511.12 443.77
511.35 480.25
512.13 345.50
512.34 330.41
512.97 298.71
515.28 311.59
516.29 304.61
517.48 294.19
517.51 335.38
517.65 294.34
517.89 477.75
518.06 473.66
518.18 398.32
518.96 396.64
519.30 440.03
519.79 464.73
519.89 329.08
520.26 481.64
520.74 387.00
520.91 481.37
521.32 336.81
521.42 342.98
521.58 385.26
521.97 329.13
522.00 400.78
522.54 476.72
522.81 300.23
525.65 460.38
525.66 397.43
526.09 340.22
527.43 394.33
527.94 453.59
527.94 391.82
528.77 331.67
529.00 314.00
529.41 362.27
529.72 457.93
530.14 364.65
531.04 404.76
531.09 448.34
532.28 339.78
532.81 400.11
533.37 330.44
534.20 393.82
534.43 388.26
534.73 329.27
535.85 483.77
535.95 446.24
536.37 387.34
536.66 458.53
536.81 484.06
537.00 328.05
538.11 426.32
538.45 402.09
539.34 342.66
539.60 395.99
540.55 490.16
541.15 484.05
541.60 455.85
541.64 369.96
541.66 477.29
541.69 289.93
543.86 403.34
544.12 398.26
544.59 300.34
544.83 461.15
544.97 327.44
545.64 443.01
545.87 349.23
546.61 456.94
547.32 344.53
547.50 485.24
548.60 462.88
549.54 380.69
550.15 346.94
550.54 334.47
551.27 457.82
551.32 369.46
552.54 451.86
552.80 385.46
553.47 268.67
553.66 191.13
553.67 175.38
554.05 186.07
554.50 488.90
554.84 488.07
555.10 369.32
555.19 238.06
555.36 206.76
555.73 216.98
555.91 339.85
556.61 304.91
557.48 454.69
557.78 345.35
557.79 360.51
557.90 214.76
558.08 387.42
558.29 189.65
558.59 444.56
558.92 375.91
560.23 206.60
560.31 193.22
560.56 452.68
560.86 191.67
560.94 199.35
561.06 202.58
561.07 487.92
561.86 459.91
561.97 267.45
562.19 351.87
562.23 352.92
562.27 215.09
562.32 306.48
562.45 323.55
562.53 228.49
562.72 220.05
562.81 189.67
562.88 227.75
562.99 488.12
563.59 455.81
563.62 488.70
563.69 234.59
563.89 358.07
564.61 362.79
564.83 239.20
565.09 435.31
565.68 239.27
566.01 364.82
566.29 469.18
566.34 389.17
566.51 365.70
566.65 441.19
566.73 485.97
567.10 184.78
567.43 206.39
568.24 222.85
569.28 227.85
569.70 349.23
570.15 239.64
570.19 213.55
571.24 428.07
571.70 490.33
572.00 187.22
572.04 204.70
572.08 199.26
572.16 458.21
572.80 241.85
573.18 438.75
573.25 182.22
573.71 222.06
573.74 466.82
574.08 451.28
574.27 490.95
574.33 228.22
575.15 380.03
575.33 237.07
575.84 195.84
575.99 271.98
576.52 267.52
576.95 355.39
577.07 464.08
577.83 210.95
578.13 266.66
578.97 187.79
579.03 179.60
579.14 195.79
579.87 227.60
580.04 231.98
580.23 493.05
580.25 193.90
580.50 491.54
580.94 224.06
581.45 464.57
581.72 187.59
582.42 239.22
583.80 401.36
584.19 498.42
584.21 232.94
584.64 227.30
584.64 492.41
584.86 53.90
585.25 229.31
585.49 223.08
585.66 223.97
585.71 180.15
585.91 213.44
586.37 184.97
587.06 266.56
587.10 266.64
587.45 197.26
587.72 201.55
587.86 312.56
588.60 456.09
589.22 494.67
589.81 493.53
590.09 219.42
590.54 473.80
590.87 226.01
591.51 187.33
591.53 348.40
591.90 217.16
592.49 231.97
593.29 236.93
594.04 226.70
594.60 494.26
595.47 183.34
595.48 216.96
595.50 217.89
595.73 241.25
596.11 195.77
596.12 200.41
596.31 378.48
596.43 174.96
597.07 493.99
597.89 225.32
598.18 494.33
598.25 281.86
598.91 345.46
599.41 240.18
599.78 187.12
599.97 320.17
600.05 182.49
600.11 404.54
600.45 419.42
600.47 237.11
600.75 330.82
601.03 196.80
601.04 188.29
602.86 476.18
603.14 264.12
603.19 434.33
604.16 186.80
604.41 494.55
604.56 247.35
604.62 262.23
604.65 242.11
605.37 218.04
605.48 494.76
605.63 182.66
605.66 227.54
605.81 178.51
606.04 195.93
606.23 227.81
606.26 222.15
606.59 227.46
607.10 352.06
607.82 338.56
609.09 373.64
609.12 373.38
609.44 212.89
609.56 177.46
609.73 355.22
609.78 273.06
609.91 334.90
610.01 446.88
610.07 189.24
610.27 383.52
610.35 341.20
610.37 363.44
610.44 217.13
610.47 496.04
610.90 268.23
611.22 487.83
611.59 200.38
612.34 357.02
612.41 347.80
612.63 178.37
612.86 358.36
613.06 237.36
613.14 442.76
613.33 181.96
613.75 344.47
613.77 230.00
614.10 216.11
614.70 367.81
615.17 269.81
615.52 495.68
616.10 238.23
616.32 212.36
616.39 225.68
616.52 496.93
616.90 218.96
616.97 230.14
617.03 359.79
617.72 264.17
617.86 190.57
617.89 197.92
617.98 444.25
618.00 332.01
618.16 194.49
618.21 265.04
618.61 360.42
618.99 204.05
619.61 451.76
619.81 496.29
620.01 497.34
620.14 305.34
620.32 492.24
620.43 457.91
621.17 107.17
621.32 107.04
621.33 332.36
621.34 379.56
621.50 284.68
621.61 475.66
621.65 189.18
621.83 327.64
622.04 112.28
622.09 114.71
622.21 216.40
622.38 187.54
622.51 123.42
623.03 220.21
623.44 365.60
623.79 364.99
624.49 440.03
624.82 412.38
625.06 498.59
625.08 439.87
625.15 179.60
625.90 412.35
625.91 183.76
626.49 459.03
626.62 115.09
626.93 215.69
626.95 437.94
626.96 326.07
627.35 424.43
627.64 173.78
628.04 326.21
628.08 293.00
628.38 232.65
628.50 219.75
628.73 199.78
629.09 175.63
629.27 232.78
629.55 114.19
629.82 195.29
630.03 181.48
630.54 452.02
631.02 346.65
631.12 371.31
631.18 364.90
631.28 347.18
631.65 347.59
631.93 341.34
631.96 475.17
632.17 461.36
632.47 461.48
632.84 347.22
632.84 403.02
633.09 498.99
633.76 322.47
633.90 220.95
634.08 215.97
634.62 223.49
634.64 234.13
635.00 181.37
635.13 397.29
635.27 406.79
635.39 454.89
635.49 165.13
636.40 406.91
636.64 442.70
637.55 401.58
638.07 235.14
638.63 182.44
638.78 189.05
638.93 214.63
639.58 194.74
640.06 173.63
640.17 257.12
640.38 112.47
640.79 261.71
640.91 368.66
641.11 446.91
641.17 299.63
641.20 171.62
641.38 218.69
641.74 224.64
641.96 170.32
642.23 282.92
642.46 182.58
642.51 376.38
642.68 183.06
642.79 186.32
642.97 190.34
644.03 449.69
644.41 263.16
644.81 199.18
645.00 448.48
645.60 217.91
645.66 213.39
645.71 404.06
645.74 244.81
645.94 501.97
646.26 186.64
646.39 182.28
646.70 183.97
646.76 451.95
646.86 209.47
647.26 401.29
647.44 179.73
648.36 196.07
648.59 402.18
649.07 502.05
649.31 507.16
649.49 262.23
649.59 501.72
649.63 110.47
649.93 110.61
650.32 364.26
650.35 335.78
650.47 328.94
650.62 268.33
650.66 425.24
650.71 360.10
650.77 425.31
650.82 399.10
651.13 447.50
651.32 406.28
651.49 425.04
651.80 336.26
651.89 425.76
652.25 351.25
652.35 224.97
652.41 219.94
652.60 339.48
653.19 352.13
653.65 235.24
653.86 207.84
654.68 382.00
654.72 322.76
654.98 503.04
655.54 503.15
655.86 267.11
655.93 211.76
655.94 258.32
655.95 402.97
656.72 374.60
657.34 377.42
657.54 219.71
657.88 225.00
658.01 178.96
658.35 358.32
658.64 215.97
658.74 338.63
658.75 410.22
658.94 381.97
659.03 235.24
659.09 311.53
659.53 108.12
659.91 232.20
660.36 261.15
660.66 510.01
661.21 503.16
661.26 219.86
661.83 197.14
662.40 225.62
662.45 404.98
662.75 411.95
662.97 498.90
663.35 221.77
664.40 215.77
664.60 214.87
664.69 448.69
664.77 260.83
665.51 408.59
666.38 368.77
666.63 415.15
666.69 218.38
666.84 256.40
667.32 399.51
667.70 343.48
667.95 280.48
667.97 502.96
668.05 452.82
668.16 445.86
668.37 218.41
668.58 244.30
668.86 503.84
669.07 411.68
669.09 214.91
669.30 405.20
669.34 211.05
669.50 106.44
669.97 179.37
670.39 180.57
670.44 405.91
670.54 503.85
670.60 217.92
671.96 163.75
672.02 185.66
672.17 176.33
672.42 176.41
673.27 205.64
673.51 224.42
674.16 98.21
674.20 218.59
674.22 405.45
674.67 230.50
674.74 178.96
674.87 211.32
674.96 452.22
675.09 424.95
675.22 505.14
675.38 104.78
675.56 260.86
676.10 238.33
676.72 553.04
677.96 478.94
678.97 403.81
680.01 324.06
680.09 420.90
680.89 507.11
680.97 559.36
681.03 104.09
681.29 190.46
681.43 180.09
681.68 344.86
681.92 160.17
682.09 366.47
682.17 199.69
682.30 215.48
682.44 208.59
682.80 546.80
683.22 163.31
683.46 217.21
683.65 170.83
683.71 226.60
683.88 230.12
683.97 546.74
684.15 166.60
684.44 531.02
684.48 260.84
687.14 167.53
687.15 47.43
687.15 167.08
687.41 483.14
687.52 256.66
687.52 178.83
687.66 265.24
687.81 438.60
688.00 508.00
688.56 464.87
688.75 215.38
688.82 262.03
688.97 448.50
690.01 432.42
690.27 102.34
690.59 102.15
691.00 209.26
691.07 174.27
691.08 168.00
691.29 181.76
691.60 548.95
691.91 229.04
692.16 187.40
692.29 201.47
693.15 234.16
693.59 260.57
694.55 179.29
694.73 161.25
694.87 506.12
694.96 175.38
695.48 509.27
696.37 184.20
697.28 184.74
697.54 257.64
697.73 228.97
697.95 209.65
698.52 254.55
698.77 262.87
698.79 215.92
699.03 179.75
699.37 345.10
699.95 176.84
700.38 172.53
700.41 216.14
700.44 191.74
701.24 298.01
702.21 208.63
702.28 251.03
702.52 260.16
703.63 213.33
703.82 230.52
703.82 476.60
704.92 469.21
704.96 447.37
704.96 489.34
705.34 457.89
705.67 322.68
706.34 202.80
706.45 206.84
706.52 165.53
707.17 215.81
707.46 332.06
707.64 169.12
707.71 391.31
707.85 178.16
707.89 175.93
707.90 319.00
708.64 552.24
708.81 390.85
709.38 510.74
709.53 189.18
709.89 188.53
710.37 359.09
710.60 484.01
710.91 206.60
711.02 202.65
711.42 175.16
712.16 345.07
712.96 260.48
713.04 258.96
713.26 349.45
713.42 259.13
713.47 259.37
713.71 339.53
714.27 315.70
714.57 323.00
714.67 467.75
714.90 163.81
714.92 334.37
715.08 461.75
715.17 238.72
715.30 206.36
715.35 181.00
716.00 202.87
716.38 328.24
716.76 170.76
716.97 469.34
717.08 230.87
717.10 96.84
717.24 97.08
717.66 324.71
718.40 176.55
718.95 511.80
719.18 440.19
719.50 322.78
720.17 344.39
720.48 255.09
720.57 338.61
720.62 183.86
720.98 348.03
721.08 174.44
721.09 439.93
721.14 173.09
721.17 330.85
721.88 340.27
722.14 354.07
722.38 220.47
722.80 202.97
722.82 175.48
723.11 176.11
723.11 213.65
723.74 188.55
723.89 513.58
723.94 513.56
724.32 360.13
724.95 296.64
725.26 337.31
725.35 180.10
725.43 163.44
725.79 332.15
726.10 216.72
726.18 416.61
726.93 356.75
727.80 508.06
727.88 94.68
728.01 172.89
728.27 347.87
728.33 257.76
729.90 321.62
730.33 556.00
730.43 569.30
731.08 89.60
732.06 320.24
732.81 514.52
733.08 513.45
733.29 306.92
735.11 54.31
735.40 469.11
735.54 457.92
735.85 193.46
735.92 358.56
736.30 172.34
736.43 479.88
737.91 564.64
737.97 305.37
738.29 265.46
738.51 63.39
738.79 549.94
738.87 363.02
738.95 363.73
740.34 291.40
740.44 268.36
740.69 379.68
740.99 532.75
741.08 316.24
741.38 376.14
741.67 458.26
742.93 319.35
743.03 294.74
743.24 309.59
743.57 554.27
744.42 372.44
744.55 337.34
745.50 52.08
745.50 52.93
745.50 82.56
745.70 338.21
745.80 357.66
745.94 311.00
746.02 572.98
746.17 364.70
746.68 407.25
746.79 447.35
746.88 368.14
747.11 426.66
747.66 389.18
748.29 463.51
749.09 418.79
751.13 290.39
751.40 50.13
751.49 281.92
751.96 588.42
752.26 282.85
753.01 372.99
754.86 417.47
758.56 399.03
760.85 409.42
780.55 367.66
781.63 393.12
787.19 521.77
787.46 319.58
787.87 364.67
789.09 373.81
789.29 322.84
789.72 193.34
789.75 368.67
791.78 518.99
791.82 369.33
792.19 336.17
792.38 378.74
793.63 464.94
795.68 384.58
796.38 443.89
796.49 426.38
798.76 207.13
801.23 260.45
803.23 245.64
813.20 369.65
813.96 369.93
815.11 170.05
823.86 387.44
827.44 392.10
827.68 432.31
827.77 380.59
832.44 368.88
833.82 376.27
834.05 375.25
835.79 433.97
836.88 409.52
838.98 368.40
841.10 434.57
844.46 381.76
845.15 299.50
847.41 359.08
847.46 363.56
855.85 371.11
861.05 376.19
874.24 297.35
910.07 118.64
942.99 24.00
946.64 24.75
947.52 211.31
