0 0
77.58 20.72
83.34 23.18
100.81 295.56
101.52 294.80
102.03 422.39
102.98 449.40
103.13 280.26
104.07 510.01
104.19 405.19
105.37 295.56
110.02 420.49
114.86 521.17
115.84 527.90
117.97 301.81
119.90 37.24
120.00 50.91
120.84 25.57
121.50 432.83
121.86 483.30
121.97 515.58
122.11 325.56
122.14 519.83
122.40 303.70
122.56 323.62
122.59 333.12
123.14 407.12
123.46 267.64
123.89 561.05
124.12 588.59
124.15 547.17
124.47 276.35
124.73 177.95
125.08 444.80
125.47 345.12
125.51 547.58
125.78 483.54
125.85 498.47
125.96 484.01
125.98 80.50
126.19 512.94
126.24 460.99
126.58 454.86
126.68 350.60
126.70 435.61
126.90 406.70
126.97 393.14
127.00 316.99
127.09 306.36
127.14 378.14
127.14 420.94
127.15 362.38
127.90 328.04
128.27 504.58
128.63 579.41
128.67 56.27
128.74 579.90
129.08 250.56
129.22 512.82
129.27 236.76
129.39 564.99
129.42 483.67
129.45 454.84
129.70 97.35
129.95 97.56
129.97 69.53
130.01 215.96
130.06 29.65
130.31 202.44
130.55 29.29
130.96 285.15
131.31 77.31
131.37 76.35
131.87 108.60
132.49 110.25
132.57 160.95
132.60 66.17
133.32 122.68
133.58 51.23
133.87 96.33
134.27 42.02
134.39 557.93
134.53 57.61
134.93 56.33
134.98 82.33
134.98 582.89
135.31 79.80
136.25 61.87
137.24 125.53
137.75 35.88
137.92 167.93
139.29 26.98
139.89 151.17
140.36 46.96
141.51 36.11
141.53 559.12
142.20 170.53
144.58 567.36
144.60 163.52
145.04 142.87
149.50 552.08
149.83 560.28
151.58 542.86
151.65 169.94
151.79 161.58
153.15 115.45
153.40 107.14
153.47 6.97
153.76 282.43
156.02 335.93
158.06 549.41
158.57 559.75
161.11 160.83
161.35 148.98
161.74 172.40
161.83 552.88
162.10 117.71
162.21 107.52
162.44 211.59
163.88 122.42
165.35 52.72
165.58 558.98
166.69 557.41
166.82 314.20
167.22 321.31
167.35 481.08
168.12 322.58
168.16 110.17
168.42 115.08
169.02 481.92
169.61 481.47
169.73 161.56
170.11 388.94
170.26 116.67
170.65 108.31
170.72 475.34
171.57 172.30
172.10 315.01
172.38 377.15
172.42 482.19
172.96 406.81
173.17 243.39
173.27 518.23
173.40 330.24
173.58 353.57
173.65 436.91
173.84 350.15
173.86 159.49
173.92 395.03
174.06 319.83
174.34 390.15
175.07 228.33
175.15 253.09
175.76 282.61
176.33 482.56
177.75 423.30
177.76 375.23
178.16 453.25
178.52 252.03
178.61 247.01
178.62 408.08
179.06 277.58
179.26 277.07
179.29 309.37
180.03 466.15
180.14 507.02
180.82 262.82
181.94 488.78
182.01 517.56
182.19 437.35
182.43 155.15
182.71 517.02
182.97 374.27
183.25 479.86
183.56 510.81
183.97 406.62
184.58 313.67
184.79 475.79
184.80 288.50
185.33 270.72
185.35 432.08
185.35 406.41
185.52 444.49
185.55 423.68
185.57 367.52
185.57 128.94
185.80 379.43
185.86 397.88
185.93 473.91
185.99 493.68
185.99 414.17
186.09 381.25
186.22 98.43
186.76 296.54
186.78 289.73
186.97 420.76
187.00 481.86
187.26 373.17
187.71 392.91
188.56 487.93
189.20 245.98
189.69 255.24
189.80 448.56
189.85 508.35
189.89 286.31
190.05 496.97
190.07 522.40
190.72 398.77
191.08 246.02
191.33 504.33
191.46 281.79
191.87 257.74
192.01 307.80
192.05 289.63
192.09 271.02
192.13 302.08
192.51 355.14
192.67 393.19
192.72 410.44
193.02 439.48
193.38 373.23
193.40 282.27
193.56 509.00
193.61 338.91
193.78 372.94
193.91 252.82
194.05 277.72
194.11 388.46
194.31 388.05
194.73 379.36
194.91 365.03
195.11 292.28
195.55 255.98
196.39 368.32
196.52 402.64
196.54 425.77
196.54 233.39
196.99 388.22
197.10 264.71
197.31 384.05
197.35 378.70
198.06 414.45
198.17 417.42
199.49 562.48
200.42 466.09
200.48 480.44
200.63 480.12
200.72 248.93
200.99 445.21
201.00 379.00
201.07 371.06
201.07 452.93
201.12 389.33
201.21 514.55
201.23 378.16
201.33 461.74
201.35 461.90
201.41 510.23
201.67 463.40
201.77 361.14
201.97 387.78
202.10 515.17
202.30 372.51
202.38 490.85
202.78 315.94
202.97 519.15
202.97 453.99
202.99 292.78
203.09 254.43
203.13 377.03
203.13 491.02
203.57 524.52
203.75 526.27
203.78 393.77
203.83 571.43
204.08 431.59
204.23 539.43
204.28 298.42
205.72 511.93
206.18 302.50
206.21 152.22
206.44 537.87
206.80 547.82
206.81 136.72
206.96 412.34
207.17 148.44
207.28 140.56
207.41 67.04
207.46 564.93
207.48 144.77
207.73 250.19
207.73 363.72
207.88 254.42
208.13 516.12
208.27 287.41
208.46 565.14
208.51 223.80
208.52 390.39
208.76 244.65
208.90 383.46
208.92 371.88
208.93 378.55
208.97 94.93
209.05 395.11
209.38 357.27
209.88 383.56
210.08 457.95
210.20 523.45
210.56 277.07
210.58 401.24
210.61 65.28
210.73 351.89
210.75 40.44
210.80 46.04
210.91 441.02
210.99 137.24
211.12 263.15
211.14 410.05
211.23 144.78
211.23 396.53
211.39 73.28
211.48 275.22
212.46 248.01
212.62 41.86
212.64 357.27
212.68 145.93
212.70 102.92
212.81 364.60
212.83 141.50
213.02 149.95
213.37 377.45
213.49 358.26
213.71 99.04
213.88 405.78
214.00 93.83
214.36 46.45
214.57 514.57
214.62 43.53
214.73 470.03
214.76 273.24
215.17 477.75
215.21 40.93
215.26 305.48
215.75 238.99
215.95 41.56
216.06 145.08
216.07 68.75
216.19 234.49
216.22 542.22
216.42 419.76
217.01 212.61
217.12 310.37
217.15 147.88
217.16 302.18
217.21 433.10
217.32 84.59
217.39 542.11
217.44 50.19
217.45 461.00
217.47 565.41
217.50 442.24
217.72 84.74
217.85 477.16
218.12 296.65
218.16 523.27
218.22 303.92
218.27 275.80
218.66 445.42
218.80 499.08
218.95 277.38
219.05 451.33
219.27 529.60
219.30 508.39
219.97 425.82
220.10 286.96
220.13 41.99
220.32 518.93
220.39 390.27
220.46 460.13
220.60 95.99
220.62 540.77
220.62 454.25
220.69 482.22
220.76 246.24
220.88 382.68
220.89 432.52
220.93 80.53
220.97 300.23
221.12 84.74
221.82 151.97
222.08 68.31
222.10 358.65
222.12 290.91
222.17 232.37
222.31 50.04
222.60 469.77
222.61 351.89
222.66 473.93
222.70 274.56
222.74 287.73
222.89 238.42
222.93 563.02
223.04 462.62
223.32 238.78
223.46 35.11
224.02 38.94
224.29 295.75
224.47 84.83
224.47 311.05
224.50 540.47
224.51 135.33
224.89 305.29
225.01 306.23
225.04 243.37
225.04 540.34
225.06 250.87
225.09 453.06
225.24 283.89
225.39 476.43
225.69 101.22
226.08 96.06
226.28 469.30
226.43 461.96
226.54 322.17
226.73 419.47
226.77 562.97
227.20 289.01
227.25 272.42
227.33 150.84
227.34 233.68
227.58 279.82
227.64 266.44
227.86 356.09
227.93 258.55
227.98 269.59
228.58 268.93
228.73 275.78
228.84 146.63
228.91 520.72
229.12 100.90
229.23 243.84
229.28 56.56
229.65 156.71
229.83 69.37
229.96 76.25
230.01 534.26
230.08 433.67
230.20 430.45
230.28 425.57
230.43 49.51
230.56 412.45
230.96 61.67
231.30 470.19
231.49 304.55
231.52 151.18
231.87 141.04
231.89 98.81
231.94 44.06
232.03 459.93
232.40 149.63
232.58 44.77
232.67 282.45
232.69 48.53
232.98 351.67
233.12 375.13
233.17 276.57
233.47 394.88
233.55 251.48
233.59 561.86
233.75 358.62
234.04 50.27
234.36 530.62
235.65 151.01
235.68 472.76
236.07 232.91
236.58 526.13
236.77 95.59
236.79 92.23
236.97 79.54
237.07 82.55
237.19 523.13
237.55 77.51
238.37 541.61
238.76 463.72
238.84 231.32
239.02 423.07
239.68 455.12
239.69 274.02
239.82 72.04
239.87 559.96
240.05 207.23
240.13 560.72
240.18 137.69
240.40 260.50
240.41 355.23
240.41 247.45
240.88 416.98
241.06 39.19
241.10 417.22
241.18 43.26
241.51 150.51
241.81 155.93
242.02 531.47
242.47 103.11
242.76 281.48
242.82 438.96
242.89 506.32
242.96 99.01
243.21 298.05
244.05 408.12
244.06 299.88
244.29 77.79
244.34 462.33
244.79 143.85
244.89 471.50
244.97 52.69
245.31 417.72
245.44 152.11
245.69 422.60
246.07 513.16
246.10 160.93
246.20 531.11
246.44 65.07
246.74 512.68
247.28 278.71
247.45 559.03
248.13 71.32
248.18 43.15
248.24 85.50
248.44 510.53
248.50 110.84
248.71 451.17
248.80 431.52
249.67 520.62
249.68 521.02
249.73 91.95
250.01 507.38
250.58 154.34
250.66 242.64
250.79 150.99
251.05 89.64
251.06 426.83
251.10 511.64
251.21 231.65
251.37 529.67
251.59 540.78
251.65 90.57
251.74 276.39
251.77 90.49
252.00 417.98
252.41 277.94
252.59 271.06
253.06 95.44
253.47 287.57
253.53 66.57
253.83 161.20
253.91 238.01
254.11 556.87
255.03 285.20
255.39 508.73
255.40 557.42
255.44 294.48
255.70 234.79
255.91 291.57
256.25 268.29
256.27 514.44
256.34 516.21
256.56 425.92
256.71 74.70
256.83 54.22
257.30 274.76
257.45 408.61
257.51 42.27
257.68 103.70
257.76 295.86
257.87 296.50
258.07 461.14
258.14 299.86
258.21 102.01
258.28 485.80
258.32 156.70
258.46 140.05
258.87 105.18
259.78 522.68
260.77 526.05
260.80 424.63
260.80 435.76
260.91 429.54
261.18 148.87
261.20 539.45
261.62 424.71
261.75 528.82
261.86 443.85
262.86 105.99
263.00 152.50
263.20 410.53
263.22 410.89
263.31 220.82
264.23 63.54
264.29 449.20
264.57 99.56
264.67 279.18
264.75 67.99
264.80 75.15
265.10 152.50
265.12 431.09
265.19 155.81
265.30 50.08
265.41 456.23
265.71 92.50
265.91 83.72
266.09 162.14
266.33 397.54
266.34 303.12
266.52 278.76
266.58 44.22
266.63 106.81
266.72 557.28
267.10 298.33
267.17 142.82
267.78 516.79
267.82 471.68
268.44 419.62
268.50 78.16
268.63 442.15
268.69 231.09
268.94 510.99
269.10 62.92
269.13 442.08
269.83 150.39
269.99 439.51
270.05 104.40
270.65 163.81
271.08 82.58
271.55 413.14
271.74 100.56
272.00 292.56
272.08 87.26
272.52 58.27
272.57 481.29
272.93 465.22
273.02 461.33
273.22 444.21
273.60 555.45
273.70 159.20
274.39 153.93
274.48 57.57
274.80 523.90
275.15 100.99
275.17 427.73
275.32 304.47
275.66 435.33
276.00 104.26
276.59 553.41
277.08 84.42
277.21 423.03
277.29 539.41
277.29 422.71
277.56 283.51
277.67 89.65
277.69 164.06
277.69 283.72
277.75 465.94
277.78 297.86
277.81 440.24
277.88 271.37
278.07 289.04
278.17 84.89
278.32 95.04
278.43 140.38
278.88 263.21
279.03 95.36
279.26 98.55
279.64 447.76
279.67 70.89
279.78 57.57
279.87 414.28
280.28 266.92
280.33 259.24
280.69 554.95
280.82 415.24
281.07 47.56
281.09 51.97
281.20 479.65
281.35 433.76
282.73 107.65
282.99 440.08
283.15 464.06
283.16 279.13
283.36 84.01
283.41 57.54
283.85 148.69
284.19 81.04
284.34 106.10
284.38 282.71
284.60 459.71
284.63 430.56
285.00 60.50
285.02 446.23
285.10 428.94
286.11 428.47
286.13 421.54
286.76 517.10
286.84 287.29
286.91 553.20
287.44 558.20
287.65 58.02
287.67 302.65
287.95 62.06
288.03 293.92
288.07 47.79
288.15 414.33
288.15 51.12
288.20 93.31
288.30 286.98
288.37 414.57
288.65 110.14
288.73 438.53
289.50 513.34
289.53 458.06
290.00 81.54
290.06 82.55
290.07 104.03
290.35 465.75
291.35 147.14
291.46 88.50
291.59 313.69
291.61 515.90
291.72 250.68
292.11 110.85
292.34 422.34
292.39 432.32
292.50 552.42
292.74 528.47
292.82 523.52
292.86 58.49
292.93 520.64
293.03 422.39
293.08 458.97
293.25 508.14
293.26 521.24
293.62 260.04
293.75 490.28
293.77 500.57
293.80 449.08
293.90 96.82
294.19 148.84
294.19 83.01
294.43 157.21
294.49 152.59
294.55 294.26
294.74 59.82
294.74 501.47
294.97 413.81
295.04 57.29
295.51 108.73
295.66 551.29
295.79 58.07
296.18 67.40
296.45 87.11
296.50 472.54
296.71 495.66
296.75 413.11
296.88 103.33
297.06 92.46
297.12 438.02
297.30 97.99
297.43 68.20
297.69 290.95
297.84 155.41
297.90 424.50
298.09 156.96
298.19 152.72
298.27 277.88
298.40 295.01
298.72 413.01
298.83 450.08
299.00 512.72
299.15 153.60
299.61 304.12
300.07 108.45
300.10 162.10
300.47 412.51
300.66 467.26
300.71 92.51
300.73 88.56
300.82 66.17
300.97 528.13
301.11 103.94
301.34 98.94
301.52 99.25
301.86 527.17
302.44 51.74
302.93 426.82
302.94 58.26
303.13 469.66
303.22 463.21
303.34 296.04
303.34 429.64
303.75 243.80
303.84 66.43
304.87 551.70
305.86 496.47
305.91 484.68
306.12 155.78
306.15 552.84
306.30 147.59
306.39 103.59
306.45 433.08
306.76 151.74
306.90 68.13
307.34 489.81
307.65 458.43
308.01 94.72
308.12 423.57
308.55 92.98
308.62 257.28
309.03 428.83
309.33 98.38
309.55 277.25
309.91 277.39
310.58 444.05
310.60 154.76
310.63 158.64
311.09 436.65
311.70 105.38
312.27 94.41
312.48 99.65
312.52 478.23
313.65 111.79
313.69 462.28
313.70 159.41
313.78 276.86
313.87 167.54
313.90 89.89
314.29 462.12
314.48 154.76
314.52 443.62
315.02 429.16
315.35 155.62
315.56 158.95
315.74 548.40
315.80 207.19
316.77 419.62
317.01 159.83
317.09 439.14
317.31 452.31
317.32 443.89
317.53 549.29
317.77 448.61
318.08 62.62
318.26 113.03
318.37 157.02
318.95 435.87
319.32 91.69
319.63 107.13
319.67 102.84
319.75 323.16
319.80 97.32
319.85 278.08
320.70 442.31
320.76 287.19
321.19 62.06
321.44 67.73
321.96 50.69
322.13 453.47
322.30 449.38
323.26 149.75
323.47 154.25
324.10 103.79
324.18 92.83
325.63 427.78
325.73 72.91
325.74 491.55
325.81 97.66
325.83 433.16
325.88 102.57
325.99 160.44
326.68 98.27
326.76 497.34
327.01 63.20
327.48 161.30
327.86 497.52
327.91 167.01
327.93 459.36
328.19 445.00
328.26 67.09
328.28 288.94
328.64 470.93
328.86 59.87
328.90 104.85
329.19 478.96
329.26 80.85
329.75 70.14
329.79 435.54
329.89 433.95
330.01 424.94
330.48 154.01
330.67 56.74
330.68 101.43
331.14 546.64
331.21 107.81
331.25 547.00
331.44 490.64
332.11 298.97
332.41 495.53
332.55 72.53
332.62 501.53
332.91 457.81
332.99 318.83
333.04 94.03
333.42 279.95
333.51 90.69
333.88 115.92
334.04 155.53
334.10 101.66
334.28 473.09
334.37 84.69
334.41 501.73
334.70 509.63
335.25 432.00
335.26 283.93
335.42 295.81
335.50 323.93
335.59 168.59
335.68 106.93
336.18 316.92
336.55 171.01
336.57 75.58
336.69 71.21
337.20 504.92
337.26 515.54
337.36 440.77
337.40 300.61
337.56 289.91
337.64 473.91
337.94 97.71
337.97 161.75
338.10 305.30
338.24 289.94
338.34 315.99
338.63 496.54
338.86 545.79
339.10 152.20
339.24 162.61
339.39 516.90
339.43 285.39
339.45 507.82
339.45 508.91
339.54 325.03
340.88 452.35
341.52 436.15
341.94 109.04
341.96 117.23
342.01 117.11
342.09 172.44
342.54 95.04
342.96 544.63
343.59 324.18
343.71 493.20
343.78 435.72
343.91 258.87
344.09 305.17
344.40 468.85
344.60 291.99
344.96 320.07
345.13 84.95
345.27 75.37
345.85 514.59
345.91 521.23
346.58 499.41
346.73 112.41
346.83 172.37
347.19 157.80
347.44 71.96
347.68 57.59
347.87 324.25
348.14 542.64
348.17 153.41
348.26 473.05
348.42 542.81
348.59 446.46
349.34 493.20
349.58 499.47
349.94 107.88
350.10 325.11
350.20 280.89
350.30 173.36
350.94 514.10
351.17 93.24
351.37 509.64
351.38 302.20
351.67 504.08
352.15 102.68
352.26 287.94
352.43 272.29
352.46 304.35
352.48 314.20
352.85 503.74
353.72 304.82
354.08 443.88
354.12 167.27
354.48 164.53
354.48 170.10
354.62 508.79
354.85 274.00
354.94 541.48
355.18 488.19
355.68 117.07
355.71 454.83
355.89 316.77
356.10 118.68
356.29 193.54
356.46 164.05
356.54 331.61
356.80 162.13
357.02 97.83
357.10 251.61
357.16 292.53
357.24 174.45
357.38 74.86
357.46 75.33
357.54 92.77
357.59 493.79
357.64 280.21
357.70 286.06
357.89 274.69
358.63 263.74
359.09 187.03
359.49 229.91
359.96 121.12
360.22 523.00
361.21 80.07
361.50 540.53
361.54 539.60
362.17 155.28
362.70 268.01
363.08 86.76
363.29 263.90
363.61 259.17
363.67 82.83
364.31 64.96
364.32 163.25
364.55 110.79
364.88 218.95
364.94 253.80
365.18 94.49
365.31 68.66
366.20 240.44
366.21 166.64
366.24 190.91
366.24 418.84
366.37 211.69
367.47 74.95
367.57 533.95
367.78 248.58
367.99 538.58
368.66 226.52
368.89 233.24
369.01 270.24
369.22 155.75
369.61 198.99
369.87 424.23
370.10 164.87
370.13 414.63
370.42 75.34
370.67 405.93
371.07 269.64
371.19 288.80
371.71 308.20
372.29 163.60
372.42 539.48
372.55 167.52
372.63 122.16
372.86 260.29
372.87 512.01
373.31 205.38
373.32 248.82
373.38 240.76
373.46 255.39
373.58 101.64
373.90 112.43
374.00 107.05
374.01 116.32
374.51 262.94
375.16 165.84
375.40 226.58
375.62 167.29
375.66 191.21
375.81 243.72
376.06 211.77
376.25 164.25
376.35 239.78
376.62 73.27
376.79 218.33
377.11 236.76
377.32 332.05
377.51 278.07
377.73 212.60
377.86 265.90
377.87 202.94
378.04 171.83
378.07 113.29
378.16 271.08
378.64 102.96
379.34 107.42
380.16 107.99
380.39 318.19
380.93 171.08
381.27 316.26
382.26 221.74
382.40 114.27
382.40 200.12
382.65 158.54
383.73 268.33
383.78 204.29
383.95 216.95
383.96 111.00
384.08 163.79
384.51 169.76
384.74 117.49
384.79 401.71
385.89 175.40
386.11 277.41
386.36 322.87
386.61 315.99
386.76 124.96
387.08 236.24
387.41 536.41
387.82 219.44
388.19 171.50
388.93 175.55
389.45 264.06
389.93 115.16
389.96 208.93
390.05 124.49
390.41 402.07
390.96 232.54
391.43 109.88
391.86 410.01
392.20 402.26
392.39 108.78
392.67 275.25
392.89 201.80
393.20 126.01
393.78 534.75
393.82 100.34
394.39 286.32
396.06 297.29
396.59 120.02
396.77 217.57
396.84 195.06
396.85 248.59
396.96 529.23
396.98 312.72
397.83 115.07
398.05 229.76
398.68 180.78
399.16 198.82
399.27 163.43
399.58 102.81
399.62 170.21
399.74 398.31
400.29 185.43
400.41 117.12
400.63 533.26
400.69 127.14
400.88 121.07
400.94 114.83
401.20 107.99
401.52 533.56
401.78 116.44
402.75 171.36
403.44 203.52
404.12 288.00
404.56 220.07
404.63 202.77
405.56 120.94
405.66 259.88
406.67 274.66
406.71 125.02
407.19 395.43
407.52 213.65
408.19 174.47
408.25 211.00
408.52 309.02
409.43 123.37
409.46 309.20
409.72 173.04
410.07 243.33
410.12 103.91
410.33 216.25
410.80 232.21
411.06 161.74
411.16 118.96
411.53 219.93
411.70 198.47
411.81 424.11
412.01 414.49
412.02 292.28
412.83 412.98
412.93 222.36
413.66 404.11
414.33 105.86
414.82 421.36
414.98 210.61
415.14 413.06
415.55 298.73
415.66 292.30
415.75 248.63
415.98 219.51
416.21 129.34
416.41 297.33
416.73 109.88
416.77 171.45
416.78 334.26
416.98 173.13
417.15 330.37
417.23 114.66
417.54 295.41
417.82 213.51
418.45 259.48
418.58 305.45
418.67 276.91
418.95 268.24
418.98 427.47
419.61 301.70
420.21 394.28
420.61 312.14
421.26 111.34
421.42 234.55
421.59 129.09
421.72 233.78
421.80 115.51
422.11 531.50
422.16 228.04
422.51 120.85
422.57 423.04
422.61 404.45
422.65 121.01
422.70 123.99
423.17 200.72
423.20 121.08
424.03 210.20
424.13 333.97
424.22 305.08
425.15 434.45
425.25 439.25
425.27 222.55
425.69 249.61
426.15 323.55
426.22 237.63
426.40 308.25
426.59 318.19
426.64 131.11
426.67 530.61
426.70 230.10
426.86 296.81
426.99 397.59
427.01 425.21
427.18 291.03
427.62 111.93
427.84 404.79
429.37 440.48
429.74 134.39
430.94 218.51
431.25 249.13
431.33 529.27
431.54 130.51
431.61 437.53
432.12 113.75
433.24 406.72
433.38 242.65
433.61 192.07
434.11 273.60
434.92 109.61
434.93 133.16
435.10 114.29
435.15 414.04
435.21 294.33
435.79 242.05
435.81 528.79
435.87 425.65
436.07 330.82
436.49 383.36
436.74 529.10
437.25 252.35
437.82 277.32
438.24 127.58
438.67 178.33
438.86 252.03
439.32 320.35
439.49 122.67
440.35 416.32
440.54 239.03
440.78 281.31
441.74 391.86
441.77 527.47
441.81 257.81
442.27 134.32
442.27 128.45
442.50 298.71
442.59 115.80
443.12 314.74
443.14 194.17
443.24 125.94
443.26 124.00
444.18 522.02
444.41 327.54
445.15 288.12
445.79 283.83
445.82 122.95
445.92 259.25
446.08 416.86
446.63 128.32
446.73 309.30
447.20 525.42
447.71 132.22
447.98 318.76
447.99 253.91
448.33 271.20
448.33 138.13
448.39 271.44
450.08 526.19
450.69 122.86
450.78 386.34
451.37 110.92
451.61 227.77
451.63 117.80
451.67 141.69
452.03 313.35
452.12 286.32
453.64 126.77
453.95 261.16
454.12 273.30
454.21 483.52
454.44 114.03
454.72 429.30
455.11 281.54
455.19 266.28
456.12 349.28
456.42 385.09
456.50 273.24
457.13 117.39
457.36 131.41
457.43 122.69
457.48 127.51
457.87 400.87
458.09 317.56
458.42 303.01
459.14 251.93
459.19 285.98
460.18 390.19
460.33 292.07
460.57 446.13
461.17 128.26
461.59 524.67
461.77 140.14
461.97 118.78
462.15 126.54
462.30 122.87
462.33 411.53
462.49 345.85
462.62 144.36
462.82 123.28
462.87 439.41
462.89 342.51
462.93 127.28
462.98 394.25
463.05 123.38
463.46 361.03
463.51 205.21
463.65 423.13
463.93 312.46
464.04 338.60
464.12 355.76
464.96 129.16
465.35 294.00
465.74 111.40
466.16 445.08
466.17 126.01
466.85 131.83
467.47 416.45
467.72 522.90
468.12 119.51
468.54 221.58
468.91 304.16
469.23 138.95
469.24 299.16
469.45 125.82
469.60 221.43
471.03 214.79
471.08 293.61
471.58 347.19
472.03 126.99
472.46 328.00
472.51 268.01
473.57 419.04
473.73 424.72
473.94 351.03
474.30 121.57
475.94 447.97
476.24 339.00
476.28 452.95
476.71 446.92
476.92 122.06
477.32 404.92
477.70 405.13
478.10 340.02
478.67 332.48
479.86 303.60
480.46 441.06
480.60 412.85
480.67 412.87
481.05 406.56
481.17 201.12
481.35 503.96
482.70 321.75
483.32 340.92
483.81 340.32
483.81 425.33
484.44 518.69
484.56 406.10
485.72 426.15
486.27 403.48
488.79 519.95
488.85 427.86
490.42 516.75
490.91 343.45
492.08 420.33
492.47 495.79
492.78 257.42
493.67 404.48
494.22 337.60
494.35 378.03
494.62 428.06
495.11 231.74
495.29 488.74
495.38 424.21
496.38 452.87
496.39 321.29
496.65 423.98
497.16 518.57
497.30 459.40
497.30 186.43
498.10 469.70
498.12 334.84
498.15 484.65
499.90 334.22
500.29 463.22
500.59 416.96
500.85 435.05
502.10 487.28
503.65 401.72
504.40 484.70
504.70 327.45
505.84 469.51
506.56 344.71
506.62 383.99
507.19 342.62
508.57 405.79
509.13 426.97
509.46 445.40
509.94 461.53
510.17 337.21
511.65 495.68
512.38 369.43
512.59 446.30
512.71 264.86
513.43 370.25
513.75 340.28
515.26 387.83
516.18 470.80
516.45 257.19
516.75 486.36
516.87 251.11
517.97 266.98
518.29 506.38
519.45 342.27
519.78 91.90
519.98 80.97
520.09 249.72
520.26 106.17
520.27 278.48
520.30 253.69
520.47 317.45
520.62 455.83
520.77 449.15
521.01 503.31
521.13 445.30
522.04 241.34
522.40 253.79
522.79 245.48
524.05 312.85
524.36 263.44
524.40 116.04
524.66 163.94
524.76 458.74
524.82 226.48
524.97 249.14
525.13 239.71
525.23 531.67
525.40 85.80
525.60 296.49
526.03 463.26
526.19 400.72
526.19 530.05
526.39 362.14
526.62 353.42
526.87 366.92
527.31 378.40
527.37 528.21
527.76 323.42
527.81 425.09
528.01 419.57
528.17 107.84
528.74 457.94
528.94 294.36
529.01 111.72
529.04 321.93
529.12 370.60
529.18 301.89
529.19 302.59
529.20 100.16
529.42 93.71
529.61 441.33
529.71 390.68
530.03 456.73
530.08 332.65
530.17 461.81
531.12 401.89
531.33 380.32
531.47 403.42
531.79 309.82
531.90 408.67
531.91 342.48
531.93 429.09
532.48 418.78
533.08 410.89
533.15 105.26
533.80 416.83
534.27 317.96
534.41 424.21
535.15 397.05
535.25 397.43
535.80 347.46
535.94 487.08
536.36 314.48
537.67 302.09
537.92 443.61
537.93 444.51
538.37 336.56
538.58 516.14
538.97 354.38
539.14 391.86
539.17 407.90
539.25 424.79
539.52 310.03
540.14 421.95
540.66 355.18
540.85 86.61
541.02 406.31
541.06 487.96
541.07 376.11
542.46 412.09
542.69 382.14
542.75 349.23
543.08 346.19
543.90 372.03
544.60 484.40
544.80 325.03
545.48 460.66
546.29 388.46
547.11 485.92
547.71 346.77
547.81 402.73
548.31 431.06
549.06 388.83
549.26 488.11
549.31 449.93
549.45 388.17
549.89 300.08
550.29 333.46
550.37 347.68
551.19 406.81
552.62 313.51
552.69 306.00
553.85 420.53
554.14 338.35
555.53 481.88
555.95 401.39
556.17 446.46
556.18 442.46
556.38 465.11
556.92 390.86
557.67 489.41
557.99 331.75
558.39 342.88
558.70 301.78
560.29 375.77
560.68 455.59
560.94 391.83
561.09 305.20
561.93 492.82
562.74 461.44
563.22 334.25
563.39 316.05
563.51 334.33
564.23 366.03
564.36 368.75
564.56 459.92
565.46 455.40
566.17 333.50
566.70 341.92
567.52 399.06
567.72 302.05
568.02 376.33
568.14 331.87
568.45 432.86
568.88 492.78
569.46 467.54
569.49 320.36
569.67 453.54
569.76 330.56
571.41 408.05
573.17 499.37
573.99 291.42
574.19 464.03
575.12 487.15
575.79 408.83
576.18 403.92
576.56 301.62
576.99 352.43
577.46 347.56
577.97 449.54
578.16 465.16
578.21 494.07
579.04 494.88
579.81 471.45
580.77 82.14
582.10 466.38
582.88 391.01
583.15 460.42
583.65 191.53
583.69 183.50
584.34 376.00
585.24 342.79
585.31 498.50
585.61 74.09
585.86 306.09
585.92 217.42
586.65 184.57
586.73 463.62
586.82 266.88
587.15 234.90
587.88 238.92
587.90 380.99
587.97 322.16
588.11 453.47
588.20 392.15
588.46 355.94
588.62 194.38
588.76 247.53
588.88 355.15
588.98 469.09
589.77 461.61
589.78 186.44
589.90 211.79
589.96 497.84
590.01 267.09
590.47 184.33
590.51 224.46
590.66 308.81
590.80 225.67
590.89 231.77
591.28 201.44
591.42 216.36
591.68 480.18
591.72 362.18
592.12 213.27
592.16 236.91
592.29 465.13
592.59 367.19
592.80 499.28
593.62 443.48
593.76 373.83
593.79 369.60
593.87 370.53
593.97 380.31
594.19 179.32
595.65 224.36
596.19 209.13
596.19 233.70
596.30 228.00
596.35 228.26
596.38 500.77
596.76 433.86
596.94 492.60
597.06 237.06
598.21 180.74
598.53 194.83
598.81 198.27
599.14 239.50
599.22 447.47
599.23 176.58
599.54 218.34
600.16 212.22
600.28 501.80
600.29 224.08
601.14 477.32
601.63 234.83
602.09 265.96
602.53 229.83
602.53 239.99
603.67 265.51
604.06 205.47
604.15 180.42
604.30 172.45
605.08 227.93
605.09 187.95
605.11 223.82
605.83 219.88
606.03 263.21
606.93 181.71
607.04 503.25
607.65 264.89
607.74 414.30
608.09 409.15
609.40 236.17
609.48 229.39
609.50 483.67
609.62 225.49
609.67 222.89
609.78 173.93
609.93 218.97
609.96 219.67
610.17 511.38
610.78 264.60
610.85 504.82
611.29 265.21
611.31 191.72
611.51 264.95
611.75 195.31
612.64 311.88
612.72 214.15
613.32 235.00
613.41 228.49
613.41 218.17
613.44 165.97
614.58 468.69
614.85 479.48
614.93 179.74
615.23 506.68
615.73 350.94
616.97 222.56
617.61 201.41
618.06 212.05
618.78 189.53
618.80 238.29
618.85 194.15
618.93 167.19
619.33 220.46
619.81 384.31
621.41 507.59
621.75 179.13
622.05 226.93
622.16 174.71
622.96 180.76
623.11 189.99
623.31 411.84
624.06 233.90
624.42 262.75
626.38 212.77
626.50 229.01
626.81 170.45
627.40 218.56
627.53 222.84
627.63 215.32
627.69 222.66
627.77 488.90
628.48 356.21
628.69 508.71
629.24 341.69
629.50 475.24
629.99 293.97
630.04 168.14
630.13 369.00
630.23 210.81
630.52 181.33
630.83 359.44
630.89 193.21
631.01 214.94
631.23 337.90
631.62 257.91
631.69 344.97
632.01 457.18
632.02 389.15
632.56 384.52
632.72 169.80
632.89 188.02
632.90 511.98
632.92 351.56
633.20 173.31
633.59 362.27
633.93 363.01
633.96 215.80
634.13 347.97
634.29 502.37
634.34 424.47
635.44 321.59
635.62 206.97
635.69 205.85
635.97 484.94
636.00 375.22
636.06 218.08
636.08 234.35
636.36 164.97
636.51 212.88
636.71 215.80
637.46 263.57
637.46 190.04
637.47 511.36
637.59 364.51
637.71 182.55
637.85 334.29
637.86 186.59
637.94 262.25
638.44 511.56
639.48 462.88
639.56 196.96
640.00 91.96
640.71 180.83
640.74 306.89
640.75 185.56
641.05 335.41
641.06 100.38
641.07 490.29
641.13 174.68
641.17 329.70
641.27 209.74
641.64 470.06
641.66 512.66
641.75 178.78
641.94 109.50
642.05 359.65
643.16 169.94
643.74 386.26
643.76 320.83
644.23 174.08
644.76 450.57
645.29 208.86
645.41 457.81
645.54 163.96
645.93 514.19
646.27 328.20
646.41 471.86
646.76 213.04
647.12 228.27
647.30 170.55
648.04 186.97
648.09 434.02
648.84 183.21
649.04 261.35
649.75 377.13
649.99 350.33
650.09 191.54
650.28 367.80
650.30 351.25
650.41 463.82
651.30 342.65
651.34 474.13
651.34 351.03
651.51 213.31
651.54 208.63
651.81 416.69
651.98 324.21
652.48 171.50
653.47 486.53
653.54 515.15
653.65 216.59
653.70 416.35
654.31 264.05
654.39 331.08
655.55 172.66
655.80 207.03
655.84 420.05
656.04 179.84
656.29 183.54
656.39 358.01
656.65 184.67
657.22 161.43
657.26 253.39
657.61 173.08
657.72 337.04
657.77 258.12
658.01 211.02
658.17 285.59
658.38 159.43
658.44 299.59
658.45 231.94
658.49 226.09
658.52 374.17
658.76 283.96
659.09 176.01
660.03 381.90
660.45 391.69
661.27 205.15
661.36 462.80
662.03 209.77
662.08 181.77
662.15 412.89
662.22 413.09
662.31 176.31
662.68 173.30
662.73 171.20
662.90 461.16
663.62 410.06
664.17 345.76
664.19 373.04
664.41 516.98
664.73 93.19
665.03 519.24
665.29 416.51
665.52 411.00
666.21 258.90
666.59 460.28
666.89 407.98
666.97 331.46
667.11 369.37
667.33 208.82
667.41 362.35
667.52 337.59
667.56 349.82
667.99 291.35
668.03 201.82
668.20 220.25
668.63 355.31
668.67 342.81
668.74 519.30
668.82 223.40
669.06 347.03
669.61 229.35
669.70 520.23
670.10 351.32
670.11 437.44
670.23 260.49
670.27 324.45
670.31 354.80
670.63 389.60
670.65 437.81
670.87 402.04
670.96 437.52
671.19 217.55
671.34 381.69
671.51 165.23
671.81 166.72
672.44 175.04
672.52 412.13
672.61 211.94
672.85 217.14
673.00 90.16
673.65 521.59
673.69 362.76
673.72 207.09
673.75 312.44
674.49 341.94
674.54 420.10
674.94 389.24
675.31 225.31
675.31 256.93
677.29 414.35
677.38 218.15
677.90 529.01
677.95 213.77
678.00 210.97
678.19 414.48
678.45 519.03
678.64 207.16
678.73 206.31
678.82 422.12
678.94 521.44
679.06 289.98
680.02 469.21
680.84 462.50
681.29 251.27
681.30 418.59
681.49 377.06
682.05 87.18
682.14 425.90
682.33 201.03
682.69 408.88
682.98 224.14
683.03 206.09
683.78 382.63
683.99 467.29
684.09 459.60
684.14 382.97
684.21 209.66
684.54 385.47
684.58 311.88
684.59 421.86
684.69 414.99
685.07 522.24
685.13 150.47
685.15 149.29
685.35 173.69
685.53 161.09
685.62 415.85
685.76 163.29
685.84 523.12
685.93 77.46
686.15 216.51
686.51 195.88
687.34 457.24
687.73 166.61
687.79 84.65
687.83 210.04
687.98 222.73
688.05 201.62
688.89 472.67
689.15 256.13
689.40 415.55
689.43 406.90
689.90 460.22
690.12 230.33
690.15 205.10
690.38 467.14
691.35 476.46
692.25 439.37
692.29 495.95
692.80 83.14
693.19 168.80
693.40 325.20
693.94 188.48
693.95 145.11
694.06 443.35
694.23 178.16
694.39 204.87
695.12 431.60
695.17 198.34
695.70 348.84
695.83 156.34
695.96 226.10
696.03 207.82
696.19 373.64
696.21 217.41
696.24 217.13
696.58 151.50
696.94 222.02
697.07 527.61
697.24 88.08
697.71 584.94
698.82 438.29
699.39 152.78
699.53 164.98
699.67 251.05
700.24 260.77
700.90 204.62
701.00 458.12
701.02 80.31
701.06 215.32
701.10 257.11
701.32 80.03
701.78 452.26
702.10 501.93
702.22 446.95
702.30 555.45
702.77 152.59
702.78 446.12
702.81 159.13
703.37 198.47
703.42 169.03
703.50 482.32
703.54 463.54
703.75 529.47
703.95 445.77
704.07 220.67
704.16 174.27
704.75 286.76
705.42 225.14
705.83 255.14
705.89 165.79
706.00 527.94
706.69 160.65
706.87 164.87
707.36 530.20
707.42 156.71
708.98 170.83
709.41 198.27
709.53 251.80
709.96 248.11
710.20 203.95
710.27 165.30
710.87 531.18
710.92 161.96
711.47 156.94
711.51 205.06
713.43 197.01
714.02 254.24
715.51 498.09
716.63 577.79
716.69 324.38
716.88 148.96
717.26 194.76
717.50 161.47
717.93 163.40
718.06 495.47
718.13 153.01
718.26 203.80
718.46 157.91
718.61 168.40
718.89 510.81
719.12 460.56
719.25 481.52
719.58 320.32
719.79 334.41
721.36 363.92
721.42 159.26
721.46 194.05
721.64 72.67
722.51 401.73
722.82 218.07
723.66 401.41
723.79 250.46
724.13 252.98
724.27 580.30
724.30 253.01
724.40 504.50
724.49 146.48
724.52 349.17
724.64 323.99
724.95 316.53
725.19 354.15
725.23 343.11
725.56 165.70
725.67 193.71
725.87 71.66
725.96 230.02
726.05 499.91
726.47 71.21
726.52 337.55
726.81 153.67
726.83 535.10
727.77 221.04
728.32 160.13
728.35 70.04
728.41 486.61
728.82 480.01
728.96 326.50
729.78 477.62
730.37 488.31
730.70 248.07
730.79 168.39
730.82 324.12
730.88 157.64
730.89 156.49
730.93 221.05
731.22 353.20
731.36 348.42
731.57 295.03
732.12 159.32
732.25 188.98
732.32 333.08
732.33 209.39
732.69 342.37
733.09 343.70
733.47 536.49
733.72 360.09
734.30 455.85
734.57 167.82
734.59 296.36
734.80 145.46
735.00 163.86
735.53 59.69
735.53 338.53
735.54 366.28
735.82 341.01
735.99 319.10
736.55 67.38
736.87 334.93
737.17 440.81
738.20 538.65
738.21 362.67
738.26 251.05
738.31 256.02
738.86 369.89
739.05 358.27
739.09 329.97
739.48 431.08
740.09 318.39
741.34 321.45
741.64 533.08
743.30 321.52
743.49 539.36
743.58 306.10
743.80 600.73
744.11 586.36
744.42 586.74
745.06 179.03
745.18 155.68
746.40 540.23
746.81 364.66
747.26 203.82
747.84 312.11
747.93 304.30
748.23 546.60
748.24 378.96
748.49 476.88
749.27 534.02
749.66 501.37
749.98 370.35
749.99 369.50
750.30 265.71
750.79 17.99
751.06 316.91
751.09 17.33
751.24 18.49
751.76 288.07
751.83 388.62
752.05 580.94
752.79 384.86
752.91 85.58
752.96 292.57
753.28 320.14
753.33 309.33
753.57 560.47
754.48 72.35
755.08 578.82
755.11 341.01
755.12 380.43
755.71 311.23
756.35 342.00
756.79 371.33
756.80 363.79
756.84 341.00
757.25 585.61
757.34 464.77
757.83 432.41
757.88 375.51
758.41 399.91
759.04 417.47
759.17 446.56
760.12 483.21
760.16 287.44
761.36 286.30
762.35 381.56
762.70 279.90
828.68 312.19
829.37 530.50
830.11 314.47
831.13 375.50
831.30 328.67
832.32 207.38
832.80 367.56
832.82 379.41
832.90 227.35
833.59 324.41
834.33 448.89
834.44 365.08
836.53 436.05
837.10 373.76
840.88 221.88
841.36 377.26
841.93 370.02
843.25 216.30
843.30 216.32
843.35 216.30
843.53 347.52
844.19 303.36
845.70 322.32
848.07 373.56
848.07 373.48
848.83 374.40
848.84 374.46
848.91 374.21
849.95 254.58
851.65 215.59
854.38 224.08
854.94 206.53
855.09 224.35
856.09 373.26
866.51 443.22
867.26 382.47
869.18 217.01
872.25 371.32
875.82 408.87
882.73 400.66
882.74 401.03
885.71 408.00
886.77 408.05
887.27 406.24
890.97 406.86
891.14 400.57
894.11 403.56
901.52 18.52
905.24 313.49
910.76 279.28
931.53 234.12
933.37 295.66
935.50 237.79
939.35 241.55
943.21 245.79
946.46 249.56
948.76 229.53
951.68 237.81
952.09 280.27
