0 0
12.73 380.52
15.78 384.42
30.37 462.30
37.58 376.89
40.53 371.05
40.81 370.35
40.97 371.02
43.20 381.56
44.15 384.33
48.89 331.52
49.61 364.80
51.25 564.31
53.79 561.49
54.08 370.34
54.23 471.93
55.64 459.19
58.82 461.09
59.12 552.02
59.53 467.32
59.54 582.53
59.54 372.48
60.11 335.44
60.47 590.85
60.92 360.13
61.80 340.97
63.37 468.36
63.98 540.69
64.51 359.82
64.53 460.92
64.84 346.62
64.93 362.08
65.73 446.84
65.94 453.85
66.19 461.13
66.22 457.13
66.25 442.68
66.48 421.84
66.90 428.78
68.01 419.40
68.07 580.66
68.16 363.83
68.20 327.86
68.30 389.46
68.55 348.01
69.58 14.44
69.67 270.89
69.88 153.87
69.89 294.75
70.37 608.98
70.50 25.87
70.62 100.51
70.63 443.01
70.66 431.26
70.69 96.05
70.74 461.98
70.80 461.98
70.93 28.32
70.97 446.37
71.05 591.74
71.37 19.68
71.51 411.42
71.74 598.49
71.88 418.73
72.06 381.27
72.17 397.45
72.20 373.64
72.31 598.61
72.39 46.50
72.40 363.26
72.43 418.59
72.49 38.04
72.67 354.92
72.77 358.68
72.80 477.76
72.88 381.56
73.18 11.82
73.20 340.26
73.20 436.24
73.23 359.96
73.45 258.10
73.48 12.37
73.79 344.44
73.96 275.12
73.98 323.17
74.13 302.83
74.33 344.11
74.36 287.15
74.37 266.10
74.38 269.75
74.60 520.39
74.62 168.59
74.83 271.01
74.83 473.08
75.03 334.15
75.31 487.54
75.31 30.49
75.38 29.68
75.69 454.49
75.94 16.18
76.31 279.50
76.46 293.20
76.54 447.83
76.76 7.99
76.79 432.08
76.97 460.44
77.06 409.78
77.18 351.73
77.26 321.08
77.48 46.26
77.58 312.00
77.60 24.89
77.61 47.17
77.63 593.93
77.64 263.61
78.03 520.32
78.50 384.18
78.53 581.13
78.57 520.85
78.82 28.01
78.82 322.34
78.91 235.02
78.91 256.89
78.94 504.55
79.14 317.40
79.27 537.02
79.36 352.24
79.38 504.92
79.42 354.01
79.46 20.15
79.52 504.74
79.54 488.44
79.75 532.59
79.94 479.28
80.01 449.15
80.26 270.20
80.32 264.49
80.34 142.14
80.56 488.82
80.66 449.71
81.11 417.36
81.38 402.50
81.41 428.80
81.43 433.63
81.49 45.28
81.50 386.03
81.50 402.57
81.61 316.67
81.63 385.61
81.71 494.97
81.83 413.72
82.13 367.74
82.16 367.52
82.29 611.32
82.51 341.58
82.57 329.99
82.65 276.32
82.65 361.52
82.68 226.25
82.69 329.66
82.70 372.60
82.97 274.43
83.16 343.87
83.32 288.25
83.32 260.02
83.38 307.65
83.45 256.63
83.61 595.49
83.63 292.33
83.80 481.82
83.84 35.96
83.89 253.95
83.91 595.20
83.97 230.14
84.06 184.59
84.11 264.00
84.18 95.29
84.35 242.48
84.56 188.61
84.61 263.72
84.71 203.96
85.08 393.73
85.10 409.82
85.21 471.34
85.24 441.48
85.28 188.23
85.68 43.29
85.70 24.02
85.72 24.39
85.78 41.53
86.10 337.62
86.47 591.46
86.97 590.76
87.06 311.77
87.97 170.65
88.38 16.46
88.52 317.37
88.88 211.34
89.00 593.15
89.14 20.89
89.30 187.85
89.33 161.41
91.68 26.15
91.82 94.40
91.98 33.48
93.48 84.50
96.29 96.80
100.72 597.00
107.35 146.81
108.34 77.15
114.91 92.11
115.37 85.14
118.75 307.82
122.86 580.30
124.29 80.96
124.48 83.61
127.86 577.91
131.05 314.60
131.14 314.23
131.16 321.43
131.24 87.30
131.38 298.85
131.52 258.72
132.01 322.61
132.23 500.68
133.48 493.36
134.42 85.35
134.53 397.41
135.23 500.95
136.06 315.70
136.07 384.46
136.24 227.96
136.80 356.53
136.93 450.18
136.96 502.22
137.24 436.83
138.30 320.27
138.93 235.57
139.08 219.35
139.13 241.50
139.29 308.55
139.41 501.88
139.46 497.15
139.77 246.30
140.94 333.20
141.00 304.21
141.52 435.31
141.73 300.54
141.77 533.89
141.89 390.77
142.04 300.28
142.62 401.01
142.72 418.67
142.82 529.25
142.99 245.36
143.07 239.86
143.57 296.47
143.70 309.34
143.72 273.66
145.20 257.01
145.89 451.62
146.06 498.74
147.19 238.48
147.29 380.96
147.72 300.82
147.99 493.90
148.05 415.82
148.43 175.01
148.47 488.43
148.84 313.90
148.97 520.77
149.04 513.86
149.34 445.78
149.52 286.08
149.54 407.67
149.56 458.13
149.62 355.59
149.67 435.73
149.88 407.46
149.89 364.14
149.93 495.09
149.97 373.91
149.99 501.35
150.00 135.74
150.09 386.79
150.44 389.39
151.45 381.72
151.48 265.39
151.65 431.86
151.76 294.13
151.92 406.98
151.95 402.01
152.02 507.89
152.66 518.68
152.82 531.22
153.53 502.93
153.58 463.57
153.76 238.72
153.82 294.18
154.35 248.29
154.43 525.22
154.63 271.42
154.69 283.24
155.21 408.12
155.48 459.58
156.24 278.24
156.38 302.13
156.76 441.01
156.77 532.16
156.80 307.29
156.82 251.47
157.01 402.18
157.06 287.22
157.07 301.45
157.49 454.03
157.95 265.10
157.96 359.68
158.06 380.32
158.21 279.48
158.50 229.57
158.70 388.32
158.75 245.97
158.97 371.08
159.07 273.86
159.48 397.08
159.74 371.01
160.17 289.88
160.53 438.92
160.59 249.39
160.88 239.88
161.05 412.69
161.12 373.94
161.64 392.78
161.79 224.35
161.83 397.27
161.86 259.01
161.91 592.06
161.98 386.51
162.43 274.00
162.66 424.61
162.94 558.12
164.04 538.41
164.35 499.67
164.45 483.71
164.82 398.26
165.08 293.97
165.28 468.90
165.37 460.26
165.43 479.25
165.45 478.70
165.64 293.73
165.67 481.38
165.74 481.55
165.92 543.87
165.93 398.19
166.02 387.34
166.02 511.08
166.03 377.92
166.10 241.53
166.12 366.28
166.22 274.68
166.29 564.94
166.33 385.44
166.65 396.37
166.66 366.97
166.79 503.74
166.86 551.35
166.90 249.41
167.06 470.29
167.18 379.53
167.32 567.72
167.32 269.79
167.84 291.08
168.40 248.21
168.69 445.12
168.72 403.00
168.82 235.80
168.99 289.87
169.12 565.08
169.26 382.69
169.35 536.85
169.53 397.92
170.00 246.79
170.10 400.05
170.60 595.56
170.94 482.13
171.01 595.88
171.18 37.00
171.39 133.63
171.59 302.55
171.65 115.66
171.94 540.59
172.12 119.96
172.14 128.96
172.27 124.50
172.64 140.16
172.70 247.66
173.32 424.88
173.41 68.26
173.46 571.38
173.49 369.90
173.66 283.64
174.00 405.00
174.11 391.66
174.24 285.30
174.28 378.97
174.42 9.02
174.68 12.65
174.75 123.18
175.15 459.29
175.26 362.40
175.54 455.90
175.61 42.82
175.64 411.39
175.73 129.13
176.12 133.46
176.45 356.34
176.54 124.73
176.58 404.86
176.59 257.35
176.70 564.46
176.74 272.99
177.10 77.20
177.74 126.00
177.93 120.88
178.02 437.05
178.15 388.03
178.28 12.70
178.28 130.36
178.34 383.75
178.41 67.74
178.61 73.11
178.61 539.02
178.62 240.67
179.01 496.98
179.02 488.55
179.15 299.82
179.70 133.24
180.02 371.06
180.18 269.39
180.26 596.92
180.44 563.86
180.79 80.78
180.94 569.90
181.26 124.98
181.40 230.19
181.62 371.75
181.65 55.03
181.72 508.46
181.88 121.54
181.97 225.51
182.11 72.53
182.31 496.89
182.37 19.71
182.42 128.05
182.48 457.49
182.48 447.12
182.55 503.97
182.59 201.25
182.72 567.11
182.75 548.02
182.85 134.67
182.92 436.17
182.94 521.54
183.46 117.73
183.54 294.79
183.63 532.49
183.67 460.83
183.70 392.83
183.90 468.22
183.96 303.09
183.96 478.09
184.03 473.64
184.31 568.46
184.31 271.02
184.45 392.40
184.64 429.56
184.93 273.21
185.07 56.92
185.08 391.93
185.20 502.62
185.20 438.58
185.35 115.56
185.40 398.86
185.49 47.66
185.54 69.67
185.67 50.37
185.90 391.69
185.94 283.80
185.97 56.58
185.98 594.57
186.02 17.14
186.59 37.74
186.74 445.45
186.75 264.89
186.84 120.25
186.96 133.99
187.03 298.75
187.03 238.08
187.35 459.84
187.45 493.24
187.47 488.51
187.54 364.12
187.95 223.33
187.95 568.28
188.00 468.59
188.00 481.00
188.09 288.29
188.27 257.83
188.36 356.61
188.71 229.90
188.72 274.93
188.76 569.75
188.80 284.82
188.83 568.60
188.91 270.41
189.18 573.45
189.36 56.37
189.56 230.11
189.56 55.73
189.91 293.78
189.99 498.15
190.12 113.47
190.19 443.57
190.38 470.56
190.66 310.67
190.96 304.37
191.02 74.77
191.27 235.36
191.36 479.14
191.40 69.44
191.41 488.26
191.64 304.42
191.93 14.85
192.02 39.97
192.03 555.12
192.23 431.71
192.23 593.98
192.39 266.59
192.39 267.93
193.01 524.54
193.36 568.96
193.47 130.74
193.49 546.40
193.87 275.96
193.90 439.63
193.90 260.45
193.93 268.00
193.96 252.52
194.08 265.73
194.21 361.03
194.50 231.59
194.88 74.73
194.89 263.65
194.98 453.86
195.09 15.58
195.13 45.88
195.17 271.47
195.40 590.44
195.61 137.42
195.64 448.84
195.94 38.51
195.98 424.77
196.16 29.87
196.23 439.60
196.31 489.40
196.65 236.23
197.10 477.57
197.42 131.42
197.54 9.89
197.54 71.94
197.82 557.58
197.84 119.91
198.35 303.50
198.45 129.39
198.96 382.03
198.97 16.22
199.21 278.73
199.44 356.28
199.55 364.47
199.95 436.33
199.97 406.32
200.01 271.95
200.07 116.05
200.08 244.20
200.91 42.35
200.93 126.44
201.07 491.75
201.58 249.13
201.71 553.47
201.85 131.35
201.93 558.55
202.25 10.24
202.57 68.58
202.90 49.01
202.96 222.98
203.12 571.39
203.31 564.26
203.71 558.37
203.85 222.30
203.96 75.91
204.04 591.82
204.15 481.65
204.15 284.97
204.27 227.87
204.32 592.11
205.04 436.66
205.54 245.43
205.58 40.57
205.61 472.65
206.38 240.57
206.39 116.15
206.43 269.37
206.70 192.53
206.82 559.14
207.17 429.54
207.28 254.42
207.43 360.28
208.09 130.49
208.43 530.79
208.44 136.55
208.54 454.71
208.97 412.71
209.19 140.73
209.32 411.41
210.10 72.85
210.13 276.99
210.54 419.77
210.80 47.16
211.00 426.11
211.05 489.58
211.18 559.21
211.30 298.29
211.42 537.54
211.50 121.75
212.06 435.96
212.08 430.43
212.28 131.97
212.36 590.52
212.59 32.48
213.51 141.94
214.47 270.65
214.49 534.40
214.87 435.75
214.92 55.82
214.99 39.74
215.07 137.23
215.28 61.60
215.30 547.08
215.41 467.01
216.30 446.53
216.47 141.49
216.98 536.28
217.20 557.59
217.27 570.37
217.56 134.43
217.66 570.99
217.69 130.71
217.75 440.97
217.77 116.84
217.89 137.94
218.12 221.69
218.29 61.77
218.30 61.60
218.87 129.13
219.15 271.90
219.73 34.18
220.15 273.58
220.23 588.11
220.55 550.85
220.66 589.01
220.85 266.64
220.89 284.59
221.18 141.95
221.24 228.94
221.29 40.46
221.93 52.24
221.98 533.53
222.11 541.88
222.75 224.86
222.98 536.61
223.50 292.39
223.77 478.73
224.01 446.15
224.01 419.93
224.06 541.12
224.08 440.06
224.40 507.41
224.57 293.77
224.66 127.99
224.82 420.02
225.15 270.44
225.16 230.77
225.56 549.39
225.72 132.23
225.76 74.22
225.78 118.54
225.88 136.99
225.92 49.87
226.99 552.85
227.00 227.66
227.22 429.30
228.01 541.16
228.14 451.25
228.17 443.87
228.24 537.03
228.67 563.37
228.97 438.63
229.06 54.87
229.59 438.33
230.16 132.10
230.17 78.79
230.77 587.28
230.87 422.90
231.25 30.54
231.47 466.09
231.81 43.92
231.99 73.13
232.09 35.07
232.30 66.19
232.47 13.61
232.54 524.62
232.57 284.77
232.64 476.14
232.67 589.59
232.69 131.55
232.76 137.55
232.80 445.98
233.09 64.63
233.20 274.60
233.45 138.13
233.87 127.76
234.00 142.45
234.15 543.07
234.36 79.82
235.13 120.90
235.36 296.32
236.06 458.30
236.08 46.98
236.39 432.86
236.47 229.92
236.54 536.74
236.79 29.62
236.97 29.82
237.45 551.23
237.72 125.05
237.79 77.01
238.74 144.16
238.75 528.09
238.80 51.62
239.15 445.40
239.46 72.00
239.60 271.65
239.68 425.89
239.70 56.08
239.74 587.41
239.96 10.27
240.13 503.39
240.39 484.18
240.47 457.31
241.02 460.93
241.14 30.75
241.43 217.28
241.57 302.66
241.92 130.41
242.15 136.81
242.52 22.94
242.59 139.97
242.73 132.99
243.27 442.75
243.61 451.08
243.73 450.94
243.88 568.88
244.36 530.15
244.82 53.53
244.87 479.82
244.87 61.34
245.28 296.62
245.33 485.52
245.44 436.82
245.65 76.36
245.86 486.01
246.04 456.75
246.19 60.52
246.21 65.76
246.26 436.54
246.42 279.14
246.65 278.17
246.65 144.20
246.70 69.44
246.72 285.62
246.75 65.66
246.81 266.06
246.87 117.71
246.92 469.06
246.98 66.00
247.46 465.02
247.53 587.76
247.72 444.36
247.75 37.65
247.85 587.69
247.86 256.38
248.20 427.14
248.23 21.07
248.74 10.94
248.84 139.24
248.86 16.45
249.03 513.61
249.15 260.69
249.55 464.85
250.91 295.02
251.17 79.94
251.30 456.46
251.84 53.04
252.08 481.96
252.40 78.70
252.41 507.37
252.51 274.39
252.69 49.69
252.71 128.17
252.79 82.17
253.00 26.00
253.05 445.58
253.35 586.24
253.39 443.65
253.49 463.45
253.49 138.71
253.54 132.07
253.58 278.62
253.97 296.46
254.22 126.15
254.40 479.88
254.54 591.27
254.62 443.78
254.80 435.75
255.15 487.85
255.23 466.76
256.28 11.24
256.33 283.76
256.47 14.78
256.91 539.99
257.00 427.45
257.56 455.02
257.66 82.56
257.66 291.31
258.52 486.28
258.79 450.91
258.79 49.55
258.94 476.79
259.14 77.19
259.32 585.29
259.35 76.91
259.87 27.34
260.07 57.12
260.35 585.18
260.48 57.09
260.50 557.76
260.98 548.56
261.33 548.57
261.41 539.82
261.41 534.42
261.42 535.08
261.46 313.93
261.65 447.55
261.69 83.72
262.25 436.60
262.38 513.75
262.40 466.68
263.14 66.28
263.40 27.36
263.41 517.36
263.47 583.89
263.83 126.74
264.11 131.40
264.12 21.38
264.42 136.27
264.51 291.71
264.79 22.27
265.05 81.01
265.30 131.95
265.96 55.82
266.21 426.03
266.38 74.85
266.44 585.03
266.48 62.03
266.77 68.24
267.13 297.03
267.23 289.74
267.33 539.35
267.51 439.60
267.93 134.11
268.17 131.07
268.23 135.70
268.23 288.00
268.33 20.06
268.39 273.37
268.57 292.45
268.80 425.65
269.07 475.54
269.21 132.11
269.31 489.64
269.70 32.11
269.74 80.50
269.97 557.16
270.56 57.31
270.65 141.14
270.85 61.99
271.23 75.19
271.46 26.50
271.65 14.99
271.68 69.32
271.70 69.78
271.92 18.72
272.05 439.33
272.32 489.93
272.65 136.19
272.71 276.81
273.50 269.22
273.52 584.31
273.67 293.85
273.78 503.76
274.11 32.32
274.50 234.50
274.81 586.16
275.02 521.52
275.44 507.98
275.87 139.05
276.10 145.27
276.45 449.00
276.53 134.66
276.58 124.94
276.69 74.10
277.15 61.36
277.20 129.69
278.40 438.10
279.17 444.35
279.69 69.88
279.75 68.94
279.95 249.83
280.12 476.22
280.17 272.36
280.18 461.74
280.64 511.34
280.68 272.50
280.72 581.96
280.83 57.64
280.86 83.83
281.06 128.65
281.12 34.88
281.31 453.09
281.38 133.11
281.55 137.55
282.19 76.32
282.64 63.64
282.95 191.32
283.00 530.91
283.07 69.80
283.31 505.65
283.59 145.99
284.40 88.01
284.42 83.56
284.47 58.43
284.47 581.72
284.60 482.24
284.60 138.26
285.00 271.92
285.19 147.81
285.21 129.32
285.27 132.72
285.56 444.52
286.38 137.43
286.49 279.87
286.53 582.59
286.79 133.71
287.73 456.46
287.80 471.21
288.19 138.55
288.58 434.25
288.63 466.80
288.69 461.67
288.95 26.05
289.09 31.10
289.42 85.01
289.63 452.77
289.71 140.97
289.92 135.10
290.35 59.99
290.86 72.88
290.88 77.60
290.89 66.32
291.39 460.45
291.74 323.65
291.96 130.61
292.24 283.29
292.44 273.21
292.50 277.00
292.98 453.90
293.16 467.92
293.69 472.74
294.87 126.74
294.93 134.68
295.65 73.84
295.66 580.52
295.66 513.47
295.82 457.98
296.18 61.32
296.63 88.62
296.66 516.60
296.75 441.90
297.12 443.24
297.31 66.69
297.38 523.15
297.52 72.45
297.56 26.63
297.69 449.59
297.80 138.57
297.91 506.28
298.00 532.16
298.06 67.31
298.48 26.71
298.85 452.35
299.27 292.24
299.33 140.15
299.53 31.12
299.56 147.27
299.89 463.52
300.20 43.29
300.38 22.70
300.60 74.76
300.78 502.11
301.13 285.09
301.22 46.73
301.43 34.72
301.46 580.67
301.56 440.41
301.63 450.57
301.72 551.77
302.24 18.89
302.45 547.58
302.64 515.53
302.66 70.87
302.69 131.06
302.79 127.75
302.95 78.03
303.50 521.15
303.61 579.76
304.11 90.18
304.44 37.21
304.49 528.12
304.80 61.82
305.24 274.12
305.58 58.48
305.69 319.55
305.72 274.55
305.95 140.63
306.05 528.45
306.15 537.57
306.22 71.73
306.24 459.68
306.42 87.74
306.79 134.01
307.08 579.64
307.28 448.49
307.50 44.14
307.62 325.70
307.65 296.92
307.83 293.19
307.84 27.39
308.08 77.15
308.09 279.92
308.22 148.12
308.69 40.58
309.42 150.81
309.54 496.54
309.84 58.56
309.91 82.48
310.17 496.04
310.26 522.51
310.29 458.35
310.30 299.30
310.53 74.92
310.56 65.93
310.79 520.03
310.81 140.21
311.24 286.77
311.37 141.15
311.93 128.93
311.93 316.03
311.99 30.64
312.02 535.80
312.38 537.24
312.40 281.54
312.47 492.60
312.56 526.69
314.18 580.05
314.23 472.38
314.50 58.72
314.75 578.23
315.03 88.88
315.07 78.98
315.07 32.57
315.17 518.23
315.69 63.19
316.01 326.01
316.13 514.07
316.65 32.46
316.96 510.42
317.22 324.39
317.58 304.13
317.85 543.65
317.88 551.39
317.99 453.15
318.22 51.47
318.29 288.87
318.41 41.08
318.55 401.89
319.10 528.23
319.30 145.85
319.63 80.41
319.70 147.40
320.17 576.89
320.22 553.76
320.50 537.11
320.50 576.57
320.54 35.44
320.56 152.01
320.58 260.89
320.71 136.26
321.08 476.70
321.35 92.69
321.38 495.05
321.48 541.65
321.53 249.01
321.53 325.68
321.58 84.01
321.72 130.28
321.84 465.39
321.97 519.13
321.99 526.28
323.48 77.43
323.54 543.17
324.09 315.96
324.14 537.79
324.49 152.71
324.80 60.84
324.86 326.90
324.93 557.48
324.94 134.14
325.03 280.74
325.27 556.57
325.90 531.36
326.12 481.65
327.10 284.39
327.46 462.67
327.54 537.26
327.75 575.48
327.84 326.52
327.90 302.24
327.99 495.96
328.25 513.69
328.67 146.79
328.75 474.06
328.81 142.87
328.82 290.66
329.09 281.57
329.55 487.57
329.68 268.78
329.71 87.43
330.27 31.14
330.52 317.12
330.56 90.90
330.72 141.88
330.88 333.64
331.20 65.20
331.50 39.12
331.53 28.66
331.58 38.97
331.64 521.30
331.67 59.66
331.67 289.52
331.91 153.74
332.07 267.10
332.37 282.04
332.87 555.03
334.09 553.81
334.30 46.87
334.41 210.87
335.03 574.54
335.36 573.84
336.09 153.01
336.95 131.84
337.90 262.10
337.96 52.28
338.47 47.97
338.54 98.10
338.77 256.85
338.97 26.69
339.40 79.69
339.64 141.56
339.99 61.08
340.01 30.88
340.13 204.31
340.55 566.99
340.72 40.29
341.09 230.59
341.46 69.97
341.50 144.50
341.79 196.50
342.34 239.29
343.50 40.49
343.73 150.04
343.89 338.37
344.09 213.51
344.26 220.70
344.47 136.00
344.58 181.52
344.59 132.49
344.89 262.95
344.92 428.26
345.28 418.83
345.64 38.40
345.92 142.43
346.08 274.06
346.15 431.52
346.16 65.18
346.32 543.43
346.34 566.06
347.23 141.21
347.92 136.62
348.02 259.61
348.13 285.33
348.15 141.05
348.30 572.92
348.34 145.73
348.40 93.08
348.58 408.23
348.91 246.89
349.01 437.16
349.36 69.12
349.79 81.65
349.80 86.26
349.88 75.40
350.42 255.71
351.39 143.71
351.45 421.92
351.47 335.19
351.61 145.38
351.65 213.09
351.83 140.78
352.28 171.60
352.31 232.93
352.85 142.00
352.91 203.76
353.39 225.31
353.57 196.29
353.64 271.06
353.82 78.54
354.08 197.10
354.09 150.57
354.20 82.64
354.21 259.15
354.53 258.29
355.46 70.54
355.75 95.83
355.95 75.72
356.44 200.75
356.64 76.30
356.99 272.19
357.05 280.81
357.66 316.19
357.81 572.78
357.92 318.40
357.93 149.24
358.59 182.47
359.06 208.08
359.07 83.47
359.25 144.58
359.47 134.65
360.50 187.63
360.65 262.01
360.83 79.58
361.02 202.61
361.11 414.63
361.55 87.35
361.83 141.07
362.04 148.11
362.95 98.82
363.18 154.39
363.24 71.31
363.37 272.63
363.55 324.29
364.04 95.88
364.12 204.33
364.97 78.67
365.44 149.48
366.63 225.47
366.72 86.30
366.78 83.99
367.43 415.17
367.58 142.61
369.14 78.31
369.39 567.38
369.41 415.55
369.89 570.45
370.48 569.45
370.55 184.44
370.92 269.30
371.10 96.87
371.50 67.52
373.10 572.36
373.18 151.52
374.03 562.87
374.22 176.30
374.93 294.40
374.98 149.08
375.15 138.13
375.35 243.88
376.04 83.79
376.93 418.03
377.06 160.05
377.35 312.94
377.83 140.06
377.97 151.59
378.14 143.91
378.26 147.79
378.31 165.52
378.48 205.31
379.04 568.21
379.43 97.11
379.50 90.54
379.50 85.83
379.60 84.47
379.79 85.88
379.84 68.51
379.92 75.46
379.93 75.08
380.03 301.37
380.11 219.77
380.45 85.31
380.81 155.90
381.20 414.65
381.32 148.91
381.79 273.54
382.50 186.28
382.97 297.62
383.06 414.64
383.62 184.61
383.84 205.13
384.65 90.45
384.77 567.43
385.18 152.18
385.22 213.37
385.58 300.30
385.71 408.12
385.87 143.96
386.04 94.94
386.54 268.60
387.31 102.13
387.43 152.68
388.15 144.28
388.66 147.32
388.74 99.33
389.01 308.10
389.08 192.96
389.70 441.84
389.73 69.61
389.83 201.08
389.83 159.83
389.86 150.31
390.13 219.80
390.46 233.36
390.75 441.09
390.82 137.91
391.06 430.33
391.15 205.26
391.49 329.39
391.84 146.13
392.03 288.76
392.59 428.27
392.75 357.55
392.76 152.31
392.95 207.88
393.12 160.96
393.35 141.94
393.43 309.76
393.63 198.58
393.97 428.04
394.59 72.13
395.09 438.73
395.36 296.25
395.57 230.70
395.83 295.65
395.90 288.43
396.00 193.83
396.00 238.25
396.06 186.39
396.15 204.76
396.22 323.40
396.48 99.68
396.86 296.03
396.91 442.27
397.03 154.25
397.10 76.63
397.11 296.63
397.29 332.94
397.54 150.67
397.71 81.50
397.72 96.56
397.89 200.65
398.13 149.44
398.13 250.76
398.23 399.71
398.87 445.21
399.14 149.54
399.39 261.33
399.95 233.47
400.56 406.95
400.79 227.17
400.86 311.90
401.38 269.99
402.09 444.87
402.27 78.11
402.30 221.61
402.35 82.18
402.41 566.76
402.50 99.14
402.68 220.69
402.77 209.02
403.15 214.21
403.46 89.28
403.53 94.08
403.84 182.35
404.02 89.56
404.32 272.38
404.84 193.51
405.72 303.58
406.13 412.33
406.37 105.19
406.38 207.76
406.57 565.89
407.11 323.97
407.33 410.72
407.74 439.26
407.78 298.23
407.81 307.07
407.88 410.55
407.98 225.40
408.07 442.85
408.18 101.19
408.28 77.78
408.58 225.70
408.74 418.99
408.92 216.28
409.21 336.04
410.01 233.50
411.30 308.63
411.62 105.19
411.80 297.60
412.14 202.61
412.14 457.15
412.23 564.72
412.78 85.82
413.49 238.61
413.56 100.67
414.35 156.96
414.79 230.36
416.33 257.12
417.05 83.78
417.12 563.99
417.38 231.17
417.44 75.68
417.46 103.37
417.55 563.84
417.64 430.10
418.33 395.61
418.38 276.50
419.79 414.56
419.98 242.20
420.45 271.26
420.79 99.99
421.14 443.32
421.30 96.78
421.46 242.00
422.85 322.13
422.93 251.80
423.54 322.73
423.90 404.80
424.02 276.00
424.04 242.49
424.16 562.72
424.92 248.79
424.97 331.33
425.34 295.87
425.75 103.71
425.81 97.26
426.06 92.81
426.16 82.30
426.39 314.51
426.77 92.28
426.84 94.31
426.97 174.87
427.13 344.69
428.69 283.94
429.09 102.92
429.22 278.80
429.55 462.21
430.11 307.77
430.32 233.21
430.66 97.25
431.26 561.34
431.54 318.97
431.78 243.82
431.94 265.85
432.03 101.57
432.30 107.90
433.59 460.36
433.95 410.00
434.20 209.54
434.58 93.45
434.64 105.91
435.45 253.76
435.61 76.58
435.63 398.94
435.81 84.16
436.20 97.71
436.35 457.33
436.36 470.08
436.64 281.65
436.84 111.92
436.88 97.08
437.76 448.26
438.29 252.10
438.61 94.84
438.87 266.10
439.00 246.12
439.31 80.01
439.48 385.24
439.77 354.43
439.78 397.28
440.62 250.12
440.99 379.96
441.03 357.08
441.14 278.47
441.17 465.86
441.33 286.49
441.81 106.79
442.07 270.93
442.16 266.79
442.50 83.53
442.75 100.07
442.95 89.54
442.99 95.42
443.04 300.83
443.62 300.74
444.32 281.15
444.52 241.48
445.20 390.31
445.45 340.01
445.48 467.87
445.55 287.18
446.10 390.51
446.80 96.47
447.15 354.80
447.19 415.69
447.48 250.92
447.52 94.55
447.71 84.96
447.88 110.17
447.94 341.78
447.95 560.50
448.22 301.41
448.27 114.76
448.29 460.30
448.55 346.97
448.57 557.89
448.89 94.83
448.98 408.06
449.24 368.32
449.29 90.41
449.50 260.32
449.81 361.89
450.06 311.11
450.08 440.85
450.44 186.41
450.78 418.99
451.03 307.58
451.08 97.09
451.65 290.59
451.89 297.81
452.11 301.64
452.12 457.12
452.21 467.16
452.48 557.32
452.83 93.30
453.14 424.70
453.21 100.23
453.52 558.03
453.54 433.45
454.04 90.23
454.72 308.61
455.05 289.01
455.08 85.82
455.20 342.66
455.27 204.77
455.61 301.43
455.95 296.23
456.23 93.64
456.33 108.83
457.95 290.00
458.14 352.47
458.20 83.88
458.24 369.78
458.49 353.32
459.16 94.50
459.40 273.55
459.61 554.42
460.02 333.83
460.31 443.17
460.37 84.14
460.58 425.21
460.80 436.50
461.32 557.24
461.80 86.69
461.94 82.62
463.04 332.12
463.18 470.91
463.94 469.92
463.99 342.96
464.80 420.71
464.92 420.06
465.52 344.14
466.08 190.13
466.53 336.30
466.96 412.01
468.11 462.79
468.21 484.95
468.54 430.51
468.67 300.86
469.23 422.11
470.56 180.85
471.26 322.82
471.47 556.07
471.69 444.42
472.00 345.48
472.16 463.91
472.18 195.57
472.26 31.64
472.95 364.34
474.51 405.62
474.58 444.96
477.10 554.88
477.88 447.20
478.37 470.44
479.81 556.40
480.35 347.95
480.73 529.26
481.87 527.90
482.78 246.35
482.95 340.21
483.19 342.00
483.22 420.32
483.98 218.36
484.38 447.52
484.68 388.96
485.22 519.84
485.24 443.30
486.09 323.08
486.38 351.19
486.55 477.06
486.87 442.79
486.89 555.01
487.51 484.73
488.10 498.09
488.17 344.94
488.19 514.16
488.32 514.79
488.34 413.65
488.64 338.96
490.64 490.65
490.79 523.03
492.32 445.03
492.44 518.70
494.55 515.84
495.05 417.14
496.19 330.01
496.96 496.23
497.87 350.38
498.18 475.40
498.32 395.71
500.45 421.75
500.83 446.61
501.40 560.69
501.56 468.52
501.96 487.81
503.32 275.43
503.64 529.04
503.70 171.12
504.61 255.81
505.31 470.09
505.40 379.45
506.76 344.34
507.21 247.60
508.23 400.53
510.10 246.59
510.16 502.22
510.85 238.40
511.06 339.84
513.78 143.89
513.97 237.98
514.03 254.23
514.31 473.84
514.37 257.77
514.48 317.70
514.48 272.17
514.60 481.61
514.76 136.30
514.81 469.02
515.86 214.11
516.08 83.93
516.43 227.98
517.06 232.81
517.32 242.48
517.55 141.82
517.84 131.68
518.26 78.32
518.63 312.89
518.97 254.04
519.16 264.94
519.27 485.22
519.51 261.03
519.74 253.92
519.94 572.44
519.95 226.62
519.98 136.25
520.00 209.59
520.20 70.31
520.31 291.81
520.42 571.63
520.54 478.12
520.75 490.42
520.89 74.46
520.94 416.08
520.96 450.81
521.18 370.61
521.23 141.18
522.12 376.16
522.48 427.09
522.87 359.80
523.05 444.95
523.10 437.72
523.72 484.22
524.34 566.98
524.46 323.05
524.62 300.40
524.71 290.09
524.77 464.64
524.80 474.16
524.81 380.16
524.91 299.53
525.02 483.00
525.46 329.77
525.56 488.29
526.03 287.75
526.17 324.22
526.81 46.53
526.88 417.50
526.97 419.01
527.36 449.35
527.64 425.30
527.85 347.10
527.95 309.21
528.58 437.02
529.75 435.18
529.76 446.46
530.63 421.90
530.83 443.64
531.41 317.86
531.97 412.19
532.28 353.26
532.65 418.48
533.23 348.87
533.32 65.19
533.75 314.37
533.86 517.01
534.38 48.71
535.26 299.75
535.29 340.32
535.90 423.47
536.08 466.05
536.48 381.90
536.69 405.32
536.77 361.40
536.92 57.67
536.95 368.58
538.19 440.39
538.21 347.05
539.08 518.14
539.18 381.31
539.48 66.78
540.37 428.51
540.42 59.28
541.03 354.70
541.60 351.40
542.64 382.01
543.43 514.14
543.49 326.95
544.58 515.09
545.38 486.68
545.53 384.74
546.75 352.54
547.55 450.67
547.63 417.01
547.91 400.52
548.36 401.32
548.60 517.66
548.82 415.22
549.36 297.69
549.70 51.94
549.74 352.77
549.81 358.67
550.00 336.54
551.17 56.41
552.67 313.46
552.76 304.45
554.78 292.70
554.83 292.63
556.12 509.76
556.65 415.24
556.93 490.00
557.06 517.62
557.47 403.54
558.13 518.38
558.63 421.29
559.01 334.71
559.74 512.89
560.08 299.85
562.80 522.25
563.05 291.20
564.66 408.83
564.83 484.93
565.22 324.09
565.46 337.69
565.63 337.07
566.27 377.43
566.33 483.39
566.37 487.91
567.62 478.08
567.82 336.73
567.97 339.25
568.38 418.80
569.21 346.58
570.01 451.60
570.01 308.55
570.42 412.36
570.52 300.02
570.54 320.64
571.93 350.01
571.97 50.40
572.11 520.64
572.69 333.35
573.63 521.31
577.01 528.20
577.67 521.75
578.11 513.57
578.53 287.74
579.90 423.97
580.04 417.59
580.63 299.90
581.29 358.34
581.86 352.58
582.49 488.11
583.46 522.57
584.17 391.06
584.30 495.58
585.47 355.67
585.59 341.49
587.00 489.54
587.11 342.25
588.33 482.32
589.51 174.44
589.87 347.87
590.08 386.56
590.38 527.57
590.93 525.99
591.10 305.18
591.97 354.31
592.03 189.62
592.73 404.39
592.84 166.93
593.16 484.58
593.31 322.65
593.66 520.17
594.47 229.08
594.59 362.62
594.86 170.86
595.06 177.68
595.20 491.75
595.36 169.38
595.62 483.22
595.94 260.70
596.40 525.45
596.47 307.14
597.05 212.71
597.06 213.62
597.19 166.97
597.62 221.48
597.86 196.84
597.93 369.70
597.93 201.96
598.02 187.10
598.06 502.84
598.24 200.24
598.79 486.89
598.86 526.14
598.98 375.35
599.49 526.76
599.63 226.86
599.78 379.26
599.84 382.75
599.85 377.62
600.05 462.46
601.03 162.00
601.83 420.29
602.32 187.70
602.68 466.77
602.98 212.73
603.33 223.58
603.48 216.54
603.93 195.62
604.15 500.34
604.18 451.88
604.18 227.31
605.09 217.30
605.39 199.85
605.81 524.89
605.96 163.38
606.14 178.77
606.25 183.25
606.33 230.14
607.02 158.67
607.53 391.54
608.01 212.64
608.11 198.85
608.18 466.74
608.49 500.41
609.20 225.12
609.44 529.41
609.95 260.58
610.20 230.56
610.33 218.70
611.46 261.13
612.48 530.47
612.87 155.50
613.14 191.61
613.46 212.91
613.57 218.07
613.59 172.04
613.88 209.09
614.55 164.92
615.39 531.25
615.58 260.26
615.89 428.27
616.20 422.64
616.93 231.01
617.35 506.51
618.10 215.06
618.18 212.11
618.34 227.03
618.59 207.37
618.73 219.15
618.87 156.75
618.89 208.20
619.20 538.30
619.64 531.05
620.11 259.59
620.14 524.62
620.20 259.45
620.42 176.91
620.63 181.12
621.65 312.36
621.89 202.22
621.99 218.44
622.41 225.95
622.73 207.62
623.17 147.49
623.29 488.36
623.83 534.14
624.22 501.94
624.51 164.33
624.71 532.55
624.72 355.24
625.99 224.02
626.44 211.87
626.96 188.14
627.85 159.84
627.91 199.77
628.20 229.46
628.58 64.78
628.74 175.19
628.76 180.04
629.07 294.08
629.39 150.01
629.75 210.21
629.95 210.75
629.97 212.13
631.15 534.55
631.26 216.49
631.73 533.47
632.09 163.36
632.48 158.84
633.15 165.56
633.30 424.14
633.70 257.64
633.73 176.09
634.02 257.56
634.32 225.43
636.22 163.03
636.97 220.73
637.16 201.65
637.62 158.63
637.73 154.07
637.91 175.01
638.06 213.05
638.12 204.22
638.16 212.93
638.53 223.14
638.89 362.28
639.54 533.76
639.60 345.98
639.65 257.53
639.95 512.31
640.93 199.65
641.56 365.46
641.59 166.92
641.71 341.86
642.34 349.39
642.35 252.22
642.35 374.89
642.75 397.95
642.98 541.39
643.00 179.44
643.54 357.09
644.21 154.09
644.27 174.72
644.70 368.36
644.71 369.53
644.74 157.70
644.96 353.01
645.13 526.04
645.77 331.25
646.20 323.59
647.10 226.25
647.34 506.18
647.65 208.21
648.10 201.95
648.16 220.37
648.59 259.06
648.61 371.18
648.89 148.46
649.07 169.23
649.15 338.19
649.22 177.14
649.36 257.50
649.42 535.78
649.48 173.25
649.97 483.51
650.02 371.87
650.16 536.05
650.76 185.04
652.00 195.91
652.09 500.48
652.25 306.43
652.35 167.13
652.43 339.12
652.45 466.40
652.61 172.48
653.03 74.23
653.11 159.99
653.15 199.38
653.19 489.34
653.30 332.48
653.36 164.76
653.49 67.18
653.75 203.11
653.99 530.89
654.47 378.03
654.74 373.53
654.81 87.83
655.43 155.08
655.62 323.13
655.85 395.13
656.39 159.38
656.91 466.47
657.19 467.21
657.22 435.09
657.30 198.70
657.36 467.49
657.68 77.32
657.95 537.66
657.98 78.62
658.07 537.79
658.20 331.10
658.26 149.10
658.40 490.75
658.86 203.14
659.09 226.35
659.34 220.36
659.40 447.96
659.61 461.37
660.33 156.87
660.39 257.30
660.41 174.13
660.84 76.57
661.11 324.36
661.20 168.95
661.34 355.65
661.59 384.63
661.95 376.43
662.02 356.02
662.53 180.27
662.75 381.18
662.80 345.02
663.00 480.88
663.59 440.39
663.68 356.63
663.88 75.59
664.00 203.45
664.01 198.77
664.14 326.93
664.15 423.00
664.31 493.38
665.16 207.98
665.47 428.07
665.51 157.16
665.91 477.78
666.17 151.44
666.44 538.62
666.53 428.10
666.62 260.96
667.43 529.68
668.23 339.62
668.44 161.58
668.59 197.44
668.89 471.98
669.24 168.31
669.44 421.76
669.56 340.05
669.71 172.82
669.99 148.62
670.00 249.14
670.55 254.28
670.83 300.05
670.87 74.39
670.89 201.52
671.01 283.28
671.03 219.13
671.06 225.13
671.32 146.28
671.58 160.92
671.62 381.45
672.04 73.17
672.54 475.77
672.55 158.90
672.61 507.71
672.74 163.99
673.01 413.12
673.45 155.51
673.49 328.72
674.43 479.26
674.63 195.86
675.18 200.86
675.55 424.36
675.81 375.42
676.03 164.16
676.03 477.84
676.24 160.81
676.65 158.24
676.84 155.59
678.12 539.46
678.72 340.67
678.84 542.05
679.17 421.69
679.29 255.12
679.34 422.33
679.35 261.82
679.38 418.65
679.47 71.89
679.59 71.79
680.30 334.19
680.32 290.11
680.40 198.95
680.46 341.36
680.50 376.28
680.59 371.65
680.59 426.72
681.28 207.29
681.36 347.18
681.76 542.43
681.76 361.08
681.97 191.74
681.99 351.96
682.08 476.88
682.36 216.53
682.76 541.59
682.84 222.69
683.52 450.62
683.72 451.59
683.76 256.84
684.00 398.06
684.04 163.48
684.19 389.76
684.37 260.35
684.49 299.63
684.68 209.91
684.93 250.30
685.73 153.13
686.07 422.83
686.10 154.97
686.56 204.19
686.64 209.42
686.82 392.69
686.93 210.65
686.95 200.48
687.00 368.63
687.34 314.45
687.60 543.72
687.86 346.06
688.10 543.99
688.17 350.32
688.19 222.45
688.45 69.65
688.47 397.69
689.06 252.77
689.61 219.09
691.27 425.94
691.48 203.48
691.67 425.70
691.76 206.40
691.90 211.14
692.06 534.21
692.07 188.97
692.40 219.28
692.45 433.22
692.75 198.32
692.75 199.19
692.92 551.42
693.34 545.60
693.62 544.04
694.01 406.67
694.81 477.78
694.88 247.58
695.07 478.36
695.16 429.65
695.75 437.16
696.49 419.22
696.78 192.93
697.06 218.09
697.16 198.22
697.27 490.69
697.70 66.96
697.84 67.28
697.97 155.82
698.17 391.08
698.33 482.62
698.34 202.48
698.58 214.17
698.60 433.12
698.70 425.90
699.12 313.93
699.35 426.64
699.65 209.97
700.02 164.79
700.04 162.93
700.21 150.27
700.40 152.07
700.86 444.11
700.89 544.48
701.26 187.74
701.64 471.78
702.26 426.40
702.35 216.67
702.55 193.53
702.62 439.23
702.74 155.33
702.78 544.70
702.94 253.11
703.11 435.76
703.36 488.43
703.54 416.60
703.81 66.46
704.08 224.45
704.33 475.06
704.69 482.59
704.70 197.22
705.15 441.99
706.25 512.26
706.33 492.68
706.94 291.53
707.10 455.72
707.25 486.31
707.45 328.08
708.05 159.55
708.37 180.99
708.38 168.44
708.79 444.71
708.91 64.69
708.93 456.20
709.37 197.20
709.47 133.08
709.96 354.07
710.01 191.08
710.48 380.60
710.76 136.17
710.81 211.98
710.94 201.10
711.04 145.23
711.05 605.19
711.09 242.19
711.52 253.16
711.74 216.71
711.80 140.44
712.73 548.45
713.25 449.97
713.77 212.06
713.85 220.79
714.18 248.64
714.53 154.98
715.59 314.34
715.80 210.02
715.88 197.47
715.91 254.86
716.08 471.65
716.48 458.51
716.50 459.24
716.63 465.34
716.90 465.37
717.26 62.65
717.61 519.59
717.84 62.28
717.90 498.17
717.96 597.54
718.11 149.13
718.15 142.08
718.33 191.37
718.42 184.06
718.58 159.82
718.58 457.84
718.75 215.52
718.80 288.55
718.93 579.02
719.22 165.29
719.65 549.80
719.90 220.07
720.11 252.40
720.54 156.64
721.95 155.10
721.95 150.97
722.83 147.33
723.19 550.27
723.47 249.31
723.79 186.24
724.07 215.23
724.31 218.94
724.42 191.51
724.59 245.71
725.22 197.71
725.30 256.74
726.18 156.11
726.29 162.43
726.29 199.76
726.31 152.70
726.62 150.14
726.68 147.35
726.77 550.91
726.82 146.46
728.46 190.78
728.83 251.50
729.64 217.47
729.90 195.86
730.00 57.94
730.81 327.10
731.42 514.88
732.22 188.42
732.89 513.44
733.03 154.70
733.09 197.57
733.96 473.78
734.24 322.76
734.36 489.10
735.88 370.03
736.41 184.10
736.49 187.95
737.04 150.65
737.53 407.72
738.77 353.54
738.79 251.45
738.84 318.89
738.89 520.37
738.91 251.26
739.33 326.75
739.70 347.10
739.93 358.82
740.46 137.53
740.69 187.89
740.77 226.65
740.92 157.82
740.98 340.99
741.85 219.19
741.85 515.55
741.92 333.24
742.32 145.81
742.70 500.83
742.89 56.32
743.01 56.10
743.29 553.61
743.58 329.35
743.76 152.65
744.19 493.45
744.86 199.57
745.52 326.81
745.81 161.05
746.04 369.91
746.07 502.56
746.27 357.45
746.29 149.68
746.39 148.44
746.51 345.20
746.55 352.90
746.98 336.13
747.22 205.06
747.36 151.69
747.59 347.72
747.70 184.01
747.83 207.76
748.03 197.42
748.27 151.82
748.29 364.99
748.56 298.21
748.79 465.58
749.06 250.56
749.27 554.29
749.65 342.16
750.07 344.89
750.27 156.88
750.31 45.22
750.37 371.49
750.39 136.67
750.74 337.99
750.99 142.26
751.61 197.78
752.17 52.98
752.31 53.99
752.40 451.79
752.66 367.44
752.69 148.30
752.78 356.20
753.15 375.36
753.25 333.16
753.34 249.38
754.00 558.46
754.23 292.82
754.48 556.52
755.34 48.01
756.08 243.85
756.12 248.61
756.22 378.83
757.65 324.31
758.03 550.10
758.14 308.37
758.82 291.80
759.02 172.40
759.12 557.20
759.48 147.22
760.72 607.77
760.95 369.96
761.17 381.32
761.62 262.53
761.63 608.32
762.35 314.50
762.43 389.22
762.81 384.50
763.00 556.36
763.03 557.46
763.21 289.50
763.51 488.67
763.71 310.83
764.11 374.88
764.20 375.73
764.48 514.92
764.79 318.95
766.38 395.11
766.62 293.95
767.30 322.73
767.52 311.63
767.74 271.56
768.75 344.85
768.88 314.14
769.01 600.74
769.49 386.13
770.14 368.88
770.23 345.52
770.61 344.69
770.75 376.97
771.69 406.86
771.94 475.56
772.29 380.84
772.60 441.33
773.23 425.22
773.31 456.35
773.58 323.03
773.65 278.07
773.75 288.50
775.26 494.83
776.58 387.23
777.74 392.89
857.86 358.08
859.23 363.41
861.82 407.45
862.07 393.27
862.64 393.61
863.05 381.82
864.44 369.22
868.90 398.15
869.17 368.55
869.76 337.80
870.17 399.67
872.81 369.78
873.03 370.04
873.06 414.95
873.81 395.11
876.55 377.20
878.72 387.63
878.82 388.39
880.20 367.12
884.59 378.69
884.89 316.91
885.01 308.78
889.43 375.37
890.30 311.86
890.71 320.72
892.00 383.75
892.31 383.38
892.35 315.00
892.81 317.02
892.89 382.55
894.48 307.60
894.92 308.08
894.99 308.09
895.06 308.05
896.01 21.15
896.93 27.04
897.94 32.71
898.25 39.70
899.02 131.33
899.08 49.70
899.48 132.13
899.50 131.88
899.58 118.92
899.94 105.01
900.43 105.63
900.49 308.84
900.50 105.67
905.44 381.80
909.04 310.96
917.89 381.23
921.09 289.19
925.78 167.66
930.42 260.18
952.21 100.14
