1 29
5 2396
7 2087
12 243
13 43
14 2349
25 80
36 93
38 170
41 173
46 187
53 214
54 233
68 229
95 1888
98 250
103 252
105 255
106 256
110 257
112 259
114 260
115 257
116 262
117 263
123 265
124 270
126 270
127 268
128 2366
129 271
130 271
132 273
133 2366
137 278
138 276
141 288
143 299
144 281
145 280
146 282
147 267
149 285
151 287
152 291
153 284
154 295
156 301
159 305
160 304
161 307
162 307
163 308
164 309
165 311
166 314
170 322
173 318
177 321
179 339
180 324
182 330
183 329
184 337
185 346
186 335
187 331
188 336
189 327
190 332
191 338
193 340
195 343
197 341
199 345
200 351
201 353
202 348
203 347
210 357
211 360
215 362
216 366
217 359
218 355
219 361
220 363
221 364
223 365
224 363
225 370
226 369
227 371
227 373
228 371
228 373
229 372
230 375
232 379
233 381
234 382
235 380
236 385
239 383
241 384
242 387
243 391
244 393
246 392
248 399
251 397
253 394
254 405
255 401
256 401
257 398
258 407
259 408
260 409
261 395
262 412
263 404
266 414
268 424
269 419
272 420
273 423
275 426
277 415
280 433
281 429
283 437
284 431
285 438
286 447
286 899
287 454
288 430
289 445
290 448
291 436
292 449
293 432
294 453
295 435
296 440
299 446
300 443
301 442
304 450
305 441
308 461
309 452
310 464
311 458
314 455
315 471
316 462
318 475
319 456
320 478
322 481
323 887
325 480
326 465
328 484
329 485
330 474
333 476
334 491
335 504
336 486
338 483
341 507
344 1200
345 505
346 514
347 499
348 489
350 509
352 516
355 527
356 500
360 503
361 546
365 513
366 518
367 508
368 510
369 525
370 517
373 528
374 524
375 548
375 643
376 534
377 530
378 523
379 547
380 531
382 532
384 535
385 536
387 538
388 554
390 565
391 539
392 545
393 552
394 557
396 544
397 543
398 556
400 555
401 542
402 553
403 559
405 576
406 558
407 573
410 572
411 564
412 567
414 560
416 561
419 1339
420 582
421 568
422 570
427 587
428 591
430 588
431 586
435 592
436 594
437 1239
438 589
439 520
442 604
444 478
446 598
449 613
450 597
451 612
452 602
453 606
454 609
455 615
458 605
459 621
462 968
463 608
464 614
465 622
466 619
467 623
468 611
469 616
471 617
472 630
474 629
476 636
478 640
481 647
482 634
483 632
485 635
486 639
487 646
488 1339
489 641
490 648
491 645
492 659
493 656
494 652
495 662
496 651
497 667
498 650
498 651
499 668
500 664
501 665
502 654
503 846
505 657
506 658
508 675
509 669
510 671
511 682
513 676
516 673
518 674
522 690
525 681
527 1157
528 698
529 678
531 683
532 684
534 686
535 696
537 700
538 695
539 703
541 688
543 699
544 692
545 697
546 708
547 702
548 709
550 705
551 706
552 712
553 707
555 497
555 716
556 710
559 713
560 715
566 718
567 720
569 1060
570 730
571 722
572 739
575 725
578 840
579 728
584 736
586 738
588 742
590 740
593 747
594 1015
597 1859
599 743
600 753
602 757
604 751
605 749
606 756
611 759
614 752
615 1138
616 873
618 758
619 772
620 760
621 761
622 764
623 1293
624 769
625 788
626 771
627 777
628 769
632 782
634 779
635 791
637 915
639 783
641 784
642 789
644 796
644 1119
645 797
646 801
647 793
648 2373
649 790
651 795
652 810
656 803
658 805
660 497
662 800
663 807
664 804
665 808
668 820
669 818
670 816
671 824
673 814
676 817
677 823
678 826
680 1374
682 831
684 822
688 832
692 846
693 840
694 838
696 835
699 836
700 845
701 843
703 848
707 850
708 859
709 853
711 849
712 1157
715 849
716 858
717 852
718 855
720 867
722 753
729 873
733 862
735 874
736 863
737 870
740 864
743 861
744 868
745 879
746 876
747 1293
748 445
748 878
749 438
751 880
752 875
754 625
760 882
761 875
762 883
763 895
768 905
769 903
770 890
771 904
773 894
774 896
775 883
778 485
779 908
780 915
781 913
782 883
784 918
786 557
787 38
788 918
790 922
791 910
794 1207
797 923
799 925
801 926
802 932
805 928
807 939
808 931
810 940
810 2133
815 687
816 938
817 941
818 948
820 949
821 943
824 946
825 952
826 956
827 958
828 947
829 962
832 953
834 965
835 954
836 1004
840 968
842 964
843 966
847 971
849 972
851 457
853 977
854 984
855 1174
857 969
858 986
859 981
863 993
865 990
866 989
867 737
869 1001
870 1003
871 998
873 996
875 1016
876 1009
878 1200
879 999
880 1013
881 1015
883 1014
885 1010
886 1021
887 1007
889 1024
891 1011
894 1019
895 1018
896 1017
901 1028
903 1022
904 1026
905 1025
909 1029
911 1034
913 2265
915 1219
916 1701
919 1032
920 1036
922 1038
925 1044
926 1041
927 1046
928 1050
929 1053
932 1045
933 1048
935 1043
937 1054
939 1052
941 1047
944 1060
946 1063
949 1057
950 1066
951 1072
952 1071
954 1172
956 1075
957 1069
960 1082
961 1096
962 1073
963 1076
966 1083
967 1086
968 1077
969 1078
971 2132
974 1095
977 641
980 645
983 1092
984 1105
985 1097
988 1098
991 1100
994 1107
995 1106
996 1109
998 1108
999 1110
1002 1120
1004 1114
1010 1121
1011 1124
1014 1121
1018 1121
1019 497
1020 1126
1021 1127
1022 2174
1023 1122
1024 1123
1026 1131
1030 2267
1032 548
1037 1138
1038 1137
1040 1141
1043 1143
1044 1140
1045 1144
1047 1149
1049 745
1050 1152
1052 1150
1053 1158
1055 1144
1056 1154
1058 1165
1060 2198
1061 1164
1063 1167
1064 1159
1067 1166
1074 1169
1075 1168
1079 1170
1080 1177
1082 986
1083 1174
1084 1173
1085 1180
1088 1194
1092 1182
1094 1186
1095 1183
1096 1185
1098 1188
1101 1190
1102 1001
1104 1195
1108 1198
1112 1201
1114 1205
1115 1208
1118 1207
1119 1210
1121 1206
1122 433
1124 1307
1127 1218
1128 1209
1130 1220
1131 1303
1132 1223
1133 1226
1136 1222
1139 1224
1140 1227
1142 1229
1143 1231
1145 1228
1150 1242
1151 1235
1152 1238
1153 1232
1155 1239
1157 1241
1160 1370
1161 445
1162 1240
1164 1248
1165 1243
1166 1251
1169 1252
1170 1244
1171 1253
1172 1254
1173 1256
1176 1259
1178 1264
1180 1265
1181 1260
1187 1267
1189 1275
1190 1280
1191 1271
1192 1272
1194 1973
1195 1278
1197 1269
1198 1268
1199 1276
1200 1273
1201 1287
1204 1286
1205 1294
1206 1274
1207 1284
1208 1290
1209 1292
1210 1296
1211 1299
1212 1288
1213 1177
1215 1283
1216 1302
1217 1297
1218 915
1218 1303
1221 1306
1223 1307
1224 1305
1226 1301
1228 1309
1229 1195
1230 1310
1231 810
1231 1313
1232 1311
1233 1315
1235 1314
1236 1317
1240 2252
1243 1318
1245 1320
1246 1323
1247 1319
1252 1330
1254 840
1254 1333
1255 995
1257 1328
1258 1326
1261 1216
1261 1813
1263 1337
1264 858
1267 1340
1269 1343
1272 1348
1273 1362
1280 1350
1282 1353
1284 1349
1285 1351
1286 1356
1287 1358
1288 1363
1290 1361
1292 1239
1296 1365
1297 1366
1299 1251
1301 1369
1302 1252
1305 1375
1308 1355
1309 1377
1310 1378
1311 1383
1315 1381
1316 1382
1317 1265
1318 1384
1319 1386
1321 1266
1325 1392
1327 1393
1328 1279
1329 1398
1332 1405
1333 1400
1335 1388
1337 1402
1340 1404
1341 1401
1344 1174
1345 986
1347 1408
1348 1410
1349 1416
1352 1428
1353 1424
1354 1422
1355 1001
1356 995
1358 1195
1359 1411
1363 1425
1364 1012
1365 1429
1367 1435
1368 1428
1371 1432
1373 1438
1375 1439
1379 1441
1381 1446
1382 1443
1384 1216
1385 1448
1386 1450
1387 457
1388 1452
1389 1219
1390 1448
1391 1121
1392 1455
1393 1456
1398 1461
1401 1465
1402 1466
1404 1464
1406 1467
1407 1467
1408 1469
1410 1472
1411 1468
1412 1470
1413 1471
1414 1475
1416 1473
1417 1477
1418 1479
1420 1480
1422 1475
1424 1483
1425 1482
1426 1486
1427 1484
1428 1488
1430 1489
1431 1494
1432 1492
1435 1495
1437 1496
1439 1501
1440 1503
1442 1500
1443 1502
1443 1506
1444 1513
1445 1505
1447 1508
1448 1512
1449 1511
1452 1514
1455 1520
1457 1521
1459 1524
1461 1525
1462 1530
1464 1534
1465 1532
1466 1537
1467 1538
1468 1536
1469 1537
1470 1539
1471 1540
1478 315
1482 1546
1483 1549
1486 1553
1489 1548
1491 1555
1492 1554
1497 1556
1501 1567
1503 1560
1504 1564
1505 1568
1506 1567
1508 1574
1509 1569
1510 1572
1511 1559
1511 1567
1512 1601
1513 1573
1514 1575
1516 1576
1517 1578
1518 1602
1519 1577
1520 1580
1521 1582
1522 1581
1523 346
1524 748
1525 1585
1526 1584
1527 1583
1528 1587
1529 1586
1530 1589
1534 1594
1535 1593
1536 1591
1537 1595
1538 1596
1540 1599
1543 1604
1546 1608
1547 1606
1548 1611
1549 1610
1550 1610
1551 1612
1552 1614
1553 1616
1554 1615
1558 1619
1559 1620
1562 1623
1564 1624
1566 1625
1568 1630
1569 1629
1570 1631
1581 1643
1582 1642
1583 1641
1585 1644
1586 1645
1588 1647
1590 1652
1591 1653
1594 1657
1595 1658
1596 1662
1597 1660
1598 1665
1601 1687
1603 1723
1604 1670
1605 1672
1606 1673
1607 1672
1608 1674
1609 1676
1611 1678
1612 1681
1614 1682
1617 1684
1618 1691
1620 1688
1622 1686
1623 1690
1624 1692
1625 1695
1626 1700
1627 1697
1629 1701
1630 1702
1631 1703
1632 1707
1633 1709
1634 1706
1635 1708
1637 1710
1638 1711
1640 1715
1642 1717
1646 1729
1647 1724
1649 1730
1650 548
1650 1875
1651 1736
1654 1750
1657 1752
1658 1737
1661 1743
1665 1741
1666 1742
1667 1750
1668 1745
1670 1755
1671 1756
1672 1751
1673 1753
1674 1760
1675 1739
1676 1754
1678 1761
1680 1763
1682 1762
1683 1757
1684 1764
1687 1769
1689 1772
1690 1775
1691 1778
1692 1303
1694 2109
1695 1759
1696 1779
1697 1650
1698 1777
1702 1785
1703 1786
1705 1788
1709 1789
1711 1797
1713 858
1717 1803
1718 2121
1719 1808
1720 2021
1721 2084
1723 1812
1724 1809
1727 1814
1730 1835
1731 2215
1733 1823
1734 2103
1735 2102
1738 1818
1740 1828
1742 1829
1743 1830
1747 2024
1749 1831
1753 1838
1756 1846
1762 1850
1763 1852
1764 1858
1766 1860
1767 1866
1768 1865
1768 2169
1769 1861
1771 1994
1772 1750
1772 1875
1773 1882
1774 1879
1776 1881
1778 1883
1779 1867
1780 1884
1781 1876
1782 1885
1785 1889
1787 1958
1788 1837
1789 1890
1791 1750
1791 1960
1792 1892
1793 1783
1794 1896
1795 1893
1796 1895
1798 1905
1799 1781
1801 1904
1802 1802
1804 1906
1805 1734
1806 1910
1809 2071
1811 1917
1815 1976
1817 1920
1819 1944
1820 1925
1822 1922
1823 1924
1824 1927
1825 1928
1826 1827
1827 1919
1828 1932
1829 1931
1831 1944
1832 1935
1834 1940
1835 1947
1838 1945
1841 1934
1846 1941
1848 1960
1849 1957
1850 1963
1852 1967
1853 1956
1854 1965
1855 1961
1856 1971
1857 1848
1860 1966
1862 1808
1863 1980
1864 1979
1867 1983
1869 1984
1870 1987
1871 1988
1872 1992
1873 1993
1875 1991
1877 1985
1878 1990
1879 1994
1880 1998
1883 1781
1883 2005
1885 35
1889 667
1890 2009
1891 1860
1892 2023
1894 2012
1897 2016
1898 2015
1900 1848
1901 2013
1903 2024
1904 2022
1906 2031
1908 2030
1909 2206
1910 2032
1911 2032
1912 2035
1913 2037
1915 2029
1916 2040
1916 2043
1919 1723
1922 2059
1923 2043
1926 2057
1927 2052
1928 2050
1931 2061
1936 2063
1937 2066
1938 2047
1939 1783
1941 2196
1942 2044
1944 2054
1946 2071
1947 2067
1948 2070
1949 2062
1953 2078
1955 2082
1957 2077
1960 2090
1961 2073
1962 2083
1963 1810
1964 2089
1965 2085
1966 2086
1967 2087
1968 1813
1969 2092
1970 2098
1972 2093
1974 1817
1975 2098
1977 2102
1978 2103
1979 2099
1980 2094
1983 2104
1984 2110
1985 2106
1987 2124
1988 2108
1990 2111
1992 2121
1994 2115
1995 2116
2000 2120
2002 2114
2005 2301
2007 2127
2008 2133
2009 2119
2010 2136
2011 2135
2012 2134
2015 2145
2016 2137
2017 2139
2018 2141
2020 2146
2021 2138
2024 2245
2028 2143
2029 2149
2030 2155
2031 2157
2032 2151
2033 2161
2034 2159
2036 2156
2037 1858
2040 2158
2041 2167
2042 2267
2043 2166
2044 2160
2045 2030
2046 2030
2047 2171
2048 1865
2048 2169
2051 2154
2053 2174
2054 1837
2054 2179
2057 2184
2062 2272
2063 2181
2064 2177
2066 2172
2067 2192
2069 2191
2072 2183
2073 2186
2075 2187
2076 2195
2079 663
2080 2199
2081 2200
2084 2024
2085 1248
2087 2206
2088 2209
2091 1951
2092 2213
2093 2204
2094 2215
2096 2217
2097 2220
2100 1994
2101 2230
2102 2233
2103 2232
2104 2239
2105 2238
2106 2225
2107 2236
2108 2234
2111 2228
2112 2227
2114 2240
2115 2235
2116 2246
2117 2250
2118 2248
2120 2237
2122 2242
2123 2252
2125 2241
2129 2251
2130 2259
2131 2258
2132 2254
2133 2257
2135 2265
2137 2264
2140 2262
2141 2269
2143 2271
2144 2275
2146 2260
2147 2263
2148 2274
2150 2270
2152 2282
2153 2278
2154 2284
2155 2286
2158 1381
2160 2292
2162 2287
2163 2290
2164 2281
2165 2288
2166 2276
2167 2289
2168 2285
2169 2267
2170 2299
2175 2298
2176 2300
2178 2090
2178 2308
2179 2303
2181 2297
2182 2306
2188 2305
2191 2307
2192 2316
2194 2319
2195 687
2195 2314
2196 2164
2197 2313
2201 2324
2204 2328
2207 2322
2209 2326
2210 2333
2211 2332
2212 2335
2213 2347
2214 2338
2215 2347
2216 2348
2217 2334
2218 2336
2219 2331
2220 2339
2221 268
2222 2342
2223 2341
2224 2343
2225 2337
2226 2366
2227 595
2228 2346
2229 2345
2230 2352
2231 2350
2232 2354
2233 2351
2234 2350
2235 2344
2236 2356
2238 2357
2239 2359
2240 2355
2242 2360
2243 2362
2246 2366
2251 1049
2253 2377
2259 2380
2265 1436
2276 2320
2277 734
2293 2259
2304 1044
