    0    11
    1  9531
    9 18736
   11 27365
   28   768
   31  7861
   51  5284
  195  6671
  433   630
  443  3068
  540  9614
  542  3448
  919  6140
  954    60
  985    40
  987 10508
  988    33
  989    32
  992   144
  999    36
 1026  4886
 1030    61
 1049    71
 1050    61
 1051    76
 1053    72
 1064  4506
 1076   550
 1098   125
 1100   107
 1104   142
 1119   143
 1123 13407
 1125   140
 1130   155
 1141   254
 1142   170
 1145   176
 1146   278
 1147   254
 1164   208
 1165  6093
 1174   198
 1179   229
 1192   242
 1198   237
 1211   247
 1212   334
 1220   266
 1223   347
 1227   277
 1238   296
 1248   301
 1252   327
 1255   273
 1267   327
 1276   390
 1282   297
 1286   283
 1287   328
 1292   306
 1296   310
 1311   313
 1318   323
 1336   381
 1340   354
 1344   364
 1345 19491
 1406  5309
 1409 18926
 1419   421
 1423   443
 1424   462
 1458   488
 1462   454
 1469   464
 1471   503
 1472   473
 1473   506
 1475   509
 1479   469
 1482   481
 1498  1341
 1499   532
 1507   550
 1509   526
 1512   522
 1516   492
 1521   500
 1522   487
 1532   548
 1535   516
 1537   518
 1538   553
 1539   553
 1540   523
 1541   501
 1544   510
 1546   563
 1567 16306
 1575   585
 1580   599
 1582   604
 1585  6705
 1588   589
 1594   710
 1612   730
 1614   731
 1624   643
 1641   664
 1643  3134
 1649   699
 1653   688
 1674   759
 1678   732
 1680   733
 1687 22284
 1707   503
 1710   800
 1713   766
 1723   777
 1736   778
 1771   615
 1773   617
 1792   636
 1794   634
 1800   628
 1802   982
 1817   678
 1822 17752
 1826  9731
 1832  7786
 1865   723
 1876   887
 1884   741
 1889   285
 1891 10083
 1904   740
 1915 10009
 1922   749
 1923   752
 1929   754
 1934  9921
 1961  1209
 1966   818
 1973   787
 1977   797
 1989   807
 2004  8361
 2011  1251
 2070  1033
 2079  1028
 2080 10104
 2094   865
 2097  1037
 2107  1059
 2108  9635
 2112  1079
 2116  1073
 2127  1069
 2128  1044
 2131   854
 2141   889
 2142  1080
 2146   873
 2150  1088
 2152   908
 2156  1153
 2158  1106
 2159 19432
 2165  1151
 2173  1158
 2176  1124
 2178   907
 2196   923
 2197  1137
 2202   948
 2204  1161
 2207   947
 2212  1146
 2221  1178
 2237   952
 2245   942
 2260  1213
 2279  1143
 2315  1236
 2319  1247
 2336  1095
 2340  1285
 2358  1097
 2361  1108
 2370  1305
 2371  1309
 2384  1136
 2395  1435
 2409  8944
 2421  1339
 2426  1335
 2445  1352
 2453  1358
 2455  1366
 2456  1359
 2462  1371
 2463  1220
 2465  1375
 2466  1371
 2468  1372
 2474  1530
 2477 10035
 2479  1383
 2485  1210
 2498  9926
 2504  1224
 2511  1254
 2512  1231
 2513  1414
 2533  1408
 2534  1250
 2535 10117
 2540  1432
 2553  1584
 2574  1287
 2577  1294
 2578  1441
 2601  1474
 2605  1350
 2608 10065
 2612  1643
 2620  1489
 2630  1510
 2633  1503
 2635     5
 2636 10089
 2648  1540
 2650  1529
 2651 22975
 2664   285
 2676  1558
 2696  1591
 2700  1598
 2704  1603
 2707  1599
 2708  1604
 2710  1538
 2712  1611
 2715  1610
 2727  1607
 2728  1472
 2732  1494
 2733  1631
 2740  1634
 2745 10413
 2746  1500
 2752  1654
 2756  1659
 2765  1533
 2771  1516
 2790  4414
 2792  1552
 2806  1726
 2812  1635
 2840  1614
 2848  1754
 2855  1755
 2860 26196
 2863  1626
 2867  1771
 2884  1779
 2915  1681
 2941  1694
 2945  1716
 2947  1823
 2956  1842
 3008  1765
 3011  1753
 3013  1876
 3017  1886
 3022  1891
 3024  1773
 3026  1774
 3027  1772
 3034  1904
 3036  1916
 3043  2129
 3049  1814
 3067  1945
 3072  1950
 3088  9510
 3104  1977
 3125  2018
 3128  1884
 3142  1896
 3143  2020
 3144  2028
 3149  2041
 3155  2036
 3158  2054
 3164  1907
 3165 25252
 3170  2063
 3174  2077
 3178  2075
 3180  2078
 3187  1929
 3191  1949
 3197  2092
 3201  2095
 3206  2108
 3216   728
 3218  1990
 3224  2124
 3225 17653
 3226  1973
 3227  2118
 3237  2121
 3238  2183
 3243  1982
 3249  1987
 3252  2136
 3253  2132
 3259  2141
 3263  2143
 3269  2141
 3283  2037
 3285  2163
 3287  2172
 3289  2176
 3297  2177
 3314  2043
 3320  2076
 3323  2213
 3329  2205
 3330  2061
 3346  2228
 3349  2226
 3353  2241
 3357  2251
 3366  2247
 3383  2112
 3397  2145
 3401  2274
 3409  6842
 3413  2300
 3418  8935
 3421 25806
 3424  2318
 3427  2313
 3428  2780
 3431  2316
 3440  2331
 3451  2339
 3459  2353
 3470  2358
 3471  2204
 3476  2365
 3478  2210
 3486  2374
 3497  2381
 3506  2398
 3523  2423
 3527 22292
 3541  2437
 3548  2445
 3552  2446
 3557  2454
 3558  2309
 3559  2465
 3561  2307
 3566  2308
 3579  2495
 3583  2487
 3584  2498
 3590  2338
 3592  2504
 3608  2521
 3616  2533
 3619  7810
 3622  2540
 3634  2546
 3637  7930
 3656  2571
 3657  2163
 3683  2595
 3690  2614
 3704  2625
 3706  2631
 3716  2645
 3720  2640
 3726  2652
 3729  2655
 3746  2681
 3753  2510
 3759  2497
 3760  2690
 3769  2522
 3773  2689
 3797  2550
 3813  2731
 3823  2738
 3831  2611
 3833  2742
 3841  2757
 3843  2624
 3851  2626
 3858  2770
 3872  2783
 3880  2785
 3893  2798
 3896  2808
 3904  2811
 3907  2822
 3912  2816
 3913  2823
 3917  2842
 3925 19334
 3932  2846
 3937  2852
 3945 11344
 3951  2854
 3955  2716
 3958  2867
 3997  2912
 3998  2927
 4007  2925
 4015  2930
 4016  2932
 4031  2949
 4036  2995
 4041  2951
 4058 16543
 4061  2954
 4068   982
 4084  3149
 4092  3134
 4097   846
 4103  3008
 4125  3034
 4131  3472
 4132  3036
 4152  3169
 4154  3106
 4167  3083
 4174  3094
 4176   846
 4181  3123
 4185  3110
 4195  3119
 4221  3143
 4259 13955
 4276  3025
 4281  3733
 4288  3040
 4289  3253
 4304  3268
 4306  3278
 4307  1190
 4328  3231
 4342  3309
 4391  9721
 4409  3202
 4425  3250
 4436  4034
 4439  4040
 4443  3305
 4444  4152
 4447  4041
 4454  4053
 4465  4063
 4473  4062
 4481  1650
 4491  4079
 4518  3396
 4531  4112
 4540  3472
 4549  3465
 4550  3473
 4553  4214
 4565  4181
 4580  3928
 4605  3944
 4627  4217
 4631  9245
 4632  4221
 4640  4227
 4643  4230
 4644  4247
 4647  4243
 4677  3627
 4680  4260
 4687  4271
 4706  4337
 4761  4398
 4778  4427
 4782  8187
 4785  4423
 4804  4347
 4809  4463
 4810  7863
 4820  9737
 4822  4373
 4832  4494
 4839  4506
 4840  4485
 4854  4581
 4869  4446
 4876  4985
 4878  4449
 4901  4521
 4907  4522
 4912  4636
 4931  4587
 4943  4791
 4952 26389
 4954  4646
 4957  4646
 4961  4650
 4969  4861
 4996  4838
 5017  4909
 5023  4754
 5032  4765
 5053  4960
 5061  8085
 5116 10723
 5131  5009
 5134  4989
 5142  4989
 5164  5061
 5167  5053
 5174  5050
 5198  5275
 5204  5097
 5214  5121
 5221  5045
 5235  5098
 5244  5141
 5259  5168
 5263  5161
 5264  5194
 5266  5180
 5272  5188
 5280  5189
 5283  7120
 5294  5184
 5296  5214
 5301  5205
 5310  5222
 5312  5337
 5357  5265
 5358  5220
 5371  5281
 5392  5316
 5420  5396
 5432  5319
 5473  5384
 5475  5358
 5477  1829
 5480  5385
 5482  5386
 5490 27391
 5503  5430
 5504  5474
 5507  5444
 5513  5461
 5517  5519
 5520  5502
 5525  5510
 5527  5518
 5529  1282
 5533  5465
 5535  5522
 5545 18659
 5547  5545
 5559  5539
 5562  5495
 5572  5549
 5574  9178
 5580  5251
 5583  5542
 5597  5590
 5607  5531
 5624  5555
 5625  5562
 5629  5579
 5630  5563
 5634  5387
 5638  5583
 5639  5567
 5643  5577
 5645  5405
 5652  5574
 5658 23860
 5660  5587
 5663  5607
 5664  5600
 5666  5605
 5677  5681
 5681  2744
 5686  5630
 5699  5701
 5705  5736
 5707  5713
 5718  5652
 5735  5678
 5737  5592
 5739  5745
 5740  5717
 5742  5746
 5756  5611
 5765  5781
 5774  5755
 5777  5744
 5784  5797
 5788  5798
 5790  5763
 5804  5804
 5827  5769
 5845  5778
 5852  5708
 5856  5817
 5860  5862
 5869  5868
 5871  5799
 5887  6248
 5888  5808
 5890  5890
 5905  5787
 5908  5863
 5918  5982
 5933  5979
 5966 27006
 5969  6066
 5980  6085
 5989  7514
 5995  6091
 6023  6201
 6030  6541
 6032  6143
 6039  6153
 6040  6154
 6043  5971
 6048  6227
 6049  6073
 6055  6612
 6056  6541
 6064   838
 6065  6606
 6068  2252
 6069 17954
 6074  6227
 6076  6367
 6079  6630
 6084  6612
 6102  6249
 6109  6191
 6119  7590
 6122  6688
 6133  6737
 6137  6321
 6138  3854
 6140  6089
 6144  6321
 6149  6298
 6153  6191
 6160  6335
 6169  6345
 6171  3854
 6198  6416
 6228  6141
 6247  4874
 6259  6844
 6262 21434
 6269  3765
 6271  7025
 6297  6533
 6304  7044
 6306  7039
 6325  7041
 6339  6450
 6351  6339
 6357 10736
 6377  6491
 6378  6488
 6385  6218
 6406  6503
 6409  6426
 6419  6729
 6424  6729
 6431  7032
 6441  6514
 6450  7276
 6452  6795
 6459  4985
 6493  6868
 6509 23841
 6519  6931
 6527  6958
 6534  6710
 6542  6201
 6543  6980
 6546  6907
 6550  6726
 6551  6726
 6554  6975
 6555  6999
 6558  6994
 6574  7459
 6579  1163
 6599  6907
 6605  7485
 6610  6813
 6639  7079
 6645  2544
 6650  7097
 6651  7482
 6657  6959
 6659  7228
 6664  6963
 6690  7357
 6693  7002
 6694  7114
 6707  7241
 6719  6907
 6722  7190
 6738  7255
 6748  7241
 6751  7246
 6756  4376
 6759  7188
 6761  6955
 6769  7084
 6770 17908
 6773 16127
 6787  7230
 6794  7082
 6801  6968
 6806  7329
 6812  7355
 6818  7158
 6833 15973
 6835 17117
 6836  7155
 6837  7156
 6853  7257
 6854  7901
 6857  7376
 6864   238
 6880  7862
 6890  7129
 6893  7090
 6894  7088
 6903  7490
 6905  7138
 6906  7370
 6913  1023
 6922  7263
 6931  7252
 6940  7513
 6967  7587
 6970  7490
 6974  7419
 6976  7419
 6983 19950
 7019  8136
 7020  7573
 7034  7369
 7041  7504
 7050  7505
 7067  7566
 7070  7511
 7078  7832
 7093  7510
 7097  7595
 7098  7607
 7102 15673
 7105  7509
 7109  5221
 7110  7493
 7111  7537
 7121  7662
 7124  7633
 7128  7649
 7146  7551
 7150  7807
 7169  7871
 7178  9220
 7205  7612
 7209  7650
 7232  7916
 7254  7679
 7256  7841
 7257  7972
 7263  7848
 7290  8009
 7296  7963
 7299  8016
 7300  7930
 7304  7900
 7311  7969
 7320  8042
 7321 12713
 7328  7958
 7340 15973
 7341  8066
 7348  8220
 7357 14047
 7364  8057
 7378  7973
 7384  8102
 7389  7850
 7392  7863
 7401  7877
 7410  8026
 7413  8095
 7414  8034
 7427  8196
 7430  8131
 7451  8117
 7452  8150
 7456  8287
 7459  8160
 7469  8321
 7472  8079
 7473  8158
 7480  8167
 7488  8175
 7497  8319
 7510  8308
 7522  8287
 7532  8312
 7539  8405
 7541  8063
 7553  8455
 7556  8344
 7563  8382
 7564  8353
 7566  8341
 7577  9198
 7594  8327
 7598  8455
 7599  8387
 7601  8557
 7616  8456
 7619  8337
 7621  8440
 7628  8328
 7630  8456
 7636  8496
 7638  8529
 7645  8529
 7651 12715
 7665  8592
 7683  8596
 7686  7892
 7694  8595
 7704  8580
 7707  8494
 7709  8640
 7724  8549
 7727 17536
 7732  8569
 7740  8588
 7782  8565
 7795  8581
 7810  8706
 7817  8724
 7820  8724
 7821  8725
 7839 10027
 7847  8768
 7848  8774
 7852  8743
 7862  8789
 7865  8809
 7868  8802
 7870  6095
 7882  8665
 7891  8825
 7899  8838
 7907  8536
 7916  8832
 7918  8778
 7922  8844
 7923  8745
 7926  8865
 7931  8864
 7932  8701
 7941  8705
 7942  1156
 7948  8880
 7964  8776
 7971  8902
 7972  8911
 7973  8913
 7979  8763
 7983  8936
 7993 25625
 7999  8967
 8003  8823
 8034  9006
 8036  8976
 8046 17938
 8047  8646
 8049  9029
 8066  9024
 8079  8909
 8090  9075
 8109  9092
 8112  8947
 8129  8955
 8141  9119
 8157  9155
 8161  9136
 8167  9159
 8170  9153
 8175  9142
 8210  9128
 8220  9049
 8230  4719
 8240  9284
 8283  9316
 8287  9289
 8289  9007
 8294  9133
 8298  9164
 8311  9053
 8313 10027
 8324  9238
 8342  9213
 8352  9247
 8357  9242
 8362  9191
 8363  3266
 8364  9180
 8377  9055
 8378  9292
 8393  9282
 8402  9283
 8434  5122
 8447 12952
 8469  9387
 8476  5122
 8478 19891
 8489  2557
 8503  9178
 8505  9479
 8509  9170
 8512  9181
 8518  9146
 8521  9047
 8542  9528
 8544  3868
 8566  3868
 8567  9291
 8572  9520
 8575  9286
 8576  9557
 8594 24208
 8607  9559
 8611  9531
 8618  3652
 8640 17550
 8649  9421
 8657  9405
 8658  7255
 8659  5373
 8660  9600
 8666  5664
 8677  9437
 8691  9573
 8698  9648
 8709  9645
 8720  9426
 8735  9464
 8739  9455
 8742  9663
 8743  9665
 8746  9649
 8758  9582
 8763  9669
 8774  8239
 8775  9481
 8776  9476
 8783  9691
 8785  9683
 8825  9635
 8828  9497
 8834  9687
 8836  3526
 8870  9741
 8874  9759
 8877  9510
 8881  9751
 8912  5664
 8916  9765
 8924  9782
 8929  9788
 8938  9673
 8957 18482
 8958 12016
 8966  9713
 8986  9790
 9010  7241
 9019  9824
 9024  9851
 9028  9848
 9032  9852
 9041  3086
 9044  9892
 9083  9893
 9091  9881
 9094  9920
 9114 10175
 9131  9900
 9138 12103
 9142  9868
 9154  9559
 9162 15197
 9186 10015
 9195  9855
 9214 10068
 9217 10636
 9232  9947
 9237 10054
 9250  9964
 9261  8727
 9262  9944
 9265  9997
 9275  9914
 9285 10046
 9287  9871
 9290  9991
 9291  8720
 9291  9992
 9297  9914
 9307 27171
 9313 10047
 9314  9871
 9318  9941
 9324 10175
 9326 10059
 9332 10086
 9337 10117
 9339 10196
 9340  9870
 9345 10107
 9347  9873
 9353 10129
 9366 10143
 9368 10160
 9371 14625
 9372 10188
 9376  9910
 9378  9912
 9380  9873
 9388 10174
 9391 19805
 9393 10186
 9395 10090
 9398 10215
 9400  9903
 9403 10249
 9412 10249
 9414 10144
 9415 10227
 9417 10193
 9422  9949
 9425  9962
 9427 10256
 9428  9903
 9438 10202
 9439 10002
 9446 10239
 9454  9911
 9459 10225
 9460 10252
 9461  9949
 9463  9963
 9471 10244
 9477 10264
 9487 10197
 9493 10027
 9495 10277
 9505 10137
 9506  9547
 9515 10290
 9518 27366
 9522 10063
 9530 10319
 9556  9531
 9560 10325
 9586 10365
 9588 10365
 9604 10391
 9622 10408
 9630    11
 9632 10446
 9654 10479
 9658 10456
 9670 10413
 9673 10465
 9674 10419
 9687 10531
 9699 10563
 9701 10549
 9706 10638
 9709 10663
 9719 10614
 9730 10666
 9741 10664
 9742 10677
 9743 10666
 9744 13905
 9747 10582
 9752 10660
 9755 10672
 9767 10699
 9771 10704
 9778 10740
 9779 10724
 9788 10763
 9789 10762
 9792 10771
 9803 10708
 9809 10793
 9815 23322
 9817  5155
 9830 10830
 9833 10779
 9835 10848
 9841 10865
 9843  5230
 9856 10902
 9865 10895
 9866 10897
 9868 10910
 9870 10972
 9879 10938
 9881 10825
 9882 10962
 9890 10948
 9891 11008
 9895 10988
 9902 10986
 9919 11018
 9923  7209
 9928 10881
10004 14944
10008 11289
10044 11250
10052 11256
10068 11325
10081 11375
10128 11434
10163 11628
10171 11325
10173 11505
10174 11194
10247 11620
10278 21171
10299 11318
10316 11378
10332  7082
10341 11745
10388 11867
10445 11470
10544 11678
10620 11779
10676 25987
10753 25504
10775 12676
11010 11903
11091  9117
11220 20742
11412 12963
11678 13684
11686 23247
11717 20218
11722   674
11789 23320
11802 17958
11840 23372
11887 13614
11938 23530
11949 26458
11975 23509
11983  5973
12004 20678
12009 23509
12101  9245
12119 11084
12295 13038
12296 17845
12343  8096
12371  6464
12396  9245
12404  6444
12405  6444
12410   306
12442 24402
12457 24394
12491  9814
12593 24485
12629  8315
12652  8315
12677  8325
12781 23997
12928 16029
13035 20207
13037 25267
13191 20973
13197 11138
13225  8076
13519 12562
13520  9205
13553 15210
13641  9629
13709 19998
13718  8820
13749 20143
13750   830
13757 20190
13819 18915
13847 20800
13860  5916
14138  1177
14226   666
14229 10085
14241  3559
14264 16546
14313   483
14382 22978
14412  6672
14466 25129
14560  9143
14829  5875
14988 25578
15015 25751
15021 18324
15070 17117
15100 15141
15112 25887
15219 20218
15227  7784
15257 26058
15310 23247
15404 26281
15422 26304
15513  8937
15692 25198
15712 24342
16063 26529
16105 24119
16109 18553
16119 11495
16125 27352
16303 23705
16486 25881
16644 20846
17141 24937
17340 24327
17765  3949
17790 11751
17881 23128
18236 18795
18380 21797
18406  3131
18454  9621
18546 10648
18828 23486
18983   719
19064 26072
19248 25444
19252 26905
19275  7562
19320 19081
19457  1325
19750 20820
19794   209
19878 23116
19945  4676
20170 21226
20306  3937
20308 19597
20535 13184
20545 17851
20558 17851
20669  7082
20739   872
20817 17958
20862 10212
20865  9528
20872 11517
20908 23187
21021 19266
21165    12
21489  8696
21531 22950
21577 10144
21649  2023
21757 24989
21811  6965
21902 19035
21984 19578
22073  5096
22156 20982
22271 19260
22314 26552
22345 17607
22454 19380
22500  9198
22516 18324
22565 18460
22748 26412
22790 26512
22922 11935
23011 13482
23051 18538
23087   715
23126  3944
23139 26937
23180 18297
23284  7118
23316  4733
23393 12588
23419   340
23426   340
23451 25185
23547 26640
23678 20196
23689  5880
23720 23410
23738 22874
23886  9242
23961 17400
23996  4715
24048  6100
24074  9113
24122 25945
24127  5831
24157 26590
24228 23433
24317 21548
24341  4991
24369 22177
24380 10152
24381 24935
24418 22089
24704 22097
24732 19650
24814 14690
25035  5664
25052   478
25059 17689
25143   939
25267 20976
25285  6094
25381 13894
25406 16386
25424  9528
25513 24005
25626  7118
25796  8746
25815 23957
25884   200
25918 17385
25968  8694
26019 23238
26020  1202
26098 27104
26151 12971
26310  6748
26367 20965
26434 20473
26441 11608
26490 20037
26555  6442
26577  8694
26724 12588
26782   340
26785 12588
26803 27048
27020 19120
27080  4653
27151  7197
27183   335
27341 10601
27356   686
27447 21667
27535 25237
27583 22970
27609 16394
27616 26620
27726 13767
27757   286
27758  7082
27766  1954
28012 18119
28060 15538
28100 10743
28117  7355
28203 13104
28207 17891
28274 27245
