    1     3
    3 12031
    8    24
   18 12467
   22 12031
  103 17610
  105   724
  207  7355
  272  3776
  426 15376
  476  6224
  527 10586
  563  2594
  719  6564
  746  7859
  760  3688
  810  9890
  845  2391
  866 17729
  997 10974
 1048 17595
 1061 13059
 1068  2475
 1076  2705
 1198  8048
 1247  5253
 1339  2572
 1359  2806
 1361  3923
 1368   476
 1377  8229
 1507  2705
 1531  9595
 1579  7177
 1638  2991
 1681  6000
 1721    21
 1809 16753
 1822 11690
 1903 17846
 1945  6218
 1993  7161
 2076  3306
 2097  4548
 2139  1864
 2176  3840
 2253 15266
 2256  5528
 2313 13429
 2351  2645
 2383 11644
 2384 11269
 2441  6204
 2455  2865
 2580  2935
 2605  2716
 2704  6967
 2727  2949
 2731  2761
 2771  2754
 2812  2896
 2821  2995
 2926  2757
 2943  3036
 3002  5040
 3008  2854
 3022  3080
 3036  3076
 3124  3076
 3149  3135
 3192  2956
 3292 11605
 3304  2969
 3378  3178
 3397  3028
 3398 15000
 3438 13646
 3455  8878
 3471  3033
 3502  3251
 3566  3066
 3579  3267
 3586  3077
 3590  3070
 3622  3275
 3656  3264
 3753  3117
 3769  3125
 3829   210
 3831  3153
 3955  3195
 4036  3399
 4151 13285
 4161  7890
 4171  3202
 4176  4328
 4250  3438
 4260  3447
 4360  6320
 4391  3280
 4409  3334
 4419  2829
 4458  2935
 4466  4282
 4471  2340
 4488  1620
 4492  5169
 4514  3325
 4518  3326
 4607  2991
 4633  8077
 4657 14390
 4804  4260
 4810  1141
 4827 13131
 4916  4291
 4919 12412
 4920 12412
 4936 12773
 4943  4796
 4954  4316
 4957  4316
 4961  4317
 4972  4321
 4983  4338
 5004  4825
 5010  4352
 5016  1869
 5023  4355
 5032  4354
 5034  4357
 5059  4368
 5068  5471
 5097 11223
 5132  4884
 5139  4895
 5153  4875
 5167  4920
 5201 11339
 5204  8387
 5219  2606
 5236  1910
 5256  3395
 5301  4719
 5325  4745
 5385   280
 5413  3550
 5426  2549
 5431 12489
 5444  7572
 5456 15669
 5509  4958
 5527   786
 5545   806
 5553  4984
 5631  5025
 5636  5026
 5642  4976
 5654  5035
 5664  2703
 5677  5057
 5699  5068
 5707  5073
 5711 12252
 5722  5104
 5739  5102
 5741  5301
 5742  5101
 5744   148
 5752  5117
 5756  5063
 5765  5126
 5785  5172
 5788  5210
 5797  5362
 5807  5370
 5809  5376
 5810  5400
 5825  5394
 5835  5417
 5845  5347
 5847  2771
 5852  5151
 5869  9387
 5889 13014
 5905  5225
 5932 14159
 5944  5365
 5995  5858
 6023  5861
 6026  4790
 6086   677
 6111  1029
 6140  5509
 6141  5949
 6149  5955
 6182  5678
 6186  6522
 6198  6122
 6226 11185
 6242  6615
 6301  7148
 6334  8671
 6363 13085
 6370  1994
 6463  6452
 6483  1279
 6506 10872
 6514  6807
 6542  6284
 6546  6944
 6569  5113
 6574  5595
 6587  4085
 6594  6332
 6599  6944
 6600   342
 6608  5791
 6612  6964
 6626  6356
 6639  6740
 6645  1623
 6653  2824
 6659  6546
 6671  6398
 6702  6771
 6714  6167
 6733  6452
 6738  6543
 6745  6570
 6748  6535
 6753  6818
 6761  5950
 6776  6557
 6779  6570
 6796 12036
 6853  6300
 6864  4717
 6901   963
 6905  6070
 6906  6547
 6946 11557
 6949  1755
 6970  6403
 6974  6446
 6976  6446
 6981  6461
 7062 13666
 7089 13608
 7115  8387
 7146 10990
 7150  7126
 7177  8305
 7178  6299
 7282  5869
 7317  7419
 7317 11433
 7376  7160
 7401  6585
 7403  5653
 7420 15139
 7446  6662
 7448  6516
 7456  7420
 7491  7302
 7580  1482
 7616  6024
 7622  6243
 7645  6184
 7686  5321
 7809  7349
 7834 17944
 7852 13340
 7862  7232
 7873 12155
 7881  7485
 7899  7412
 7929 18329
 7931  7346
 7943 15139
 7948  7282
 7963  1123
 7975  7317
 7981  7600
 7983  7336
 7985  8973
 7999  7355
 8021  7368
 8027 12323
 8044  7650
 8049  7406
 8059  7416
 8062 15783
 8066  7433
 8090  7491
 8107  7511
 8154  1436
 8157  7560
 8167  7595
 8170  7655
 8183  7608
 8204  7642
 8218 11347
 8251  6000
 8253  7662
 8262 13257
 8275  1755
 8322   719
 8323  1280
 8330  7399
 8345   242
 8377  7684
 8424  2476
 8469  4117
 8486  8158
 8497  4982
 8512  7762
 8566  1625
 8567  7881
 8572  8326
 8575  7862
 8607  8323
 8611  8355
 8640  8387
 8641  8317
 8644  7956
 8680 18306
 8682  8360
 8777  8575
 8781  8082
 8816  5471
 8894 11606
 8903  4556
 8906  8629
 8907 14294
 8953  8669
 9012 13022
 9024 13328
 9073  1482
 9130  5085
 9149  1071
 9161  5056
 9227   666
 9277   859
 9348 11757
 9397  6923
 9439 12994
 9463 12846
 9495  8509
 9519  1730
 9522  1378
 9558  5264
 9577 13518
 9586  8623
 9588  8623
 9602  7231
 9608  6898
 9612  8672
 9630     1
 9632  9129
 9633     2
 9658  8802
 9664 11988
 9670  9041
 9674  9050
 9685  9296
 9725  9230
 9795  9675
 9809  9686
 9833  9728
 9838  9531
 9842  1900
 9854  9774
 9856  9483
 9865  9865
 9870  9434
 9876  9118
 9878  9483
 9881  9759
 9895  9535
 9898 12831
 9937  9553
10044 10170
10229   836
10468  9324
10483  6166
10490  7399
10536  6029
10626 15347
10630  7683
10877   280
10906  5924
10909  4628
11058   785
11142   688
11321 13432
11562  1982
11563  1982
11663 15536
11678  2569
11686 13511
11850 14901
11869  5789
11887  2806
11901  2806
11931  2806
12197  8951
12237  4641
12426  2439
12554 14185
12654 15097
12798  7114
12844  1994
12882 14795
12887  4660
12924 13210
12972 10938
13002  4660
13044 12432
13110 17595
13130 16571
13167  2841
13227  3855
13245 10543
13256  9324
13305  5550
13356  2184
13802 12674
14052 17245
14094  2717
14097  4845
14099  9112
14229 12872
14264 11946
14299 11948
14368 10787
14446 18281
14511  9818
14537  7114
14567  2889
14697  3973
14953  5632
14967 16106
15037  2606
15057  4705
15206   344
15231 14298
15310 13511
15433  5302
15552  3973
15576  2806
15584  2806
15605 13630
15625 13408
15630 14481
15639  5085
15765  1038
15884  6440
15889 13305
16117   300
16132  1928
16197 12872
16233 17670
16497  7344
16518 16625
16533  7371
16588 16743
16950 16106
17274 13857
17400 12484
17558  2926
17635  8125
17744 11430
17772  1588
17852 16728
18050 11432
18317  4459
18556 12851
18689  4080
18725 10802
18941  7094
18984  2184
19135 17133
19149  7972
19295  6079
19303  8868
19399 10303
19441  1199
19485 11393
19710 10030
19723 16672
20029  7336
20130  9650
20154 12872
20213 11867
20282  1886
20304  7352
20552 17905
20553  5528
20572 17550
20596  9586
20670  9653
20734  3672
21004 16391
21064  1931
21165     7
21237 13512
21255  8879
21270  1588
21281  1606
21425    25
21473  3606
21541  1354
21564 11517
21596  6554
21703  7859
21772  5080
21799 11867
21873 11956
21929  6971
21977 11025
22126  2254
22145  2254
22183 13263
22189 16594
22206 18145
22225 11588
22324  5172
22367  4449
22497 18242
22642  3753
22851 10469
22952  1786
23028 13646
23106 11837
23308  2615
23386  7495
23389 18022
23393 11798
23570 15903
23591  2991
23640 16318
23685 15402
23689 13138
23742  2395
23812  5498
23954 10519
23990 15424
24060  1615
24095  8133
24095 16625
24380  2235
24605 13860
24665 17799
24766  8990
24772 16934
25031 17466
25128 15859
25138  5102
25267  9387
25359 14090
25376  4996
25579  3945
25683   806
25719  5881
25853 18178
25893  8084
25897 12688
25899 17948
25901 11139
25928  7556
25968  4377
25977    25
25989 11926
26059  9272
26077  9595
26150  9118
26188  1673
26260  2076
26454 13005
26551  6086
26577  4377
26616 11890
26658 11646
26724 11798
26814 12268
26902 16450
27069  4950
27071  2395
27123  3026
27198 15424
27442  4557
27575  2859
27656  3056
27748  2940
27845 13545
27859 10683
27897  8658
27953  4582
28053 14982
28062 15783
28166 10118
28231  7889
28265    25
28295 18337
