    0  5489
    1  5663
    3    12
    4 20302
    5 20297
    9 20258
   11 20309
   12    21
   17    37
   18 20295
   20  2276
   92 13435
  210  1896
  252 19925
  333  2295
  449  8225
  492  2585
  582 13435
  762  6204
  769  2828
  772  2832
  815  2890
  822   221
  827  4833
  844  2906
  874  3052
  889  6369
  929  3084
  930  3058
  978  2908
  983 11173
 1049  2963
 1051  2976
 1065  3009
 1068  3125
 1111  3146
 1112  3148
 1124  9344
 1207  9196
 1212 15246
 1236  1109
 1294   457
 1359  3792
 1371 13820
 1411 15368
 1425  3428
 1433 15094
 1476  3071
 1479  5981
 1494 13817
 1499  3527
 1580  3596
 1582  3591
 1643  6599
 1726 14185
 1765 10241
 1802  4487
 1818  9325
 1824  6805
 1869 20263
 1933  8476
 2081  3494
 2087 11220
 2110  4141
 2115 13258
 2130  3838
 2142  3664
 2152  3462
 2156  3863
 2162  7367
 2175  2466
 2196  3424
 2202  3499
 2207  3460
 2245  3412
 2436 12163
 2455  3854
 2465 16681
 2479  3928
 2506 10437
 2513  8047
 2533  3857
 2534  3545
 2564  3375
 2577  3558
 2579  7625
 2605  3641
 2634 12431
 2672  4053
 2692  3709
 2727  3993
 2746  3738
 2768  4409
 2806  4140
 2812  4065
 2840  3820
 2896  3782
 2941  3823
 2943  4119
 3008  3927
 3027  3876
 3049  3938
 3057  3886
 3125  4784
 3128  4024
 3140  9681
 3143  4279
 3151 18092
 3208  4328
 3226  4020
 3263  4403
 3279  4123
 3288  4354
 3304  4083
 3314  4068
 3318  2799
 3320 13308
 3397  4162
 3406  4113
 3471  4151
 3503  4237
 3558  4197
 3561  4202
 3566  4212
 3568   801
 3590  4230
 3628  8595
 3637  9767
 3644  4553
 3654  4573
 3710  4577
 3742  4967
 3753  4303
 3769  4322
 3773  4612
 3797  4309
 3833  4641
 3850  4610
 3851  4371
 3975  4702
 3995  4698
 4036  4766
 4081  3113
 4082  9511
 4112  4784
 4123  9919
 4146  4443
 4161 11011
 4209  4775
 4288  4548
 4362  4611
 4370  3213
 4391  4595
 4440  5163
 4456  2948
 4460  7789
 4488  2732
 4518  4682
 4550 18776
 4568 11910
 4586  5804
 4651  4428
 4672  4764
 4690  4772
 4693 11211
 4706  5823
 4730  6228
 4789  5921
 4794 20229
 4797 15161
 4809  5908
 4813  5702
 4821  5973
 4869  5732
 4878  5733
 4901  5763
 4907  5795
 4910 14012
 4916  5785
 4928  6405
 4954  5844
 4961  5852
 4972  5851
 4991  5891
 4992  5892
 5000  5909
 5010  5923
 5012 17311
 5013  5912
 5018  5934
 5023  5942
 5025  8932
 5029  5943
 5032  5941
 5045  5952
 5051  3581
 5059  5974
 5062  5953
 5096 11694
 5100  7440
 5139  6513
 5142  6519
 5193 17603
 5214  6539
 5301  6337
 5309  5330
 5327 16496
 5380 12000
 5436 19930
 5463 16731
 5473  6572
 5536  6671
 5545  5330
 5594  5716
 5594  6373
 5597  6654
 5606  6667
 5625  6879
 5631  6695
 5636  6693
 5654  6706
 5669  6755
 5671  6719
 5672  6905
 5677  6731
 5686  6931
 5696  6750
 5699  6744
 5707  6753
 5717 17039
 5722  6788
 5734  6776
 5739  6785
 5742  6782
 5756  6793
 5765  6817
 5774  7017
 5784  6888
 5785  6854
 5798 19233
 5804  6861
 5807  7031
 5808  8693
 5810  7047
 5815  7036
 5840  6656
 5845  7034
 5852  6894
 5876  9673
 5887 19307
 5890  6964
 5905  6950
 5910   710
 5914  6958
 5927  7144
 5933  7055
 5945  8323
 5950  9225
 5988  7027
 6019 13311
 6023  7682
 6034 14272
 6035 14278
 6069  2794
 6080  9041
 6090  9474
 6116  7931
 6138  2757
 6152  1835
 6163  6206
 6171  2757
 6274  8612
 6291   478
 6314  4198
 6330  9262
 6375  9772
 6386 16641
 6441  7971
 6460 11800
 6464  9177
 6495  8947
 6537  8259
 6542  8256
 6563  2188
 6580 19508
 6646  2691
 6647  2691
 6650  8426
 6659  8709
 6663  9550
 6667 14433
 6669  7768
 6680  3929
 6707  8846
 6730  8980
 6738  8738
 6758  4613
 6761  7926
 6903  8750
 6918  1892
 6951  2248
 6964  3203
 6967 11304
 6968  9019
 6970  8750
 6974  8661
 6976  8661
 6977  6820
 6996  9232
 7036 17175
 7067  6914
 7072 10146
 7082  9550
 7110  8525
 7123  8973
 7132  4294
 7146 11020
 7176 10399
 7182 20285
 7202 10818
 7277  3183
 7286  9229
 7387  4658
 7389  8878
 7401  8927
 7409 18067
 7427  9660
 7439  2177
 7471  9762
 7525  9130
 7541 11013
 7548  9550
 7589  9036
 7613  9550
 7628  9865
 7696  2240
 7704  7213
 7717 17938
 7789  1288
 7806 14272
 7843  6783
 7846  7083
 7865  9871
 7877  9550
 7879  9900
 7891  9973
 7904  9974
 7922 10083
 7939  1216
 7966  4207
 7999 10221
 8006   353
 8006  7667
 8046 10268
 8047  9816
 8049 10263
 8090 10327
 8107 10339
 8122 10405
 8128  8223
 8129 10447
 8157 10404
 8170 10476
 8180 10456
 8204 10481
 8207  7865
 8225 10503
 8251  2537
 8274   410
 8326  2855
 8327  9550
 8331  6575
 8357 10732
 8377 10473
 8413  1597
 8420  2248
 8465  1686
 8486 10973
 8487 11146
 8497  6659
 8509 10544
 8512 10531
 8567 10659
 8575 10621
 8607 11236
 8630  1918
 8638 11261
 8640  1193
 8642  1990
 8660 11272
 8687  6599
 8691 11290
 8728  1616
 8742 11352
 8749 10940
 8781 10984
 8783 11394
 8794  6578
 8859 10189
 8906 11586
 8929 11619
 8966 11507
 8968  1960
 8998 11694
 9041 19242
 9043  2177
 9104  8738
 9130 12109
 9279 10535
 9339  6012
 9370 10405
 9376 20039
 9437  3181
 9453   795
 9462 11944
 9468 12117
 9472 16540
 9532 10656
 9540 11904
 9546     1
 9586 11892
 9602 10591
 9612 11996
 9618  9503
 9647  8317
 9654 12497
 9656   436
 9685 12596
 9703  5908
 9709 12811
 9733 12546
 9755 12582
 9766 12834
 9767 12882
 9795 13051
 9803 12903
 9807 14478
 9809 13073
 9833 13003
 9838 12806
 9841 13167
 9851 13241
 9876 13489
 9876 13561
 9895 13067
 9913  8153
 9919 13094
 9946  4245
10044 13563
10174 13399
10295  3497
10341 14016
10351 14272
10363 14045
10496 16234
10817  4920
11042   924
11065  8705
11096 19316
11113 14479
11234  3585
11285  9344
11342  5403
11481  7061
11575 18179
11598  3848
11678  3253
11686  8335
11704  5706
11775  6858
11901  3801
11931  3801
12063  9800
12429 10406
12491  7194
12499 13718
12749 10745
12771 11319
12844 10340
12887  7952
13002  7952
13014 11148
13044  1414
13072 15251
13079  9705
13102 15047
13287  6847
13368 16681
13456 19917
13458 16705
13581 13869
13619 10405
13680 19508
13763  1896
13951  4404
14049  8675
14148  7902
14260 11730
14289  1578
14299  1267
14368  5488
14412  5861
14432 14969
14465 19242
14638 18732
14708 11285
14803  1327
15037  8388
15179   444
15324 14418
15336 16205
15355 12151
15448  7625
15451  8817
15576  3792
15697  6369
15747  2696
15932  8388
15986 17298
16034  8206
16105  3848
16171 19585
16344 19054
16350 17373
16407 13236
16573  5963
16760  1416
16890  7701
17166 19189
17183  3240
17274 16183
17331 15716
17375  4285
17544 18500
17607 11401
17703 17300
17846 15927
17856  8388
18008  2161
18051 15766
18073 16198
18185 19145
18339  2058
18444  3868
18645 11046
18808 19784
18860 16707
19008 12771
19014 17503
19051 16876
19173  7672
19409 16580
19422 10714
19544 17533
19555  1037
19601 15355
19622 16147
19641  4097
19855  9344
20029 10196
20044  2644
20071 16580
20091  9904
20245  1572
20258 12347
20269 12192
20579  9950
20804 13074
20957 19611
21101  2644
21108  9054
21212 19049
21245  9702
21370  8388
21605 16451
22016  7667
22019 20130
22136   562
22330  2175
22367  6079
22454 16789
22626 12312
22641 19247
22730 13971
22829  7385
22929  8388
22966  6580
22996 17390
23102 16705
23112  6711
23242  2234
23291 15279
23311 10656
23409 11635
23419  3792
23496  2513
23505  9745
23545 15702
23597  8388
23621 17118
23746 10633
23754  1135
23835 11915
23864 10727
23990 10236
24029 17138
24060  2224
24124 16382
24184  3998
24243  4110
24277  2812
24285   335
24319 18083
24596 17550
24607 15161
24739 17790
24762 19319
24934 17589
24951 10671
25069  5652
25138  6785
25327   245
25538 12793
25564 17071
25580 20260
25626 12265
25683  5330
25723 20153
25728 18046
25734  2595
25975 11993
26075  9622
26151  4093
26199  9469
26331 12259
26390  7634
26396 10656
26469 16037
26470 17781
26527  6403
26540  2234
26626   654
26627  2951
26669 11764
26724  9541
26765  5293
26775  5145
26782  3792
26785  5163
26840 15599
26887 13370
26888  3280
26932 18895
27015  6599
27015 11382
27069  6634
27132  3233
27151  7250
27151  8408
27201 14535
27234   864
27344 14167
27345 20183
27349 15892
27615  6934
27654  9216
27656  4167
27772  3448
27872  8876
27874  8912
27953  2752
28133  5657
28166 13511
28253  1333
