    1    21
    7     0
    7     4
   14     3
   16     5
   20    16
   21  4086
   23     4
   24 12349
   38    21
   43   489
   46   490
   47   484
   62   499
   67 14138
   73   510
   75   523
   76   526
   82  3092
   84   537
   86   536
  102   550
  103   554
  110   558
  111   562
  123   567
  127   566
  129   576
  130   563
  132   572
  134   584
  141   575
  148   586
  161   593
  165   617
  168   616
  170   609
  172   605
  179   608
  182   624
  188   630
  192   631
  194   636
  196   649
  200   642
  202   645
  208   641
  210   633
  211   660
  212   654
  220   667
  224   679
  225  1688
  226   677
  248   696
  258   695
  259   701
  266   706
  268   714
  279   726
  280   729
  281   722
  284   718
  287   724
  289   737
  291   742
  302   756
  303   755
  304   751
  315   770
  317 26728
  319   773
  322   777
  325   794
  326   798
  336   784
  345   793
  351   804
  352   805
  362   815
  365   820
  367   836
  373   818
  374   831
  380   828
  381   817
  386   834
  389   855
  390   844
  394   843
  398   842
  399   845
  400   853
  403  2104
  404   860
  406   858
  409   861
  412   863
  419   862
  420   869
  422   865
  423   875
  426   898
  429   873
  435   882
  437   878
  441   879
  446   914
  447   884
  454   886
  456   899
  466   908
  471   901
  474   904
  479   895
  484   925
  492   910
  497   450
  500   923
  502   918
  505   956
  506   936
  516   935
  518   941
  520   948
  526   960
  529   953
  530   967
  539   955
  541   970
  544   964
  549   971
  554   973
  556   982
  559   969
  564   975
  565   979
  568   994
  570   999
  589   991
  591  1009
  594  1001
  595  1014
  597  1010
  598  1004
  601  1034
  602  1020
  604  1031
  605  1018
  609  1021
  610  1035
  613  1016
  614  1042
  615  1028
  619  1036
  620  1044
  627  1045
  628  1051
  633  1058
  635  1065
  649  1077
  657  1091
  658  1116
  673  1103
  682 14856
  688  1129
  690  1133
  694  1121
  696  1126
  701  1151
  702  1149
  703  1148
  707  1152
  712  1156
  713  1158
  714  1157
  731  1181
  747  1191
  769  1205
  770  1745
  772  1206
  774  1213
  783  1226
  786  1223
  789  1231
  799  1237
  801  1238
  803  1241
  806  4729
  817  1247
  835  1262
  840  1266
  862  1283
  868  1301
  900  1307
  903  2976
  907  1325
  915  1317
  917  1321
  918  1334
  929  1326
  934  1327
  943  1333
  944  1345
  957  1379
  974  8453
  977  1388
  982  7868
  985  1394
  987  1410
  988  1396
  989  1395
  995  1417
  996  1402
  999  1403
 1013  1436
 1023  1428
 1030  1433
 1033  1441
 1041  1510
 1044  1445
 1048  8141
 1049  1449
 1050  1433
 1051  1455
 1054  1462
 1065  1481
 1076  1483
 1088  1495
 1089  1501
 1092  1500
 1093  1511
 1100  1505
 1102  1509
 1104  1520
 1109  1518
 1111  1525
 1117  1538
 1119  1539
 1124  1549
 1132  1556
 1136 16454
 1141  1558
 1145  1563
 1147  1558
 1152  1566
 1154  1570
 1156  1573
 1158  4351
 1163  6160
 1164  1578
 1174  1584
 1179  1595
 1180  1592
 1195  1618
 1198  1614
 1201  1613
 1202  1617
 1210  6674
 1215  1626
 1220  1631
 1249  1647
 1251  1646
 1252  1652
 1255  1659
 1258  1658
 1267  1652
 1272  1663
 1276  1646
 1280  1669
 1287  1676
 1311  1685
 1312  1692
 1321  1691
 1328  3097
 1336  1700
 1337 26484
 1340  1703
 1343  1707
 1344  1709
 1348  1712
 1370  1726
 1382  1727
 1389  1738
 1419  1760
 1423  1762
 1428  1764
 1443  1773
 1445  1774
 1450  1778
 1458  1780
 1460  1784
 1462  1782
 1463  1787
 1466  1790
 1469  1798
 1470  1793
 1471  1792
 1472  1795
 1473  1797
 1475  1786
 1479  1800
 1490 26293
 1498  1813
 1499  1820
 1506  1818
 1507  1820
 1508  1819
 1513  1824
 1516  1830
 1517  1802
 1522  1838
 1525  1836
 1532  1842
 1535  1844
 1537  1850
 1538  1866
 1539  1866
 1540  1852
 1541  1854
 1543  1857
 1544  1858
 1545  1856
 1546  1861
 1551  1872
 1555  1877
 1565  1883
 1575  1888
 1580  1890
 1586  1899
 1612  6180
 1617 23875
 1618  1918
 1622  1922
 1624  1930
 1629  1926
 1643  5756
 1649  1942
 1653  1944
 1655  1949
 1662  1956
 1671  1973
 1672  1968
 1674  1967
 1675  1976
 1680  1974
 1688  1979
 1692  1984
 1697  1986
 1699  1985
 1700  2005
 1701  1990
 1709  2015
 1713  2008
 1721  2009
 1722  2033
 1723  2026
 1724  2032
 1725  2028
 1727  2020
 1730  2046
 1731  2045
 1737  2050
 1738 27798
 1741  2044
 1742  2034
 1746  2055
 1747  2056
 1750  2039
 1751  2062
 1752  2058
 1753  2067
 1757  2066
 1760  2051
 1766  2071
 1770  2072
 1772  2075
 1773  2080
 1782  2053
 1783  2085
 1786  2090
 1787  2087
 1790  2100
 1793  2077
 1794  2103
 1796  2084
 1797  2104
 1799  2114
 1800  2096
 1801  2108
 1802  2068
 1802 26056
 1804  2110
 1806  2105
 1807  2089
 1811  2086
 1821  2119
 1822  2117
 1823  2099
 1824  2099
 1825  2130
 1828  2121
 1833  2129
 1835  2141
 1841  2127
 1842  2131
 1843  2128
 1851  2159
 1852  2162
 1857  2166
 1860  2156
 1861  2169
 1876  2179
 1887  2193
 1899  2205
 1903  2213
 1915  2216
 1919  2219
 1920  2224
 1923  2245
 1926  2247
 1929  2247
 1930  2214
 1937  2261
 1945  2237
 1957  2273
 1961  2235
 1966  2269
 1971  2275
 1973  2304
 1974  2279
 1977  2309
 1985  2290
 1989  2316
 1998  5275
 1999  2300
 2000  2271
 2001  2306
 2006 19846
 2007  2305
 2010  2298
 2013  2320
 2021  2317
 2025  2329
 2026  2331
 2027  2322
 2034  2328
 2035  2332
 2036  2324
 2037  2335
 2039  2330
 2044  2341
 2046  2344
 2048  2345
 2053  2349
 2054  2356
 2056  2357
 2059  2361
 2060  2352
 2061  2362
 2073  2364
 2078  2372
 2081  2385
 2084  2370
 2086  2380
 2093  2382
 2098  2376
 2099  2408
 2108  2386
 2110  2389
 2112  2391
 2116  2403
 2117  2393
 2126  2409
 2127  2406
 2128  2413
 2134  2400
 2137  2411
 2138  2405
 2141  2437
 2142  2428
 2146  2445
 2148  2426
 2149  2412
 2150  2434
 2152  2448
 2156  2418
 2160  2449
 2161  2432
 2165  2419
 2170  2420
 2174  2441
 2176  2452
 2180  2447
 2193  2438
 2195  2475
 2196  2476
 2202  2480
 2204  2463
 2206  2478
 2207  2487
 2219  2484
 2220  2483
 2221  2474
 2225  2488
 2227  2438
 2233  2493
 2243  2498
 2244  2522
 2245  2494
 2246  2497
 2251  2524
 2253  2485
 2257  2509
 2261  2512
 2262  2520
 2264  2506
 2267  2515
 2272  7507
 2273  2534
 2275  2517
 2282  2495
 2283  2523
 2285  2504
 2288  2519
 2293  2500
 2296  2538
 2298  2530
 2301  2536
 2309  2546
 2315  2542
 2321  2514
 2322  2577
 2332  2561
 2333  2593
 2336  2587
 2340  2564
 2347  2566
 2351  2605
 2353  2586
 2358  2614
 2361  2617
 2371  2594
 2383  2580
 2384  2633
 2385  2578
 2387  2610
 2389 17293
 2390  2584
 2395  2591
 2403  2635
 2404  2611
 2407  2597
 2408  2625
 2414  2521
 2417  2579
 2419  3509
 2420  2644
 2421  2638
 2435  2640
 2436  2632
 2438  2628
 2439  2630
 2446  2634
 2447  2641
 2449  2660
 2450  2624
 2455  2674
 2462  2673
 2463  2694
 2466  2673
 2468  2678
 2469  2676
 2476  2649
 2477  2652
 2479  2686
 2483  2656
 2485  2715
 2491  2664
 2492  2670
 2494  2597
 2496  2665
 2499  2596
 2504  2722
 2508  2690
 2511  2725
 2514  2733
 2518  2705
 2519  2683
 2524  2742
 2527  2677
 2529  2624
 2534  2743
 2536  8509
 2540  2729
 2545  2691
 2556  2734
 2560  2731
 2565  2649
 2574  2766
 2577  2770
 2584  2760
 2597  2765
 2601  2775
 2605  2793
 2608  2683
 2612  2750
 2619  2787
 2633  2797
 2636  2691
 2642  2799
 2651  2815
 2659  2838
 2666  2837
 2673  2828
 2676  2832
 2682  2836
 2692  2866
 2693  2843
 2696  2844
 2700  2854
 2708  2860
 2710  2861
 2718  2856
 2721  2877
 2726  2876
 2727  2894
 2728  2900
 2729  2823
 2732  2909
 2733  2878
 2734  2887
 2740  2893
 2746  2914
 2747  2899
 2748  2906
 2751  2904
 2752  2902
 2753 26894
 2755  2812
 2761  2933
 2764  2960
 2765  2929
 2768  2882
 2771  2935
 2772  2917
 2792  2966
 2794  2943
 2799  8642
 2806  2946
 2812  2948
 2823  2957
 2825  2975
 2840  3001
 2843  2984
 2844  2986
 2850  2989
 2856  2992
 2858  3034
 2859  3004
 2861   280
 2865  3024
 2870  3007
 2872  1983
 2874  5180
 2879  3016
 2886  3017
 2892  3030
 2896  3059
 2899  3046
 2905  2999
 2910  3064
 2914  3043
 2929  3048
 2941  3093
 2945  3091
 2946  3073
 2947  3079
 2954 18849
 2955  3077
 2967  3095
 2969  3089
 2985  4888
 2993  3108
 2997  3132
 3001  3137
 3008  3126
 3011  3138
 3017  3116
 3021  3120
 3022  3127
 3025  4078
 3027  3150
 3036  3139
 3042  3175
 3043  3133
 3049  3168
 3052  3159
 3057  3184
 3062  3149
 3067  3161
 3069  3190
 3075  3160
 3083  3171
 3086  3172
 3091  3185
 3097  3187
 3104  3200
 3110  3198
 3119  3253
 3125  3204
 3126  3220
 3128  3246
 3137  3213
 3139  3238
 3142  3257
 3144  3235
 3152  3229
 3155  3231
 3158  3230
 3161  3252
 3164  3268
 3170  3265
 3178  3270
 3180  3276
 3182  3273
 3185  3314
 3190  3275
 3192  3306
 3193  3283
 3197  3284
 3200  3286
 3206  3291
 3207  3332
 3214  3288
 3220  3375
 3224  3319
 3226  3373
 3227  3331
 3228  3326
 3237  3338
 3238  3380
 3239  3344
 3241  3381
 3242  3322
 3243  3378
 3249  3384
 3252  3354
 3255  3290
 3259  3359
 3262  3342
 3263  3334
 3264  3392
 3273  3353
 3279  3400
 3281  3364
 3285  3358
 3286  3367
 3288  3383
 3289  3370
 3293  3379
 3297  3387
 3298  3393
 3304  3423
 3314  3442
 3317  3416
 3319  3399
 3322  3409
 3330  3447
 3333  3413
 3335  3425
 3337  3415
 3346  3433
 3347  3429
 3353  3439
 3362  3432
 3366  3455
 3368  3456
 3370  3453
 3376  3450
 3381  3490
 3383  3495
 3388  3467
 3396  3470
 3397  3496
 3400  3700
 3401  3475
 3406  3513
 3411  3489
 3413  3488
 3424  3486
 3427  3509
 3428  3527
 3431  3494
 3440  3518
 3444  3512
 3447  3506
 3453  1793
 3456  3524
 3470  3520
 3471  3556
 3478  3559
 3480  3526
 3488   473
 3492  3540
 3493  3544
 3500  3550
 3501  3546
 3503  3571
 3506  3555
 3510  3563
 3514  3564
 3521  3557
 3523  3567
 3527  3568
 3538  3570
 3539  3603
 3541  3578
 3542  3644
 3543  3580
 3544  3577
 3545  3581
 3549  3583
 3551  3591
 3552  3585
 3553  3644
 3556  3599
 3557  3592
 3558  3635
 3561  3638
 3566  3643
 3567  3651
 3569  3607
 3580  3613
 3581  3609
 3584  3612
 3590  3656
 3592  3629
 3594  3625
 3598  3620
 3622  3648
 3623  3659
 3643  3666
 3644  3665
 3650  3658
 3656  3677
 3667  3670
 3679  3733
 3681  3685
 3682  3690
 3683  3684
 3684  3694
 3685  3747
 3686  3699
 3695  3713
 3705  3710
 3713  3762
 3716  3737
 3721  3765
 3722  3719
 3727  3736
 3735  3745
 3745  3754
 3746  3749
 3747  3742
 3748  3778
 3749  3751
 3751  3753
 3753  3782
 3759  3788
 3764  3761
 3766  3756
 3768  3802
 3769  3790
 3777  3766
 3783  3764
 3797  3814
 3804  3774
 3806  3786
 3812  3787
 3823  3803
 3830  3835
 3833  3796
 3837  3797
 3843  3852
 3850  3829
 3851  3859
 3863  3834
 3869  3875
 3872  3833
 3876  3836
 3880  3831
 3900  3856
 3901  3858
 3904  3844
 3906  3863
 3907  3869
 3908  3872
 3909  3918
 3911  3871
 3913  3862
 3917  3884
 3920  3878
 3922  3874
 3929  3883
 3931   122
 3932  3882
 3934  3890
 3937  3892
 3938  3889
 3951  3891
 3955  3956
 3959  3857
 3966  3908
 3972  3921
 3975  3917
 3976  3866
 3980  3927
 3989  3941
 3990  3940
 3995  3945
 3998  3948
 4007  3951
 4015  3952
 4025  3911
 4026  3971
 4027  3904
 4031  3980
 4038  3907
 4048  3983
 4064  3939
 4073  8289
 4091  3904
 4096  4022
 4099  4012
 4102  3904
 4103  4018
 4112  4021
 4115  4014
 4116  3911
 4121  4019
 4127  5771
 4128  4035
 4132  4036
 4134  4043
 4135  4045
 4147  3939
 4157  4046
 4164  4050
 4178  4051
 4181  4061
 4182  4069
 4189  4055
 4199  4111
 4209  4088
 4221  4066
 4224  4085
 4226  4068
 4236  4134
 4241  4098
 4245  4083
 4256  4119
 4258  4118
 4259  4093
 4273  4168
 4274  4113
 4276  4169
 4281  4005
 4285  4198
 4292  4198
 4294  4126
 4304  4140
 4305  4144
 4317  4089
 4329  4135
 4349  4190
 4356  4803
 4362  4261
 4367  4087
 4370  4106
 4372  3035
 4391  4292
 4393  4218
 4409  4225
 4419  4077
 4425  4326
 4432   203
 4443  4333
 4444  4201
 4447  4253
 4454  4273
 4490  4306
 4491  4307
 4496  4320
 4500  9151
 4509  4328
 4512   652
 4512  4341
 4518  4407
 4520  4152
 4525  4260
 4527  4284
 4531  4338
 4535  4238
 4536  4346
 4540  4367
 4541  4413
 4546  4366
 4552  4356
 4553  4283
 4577  4383
 4578  4305
 4581  4470
 4586  4394
 4589  4317
 4593 23814
 4605  4399
 4608  4416
 4614  4425
 4617  7796
 4620  4416
 4626  4428
 4640  4429
 4642  4373
 4643  4424
 4644  4437
 4646  4448
 4647  4439
 4648  4349
 4653  4457
 4661  4455
 4666  4481
 4672  4534
 4675  4465
 4680  4463
 4691  4467
 4696  4471
 4701  4487
 4707  4565
 4708  4505
 4715  4500
 4718  4509
 4724  4506
 4757  4525
 4761  4542
 4766  4537
 4776  4544
 4790  4554
 4791  4571
 4809  4588
 4815  4585
 4816  4572
 4817  4595
 4818  4599
 4821 11383
 4835  4591
 4840  4594
 4844  4602
 4853  4606
 4860  4630
 4868  4680
 4870  4667
 4874  6280
 4878  4690
 4879  4672
 4896  4702
 4897  4683
 4901  4728
 4907  4719
 4915  4709
 4916  4740
 4943  4738
 4946  4723
 4950 27207
 4952 24200
 4954  4781
 4957  4781
 4961  4786
 4969  4763
 4970 23781
 4971  4721
 4972  4791
 4986  4809
 4991  4812
 4996  4783
 5003  4784
 5005 20412
 5010  4827
 5013  4836
 5020  4837
 5029  4841
 5034  4845
 5059  4866
 5062  4873
 5134  4887
 5136  8987
 5139  4922
 5144  4936
 5164  4943
 5169  4942
 5174  4958
 5186  4405
 5204  4984
 5206  5750
 5213  5018
 5214  4996
 5221  4963
 5233  5015
 5236  5020
 5238  4986
 5244  5009
 5250  4971
 5254  5011
 5259  5029
 5262  5043
 5266  4999
 5268  8225
 5272  5042
 5273  6447
 5280  5028
 5296  5054
 5301  5065
 5319  5034
 5320 16760
 5324  5050
 5325  2117
 5325  5070
 5340  5067
 5342  5084
 5348  5166
 5351 13595
 5353  5140
 5356  5137
 5357  5112
 5358  5090
 5365  5075
 5369  5141
 5371  5099
 5375  5149
 5376  5088
 5379  5151
 5383  5167
 5389  5177
 5393  5100
 5404  5185
 5410  5239
 5414  5114
 5415  5212
 5420  5168
 5428  5223
 5429  5136
 5433  5220
 5436  5146
 5442  5139
 5443  5186
 5444  5179
 5445  5242
 5449  5260
 5451  5234
 5453  5170
 5454  5135
 5457  5153
 5459  5163
 5461  5159
 5468  5203
 5469  5272
 5470  5259
 5475  5157
 5476  5277
 5479  5288
 5480  5310
 5483  5205
 5484  5194
 5485  5202
 5491  5292
 5492  5219
 5494  5215
 5500  5296
 5501  5320
 5503  5315
 5504  5230
 5507  5325
 5511  5221
 5513  5327
 5514  5330
 5515  5323
 5516  5312
 5518  5331
 5521  5211
 5522  5337
 5527  5321
 5530  5224
 5531  5339
 5533  5250
 5536  5343
 5540  5249
 5541  5273
 5542  5251
 5547  5347
 5550  5246
 5554  5283
 5557  5247
 5558  5285
 5561  5381
 5562  5293
 5564  5253
 5566  5367
 5569  5258
 5570  5369
 5572  5265
 5573  5290
 5576  5370
 5580  5261
 5583  5382
 5585  5267
 5586  5268
 5586  5275
 5594  5299
 5595  5396
 5597  5415
 5598  5297
 5600  5318
 5601  5295
 5607  5314
 5610  5322
 5611  5329
 5614  5329
 5621  5326
 5624  5336
 5625  5340
 5628  5421
 5629  5361
 5630  5356
 5631  5449
 5634  5335
 5635  5354
 5636  5452
 5638  5366
 5639  5348
 5643  5364
 5645  5342
 5648  5376
 5652  5360
 5655  5358
 5661  5373
 5663  5383
 5664  5378
 5669  5468
 5672  5380
 5674  5385
 5677  5490
 5678  5391
 5684  5395
 5686  5399
 5688  5402
 5695  5395
 5696  5501
 5697  5413
 5699  5502
 5701  5420
 5705  5489
 5707  5528
 5708  5483
 5710  5485
 5711  5481
 5712  5529
 5715  5429
 5717  5482
 5718  5427
 5719  5497
 5725  5431
 5728  5439
 5734  5541
 5735  5442
 5737  5425
 5742  5553
 5750  5559
 5756  5457
 5765  5585
 5774  5494
 5777  5495
 5782  5503
 5784  5597
 5788  5601
 5790  5509
 5791  5508
 5792  5604
 5804  5617
 5807  5520
 5808  5504
 5810  5510
 5812  5628
 5815  5531
 5817  5625
 5820  5602
 5822  5603
 5829  5548
 5830  5543
 5832  5649
 5837  5537
 5841  5557
 5844  5638
 5852  5547
 5853  5571
 5856  5569
 5857  5575
 5860  5670
 5865  5656
 5867  5586
 5868  5651
 5869  5669
 5871  5584
 5873  5645
 5877  5590
 5879  5591
 5880  5536
 5884  5607
 5885  5594
 5890  5711
 5894  5730
 5896  5616
 5903  5717
 5905  5630
 5909  8233
 5914  5620
 5924  5714
 5927  5634
 5933  5752
 5934  4130
 5937  5756
 5948  5782
 5956 17919
 5959  5720
 5966  5809
 5970  5742
 5971  5614
 5976  5682
 5977  5799
 5980  5809
 5987  5037
 5991  5697
 5995  5762
 6001  5928
 6006  5791
 6017  5794
 6022  5698
 6024  5886
 6025  5803
 6026  5890
 6030  5811
 6031  5744
 6038  5674
 6039  5676
 6040  5675
 6043  5677
 6048  5693
 6058  5691
 6065  5829
 6073  3818
 6074  5693
 6081  6545
 6092  5922
 6095  5745
 6102  5739
 6111  6041
 6112  5750
 6126  5758
 6128  5882
 6129  5770
 6135  5796
 6137  5797
 6138  6388
 6149  5867
 6153  5787
 6160  5928
 6162  5784
 6164  5792
 6169  5816
 6171  6388
 6174  2430
 6180  5830
 6187  5804
 6194  6062
 6206  5858
 6214  5826
 6220  5934
 6226   251
 6231  6136
 6233  5882
 6237  5946
 6250  5950
 6257  1466
 6267  5877
 6268  5914
 6272  5912
 6274  6030
 6278  5973
 6283  5974
 6301  5911
 6304  6189
 6306  6194
 6310  5982
 6316  5988
 6324  6107
 6325  6021
 6326  6005
 6331  5951
 6336  5958
 6339  6037
 6342  6232
 6343  5969
 6344 21675
 6353  6088
 6363  5981
 6368  6007
 6370  5987
 6375  5967
 6376  5994
 6378  6127
 6383  5998
 6384  6257
 6396  6276
 6399  5955
 6405  6019
 6406  6147
 6413  6179
 6414  6150
 6417  6111
 6419  6086
 6424  6086
 6431  6177
 6432  6178
 6441  6409
 6446  6299
 6447  6134
 6448  6205
 6454  6113
 6455  2768
 6458  6216
 6463  6539
 6468  6060
 6482  6234
 6495  6153
 6497  6155
 6500  6331
 6504  6246
 6506  1605
 6511  6184
 6516  6403
 6517  6254
 6519  6187
 6527  6226
 6532  6398
 6534  6272
 6535  6273
 6537  6316
 6542  6321
 6543  6218
 6546  6259
 6546  6307
 6547  6290
 6550  6288
 6551  6288
 6555  6228
 6559 26161
 6569  6239
 6574  5903
 6577  6313
 6580 23875
 6582  6231
 6585  6225
 6589  6333
 6590  6467
 6598  6245
 6599  6307
 6602  6351
 6605  6523
 6607  6369
 6612  6510
 6625  6390
 6627  6378
 6628  6260
 6639  6294
 6647   470
 6648  6155
 6650  6451
 6652  6309
 6659  6491
 6669  6423
 6670  6603
 6671  6431
 6682  6436
 6690  6479
 6693  6465
 6694  6348
 6697  6463
 6698  6464
 6705  6370
 6716  6590
 6719  6481
 6722  6412
 6725  6405
 6727  6410
 6729  6483
 6730  6417
 6733  6539
 6738  6562
 6742  6603
 6742  6617
 6744  6515
 6751  6583
 6760  6520
 6775  6422
 6781  6548
 6782  6546
 6783  6502
 6788  6507
 6793  6486
 6801  6547
 6812  6490
 6816  6495
 6826  6594
 6827  6604
 6835  8095
 6836  6614
 6839  6512
 6845  6605
 6848  6609
 6852  6522
 6853  6642
 6857  6536
 6860  6619
 6869  6662
 6870  6522
 6873  6601
 6882  6640
 6884  6535
 6886  6646
 6893  6658
 6906  6705
 6907  6666
 6913  6699
 6914  6701
 6915  6565
 6916  7865
 6921 25094
 6922  6667
 6926  6588
 6928  6624
 6931  6675
 6940  6637
 6942  6655
 6943  6683
 6945  6565
 6949  7629
 6961  6715
 6968  6645
 6974  6719
 6976  6719
 6985  6698
 6987  6724
 7004  6601
 7009  7629
 7009  7872
 7020  6759
 7029  6768
 7030  6761
 7036  6883
 7037  6746
 7050  6779
 7062  6785
 7070  6856
 7072  6760
 7077  6822
 7078  6754
 7081  4315
 7086  6825
 7091  6826
 7093  6830
 7098  6835
 7100  7047
 7105 26399
 7110  6827
 7111  6821
 7128  6854
 7133  6904
 7134  6875
 7136  6862
 7137  6878
 7139  6876
 7141  6811
 7146  6868
 7150  6838
 7153  6799
 7160  6820
 7161  6895
 7165  6898
 7166  6894
 7178  6905
 7179  6933
 7181  7629
 7199  6836
 7205  6925
 7208  6927
 7210 24600
 7212  6951
 7216  6884
 7219  6954
 7221  6909
 7223  7653
 7227  6896
 7229  8103
 7232  6916
 7237  8100
 7239  6973
 7240  6920
 7245  6963
 7247  6972
 7248  6974
 7250  6931
 7251  8042
 7256  6986
 7257  6932
 7263  6992
 7269  6946
 7271  7000
 7279  7040
 7280  6947
 7284 11198
 7289  6924
 7290  6958
 7293  6960
 7296  6937
 7299  6955
 7304  7027
 7306  7029
 7311  6945
 7315  6959
 7317  6959
 7318  6978
 7327  6967
 7335  3791
 7341  7002
 7343  6970
 7348  7094
 7349  7004
 7351  6969
 7352  6966
 7354  7062
 7356  7054
 7357  7060
 7364  6989
 7372  6987
 7377  7015
 7378  7079
 7379  7010
 7380  7078
 7382  7759
 7388  7032
 7389  7071
 7398  7034
 7401  7075
 7403  7012
 7405  6601
 7410  7086
 7414  7091
 7418  4863
 7422  7030
 7425  7128
 7427  7126
 7428  7424
 7430  7048
 7439  8100
 7442  7043
 7448  7098
 7451  7050
 7455  7053
 7456  7136
 7457  7679
 7459  7069
 7460  5588
 7463  7121
 7468  7080
 7469  7177
 7471  7053
 7472  7127
 7473  7068
 7477  7159
 7480  7077
 7481  7929
 7482  7085
 7483  7195
 7486  7706
 7488  7084
 7490  7088
 7492  7133
 7497  7153
 7498  7308
 7500  7331
 7501  7305
 7504  7137
 7505  7095
 7506  7158
 7508  7723
 7509  7932
 7510  7169
 7514  7142
 7518  7243
 7520  7230
 7521  7274
 7524  7272
 7531 14187
 7532  7180
 7534  7281
 7541  7149
 7544  7289
 7545  7347
 7546  7286
 7548  7419
 7549  7349
 7553  7283
 7556  7207
 7558  7286
 7559  7354
 7560  7268
 7562  7211
 7564  7212
 7565  7209
 7566  7204
 7567  6199
 7568  7263
 7577  7340
 7578  7319
 7579  7318
 7580  7629
 7589  7251
 7592  7258
 7594  7216
 7596  7298
 7599  7252
 7601  7353
 7603  7225
 7605  7237
 7607  7242
 7608  7299
 7611  7247
 7619  7224
 7622  7288
 7623  7244
 7627  7326
 7628  7229
 7632  7262
 7635  7266
 7638  7335
 7640  7265
 7642  7312
 7646  7329
 7648  7362
 7652  7309
 7663  7882
 7665  7379
 7673  7303
 7674  7381
 7683  7376
 7684 27846
 7685  7307
 7686  7442
 7689  7377
 7694  7382
 7695  7629
 7698  7408
 7699  7629
 7701  7406
 7703  7929
 7704  7365
 7708  7404
 7710  7401
 7728  7342
 7729  8050
 7732  7361
 7740  7367
 7746  7989
 7748  7629
 7753 18774
 7756  7186
 7758  7629
 7758  7965
 7762  7409
 7764  7966
 7772  7766
 7773  7975
 7782  7392
 7783  7396
 7789  7723
 7790  7465
 7793  7424
 7795  7403
 7796  7823
 7799  7407
 7804  7499
 7810  7500
 7818  7427
 7820  7504
 7821  7505
 7826  7929
 7827  7503
 7831  7514
 7838  7515
 7841 19199
 7846  7546
 7847  7539
 7848  7543
 7852  7447
 7855  7438
 7857  5145
 7862  7548
 7864  7535
 7865  7566
 7868  7567
 7876  7487
 7879  7570
 7881  7456
 7882  7458
 7886  7463
 7887  7443
 7891  7579
 7899  7557
 7907  7475
 7908  7477
 7910  7596
 7911  7766
 7912  7602
 7914  7965
 7916  7578
 7917  7966
 7918  7491
 7922  7588
 7923  7494
 7925  7488
 7926  7575
 7929  7574
 7932  7484
 7935  7615
 7937  7492
 7939  7509
 7940  8138
 7942  7580
 7949  7507
 7952  7630
 7960  7424
 7961  7511
 7962  7518
 7964  7517
 7967  7390
 7970  7519
 7971  7616
 7972  7638
 7975  7643
 7978  7519
 7979  7521
 7980  7642
 7983  7657
 7990  7522
 7993 12272
 7997   399
 8003  7544
 8010  8131
 8017  7975
 8021  7680
 8029  7547
 8034  7696
 8036  7681
 8046  7700
 8047  7524
 8049  7708
 8051  7424
 8053  7561
 8057  7823
 8058  7587
 8064  7431
 8066  7705
 8068  8038
 8070 11288
 8079  7589
 8084  7591
 8087  7629
 8090  7733
 8095  7452
 8100  7629
 8109  7742
 8112  7623
 8113  7612
 8121  7731
 8124  7419
 8130  7633
 8131  7632
 8137  7639
 8138  7640
 8142  7823
 8147  7780
 8149  7644
 8153  8100
 8162 25839
 8167  7802
 8168  7664
 8170  7784
 8171  5560
 8172  7830
 8174  7683
 8178  6199
 8180  7825
 8181  7510
 8185  7766
 8196  7766
 8200  7778
 8201  7688
 8204  7851
 8205  7791
 8208  7709
 8210  7714
 8211  7689
 8222  7701
 8224  8936
 8226  7787
 8233  8100
 8240  7843
 8241  7710
 8250  7816
 8261  7721
 8267  7859
 8274  7725
 8275  7629
 8276  7966
 8278  7564
 8282  7573
 8283  7916
 8285  7728
 8287  7904
 8289  7715
 8294  7730
 8295  5299
 8302  7842
 8306  7922
 8309  7766
 8313  2348
 8320  1147
 8321  7935
 8326  7719
 8328  7747
 8336  7800
 8345  7833
 8347  7817
 8350  7808
 8352  7805
 8353  7833
 8357  7806
 8358  7936
 8363  7750
 8364  7781
 8366  7597
 8377  7746
 8381  7653
 8386  8014
 8387  7793
 8388  7788
 8393  7856
 8402  7863
 8403  7855
 8405  7629
 8406  7905
 8407 27307
 8412  7978
 8414  7794
 8418  7961
 8421  7804
 8422  7636
 8426  7629
 8431  7900
 8434  8250
 8434  8260
 8449  7419
 8465  7661
 8469  7902
 8473  7903
 8474  8000
 8476  8260
 8477  8577
 8486  7914
 8495  8100
 8496  7679
 8497  7862
 8498  7666
 8509  7885
 8511  7698
 8512  7874
 8522  7695
 8526  7966
 8535  8016
 8537  6772
 8539  7898
 8544  7723
 8552  7431
 8558  7999
 8566  7941
 8567  7926
 8572  8011
 8573  8044
 8575  7928
 8576  8041
 8581  8074
 8584  7762
 8591  7909
 8596  7766
 8603  8065
 8607  8056
 8614  8035
 8617  7988
 8620  7424
 8625  7811
 8627  7977
 8633  8179
 8635  7985
 8638  8127
 8641  8027
 8642  7844
 8649  8008
 8652  7866
 8657  8005
 8658  7858
 8660  8122
 8663  7929
 8675  8109
 8685  7884
 8689  7895
 8690  8081
 8691  8062
 8693  7897
 8698  8170
 8711  8153
 8716  8032
 8719  8167
 8720  8028
 8723  8037
 8725  7927
 8735  8046
 8742  8180
 8743  8185
 8745  7929
 8746  8154
 8752  8192
 8758  8114
 8764  8138
 8766  7941
 8772  8060
 8776  8054
 8777  8124
 8778  7946
 8779 11095
 8782  8050
 8785  8198
 8790  8076
 8791  8112
 8798  9011
 8806  7956
 8810  8087
 8819  7964
 8823  7973
 8825  8146
 8827  7966
 8828  8098
 8829  8211
 8832  7981
 8834  8176
 8835  7974
 8843  8169
 8859  7998
 8862  7989
 8867  8215
 8870  8218
 8874  8228
 8875  8178
 8877  8125
 8879  8003
 8881  8238
 8886  8231
 8897  8237
 8900  8014
 8910  8029
 8913  8031
 8914  7629
 8916  8272
 8918  7966
 8929  8256
 8931  8030
 8935  8236
 8937  8210
 8938  8202
 8941  8033
 8945  8073
 8951  8038
 8955  8278
 8957  8050
 8958  8395
 8961  8275
 8966  8224
 8973  8234
 8978  8233
 8982  8059
 8985  8070
 8986  8253
 8991  7766
 8992  8064
 8994  8071
 8996  7452
 8997  5127
 9000  8067
 9003  8328
 9007  8257
 9019  8285
 9021  8254
 9024  8302
 9028  8376
 9029  8293
 9032  8364
 9037  8108
 9042  8102
 9053  3170
 9055  8273
 9070  8136
 9076  8131
 9083  8399
 9085  8130
 9089  8126
 9091  8424
 9094  8373
 9097  8147
 9109  8308
 9111  8391
 9112  8314
 9113  8138
 9118  8457
 9121  8163
 9122  8313
 9125  8398
 9126  8182
 9129  8453
 9137  8471
 9141  8158
 9142  8303
 9144  8317
 9148  8401
 9151  8149
 9159  8171
 9165  8159
 9173  8429
 9178  8184
 9186  8450
 9194  8519
 9195  8367
 9198  8491
 9210  8503
 9211  8385
 9215  8456
 9216  8336
 9226  8201
 9232  8433
 9234  8506
 9235  8498
 9236  8506
 9248  8203
 9249  8200
 9251  8207
 9252  8196
 9258  8209
 9259  8507
 9262  8418
 9265  8459
 9268  8213
 9269  8415
 9271  8392
 9274  8591
 9275  8341
 9276  8381
 9279  8372
 9284  8588
 9285  8571
 9286  8390
 9287  8351
 9289  8348
 9290  8354
 9292  8554
 9297  8315
 9298  8047
 9298  8436
 9300  8477
 9311  8562
 9312  8258
 9313  8485
 9314  8322
 9316  8599
 9323  8320
 9324  8551
 9328  8329
 9331  8581
 9332  8516
 9333  5260
 9334  8560
 9338  8582
 9339  8578
 9340  8296
 9341  8362
 9342  8544
 9343  8603
 9347  8298
 9349  8606
 9351  8484
 9352  8553
 9353  8624
 9356  8496
 9364  8499
 9366  8629
 9368  8627
 9372  8637
 9373  8339
 9378  8508
 9380  8251
 9381  8601
 9382 18447
 9383  8344
 9384  8640
 9387  8331
 9393  8561
 9395  8441
 9398  8594
 9402  8609
 9403  8614
 9405  8593
 9407  8421
 9409  8628
 9412  8614
 9413  8422
 9418  8548
 9421  8630
 9424  8331
 9425  8539
 9427  8621
 9428  8265
 9430  8569
 9431  8590
 9435  8331
 9437  8434
 9438  8597
 9442  8569
 9445  8670
 9446  8668
 9449  8653
 9452  8360
 9453  8428
 9455  8577
 9458 13129
 9462  8598
 9463  8378
 9465  8531
 9466  8573
 9467  8672
 9468  8330
 9475  8664
 9477  8675
 9478  8386
 9481  5127
 9486  8545
 9487  8532
 9490  8552
 9491  8350
 9492  8604
 9495  8683
 9498  8311
 9505  8602
 9506  8356
 9507  8613
 9510  8687
 9511  8483
 9519  8386
 9520  8439
 9521  8458
 9522  8436
 9527  8697
 9530  8712
 9536  8656
 9540  8700
 9548  8659
 9556  8460
 9560  8713
 9562  8704
 9563  8733
 9564  1436
 9570  8409
 9575  8740
 9587  8750
 9602  8802
 9606  8805
 9607  8774
 9609  8642
 9612  8779
 9613  8731
 9619  8738
 9621  8658
 9622  8778
 9624  8781
 9630 27875
 9632  8761
 9633 27821
 9639  8798
 9654  8788
 9670  8766
 9675  9306
 9687  8857
 9691  8870
 9692  8842
 9699  8787
 9705  8746
 9707  8772
 9709  8884
 9719  8861
 9722  8833
 9723  8894
 9725  8913
 9726  8830
 9727  8828
 9730  8892
 9731  8925
 9736  8888
 9741  8960
 9743  8892
 9744  8891
 9749  8929
 9752  8889
 9754  8928
 9755  8975
 9757  8938
 9763  8936
 9764  9015
 9766  8906
 9772  8916
 9776  9008
 9777  6497
 9778  8921
 9779  9025
 9782  8973
 9785  9033
 9787  4884
 9788  8982
 9790  8986
 9791  8980
 9792  8983
 9795  8995
 9798  8988
 9799  8989
 9801  8947
 9802  8993
 9803  8946
 9806  9001
 9809  9012
 9813  9108
 9818  8959
 9821  9118
 9822  9108
 9825  9021
 9827  9020
 9829  9127
 9830  9045
 9833  9007
 9835  9079
 9838  8991
 9839  9035
 9841  9085
 9848  9269
 9851  9097
 9854  9064
 9857  9071
 9859  7729
 9865  9110
 9866  9126
 9868  9253
 9869  9159
 9870  9316
 9873  9335
 9875  9257
 9876  8848
 9879  9181
 9881  9100
 9882  9301
 9887  9099
 9890  9176
 9891  9345
 9893  8997
 9894  9367
 9895  9327
 9898  8899
 9902  9198
 9904  9363
 9912  9142
 9915  8899
 9919  9384
 9932  9217
 9937  9457
 9967  9400
 9972  9286
10003  9246
10005  9432
10044  9378
10053  9593
10054  9299
10068  9546
10081  9628
10084  8908
10099  9441
10138  9437
10140  9568
10173  9640
10174  9426
10175  9666
10181  9695
10243  9489
10250  9639
10285  9779
10292  4260
10306  9822
10316  9571
10324 10853
10341  9720
10381  9865
10388  9970
10404  9716
10445  9677
10446  9680
10549 21732
10568 10076
10598 10271
10620  9881
10674  9936
10688  1163
10775 10469
10858 12823
10860 10525
10915 19495
10920 10569
10986 10637
11003 10640
11079 10704
11088 27408
11096  3795
11141 27722
11193 26537
11199  2222
11308 22999
11440 23187
11528  9065
11531  2427
11686  1780
11717 22379
11887 24026
12009  8449
12018  8449
12125 21544
12197 11334
12283 13596
12395 22824
12457 27035
12522 20646
12533  2349
12593 11469
12681 10685
12698 11593
12818 10281
12875 24046
12890  1280
12906 27322
13013 12226
13013 20904
13065 19982
13075 11062
13125 11139
13127 13364
13180 12600
13183 26855
13185 13675
13191 14506
13263 19264
13445 12856
13497 26125
13568  7090
13583 13057
13681 18687
13683 11190
13707 18357
13709 13206
13748 16588
13749 13293
13757 13315
13773 17091
13778 12926
13821 13372
13973 13547
14099 20074
14138  3795
14150   744
14220 22622
14222 19846
14223   825
14289 21363
14317 12452
14560  4582
14560 14036
14666 14172
14679 14113
14799 20786
14829 12369
14832 19036
14871  1980
14918 14140
14920 14132
14964  5068
14975 14183
14988 14202
14991 12448
15037 26054
15070 14295
15127 20525
15167 15328
15182  1593
15267 23562
15369  1231
15403 14604
15420  9528
15439 14642
15486 14696
15529 14748
15566 27061
15575 15041
15592 14834
15593 14871
15697 22077
15697 25210
15701 12437
15721 17711
15764 14444
15798 15088
15860 21578
15873 15610
16037 15420
16119  4726
16132  5139
16188 15591
16216 15590
16264 16627
16272 10425
16299 15689
16358 11506
16392 10815
16482 25531
16500 18660
16525 22390
16544 15467
16609 16130
16612 22770
16689  4176
16777 17411
16791 20222
16814 27847
16821 24046
16858 18179
16934 16488
16963 15834
16975 16402
17145 16602
17327  1549
17333 16839
17409 19250
17480 17196
17558  5995
17561 18281
17579 17140
17627 18357
17634 17225
17660  7130
17756 17390
17990 24977
18147 17407
18155 18795
18188 17336
18189 20692
18199 17483
18205 17334
18216 17444
18230 17526
18298 17596
18444 20765
18451 17566
18472 17815
18509 17859
18758 13932
18775 13744
18806 23917
18861 27195
19045 18896
19409  7189
19579 11424
19672 10979
19885  5470
19908 26399
19911  9867
19980 20924
20039 18357
20091 20459
20163 16102
20178  7275
20179 22288
20301 22147
20326 22147
20535 22541
20567 22524
20587 22550
20615  6381
20659 23443
20661 14750
20693 21310
20739  2385
20833 11045
20861 22208
20877 21524
21008  7629
21016  9068
21019 26124
21052 20551
21290  5729
21333  8042
21396 23562
21425 25916
21428 22199
21536  2960
21639 22364
21699 23853
21822 22591
21834 24008
21861  4582
21977 22727
22061  6199
22131 22463
22163 24412
22167 24391
22245 22746
22271 27753
22309  1482
22319  5426
22331 18668
22335 22772
22362 22808
22432 19421
22497     8
22503 23135
22547 22984
22647 23073
22662 22595
22687 23073
22702 23187
22733 14630
22737  8834
22746 23177
22787 25916
22799 25101
22910 23590
22937 23378
22961  5922
23001 23689
23029 23520
23041 23727
23097 23587
23121 25611
23128 23635
23138  6114
23152 25444
23156 23897
23193 24566
23217 12319
23242 25757
23273 23888
23288 18915
23297  4154
23308 25839
23374 24181
23386 24185
23388 25916
23413 24014
23417 24242
23485 24161
23487 24323
23492 24357
23528 26056
23562 23443
23563 22541
23602 22541
23621 27641
23671 24568
23689 22702
23691  3092
23705 24500
23742 26331
23764 24640
23791 19619
23846 26476
23862 22896
23864 24566
23866 24567
23886 26486
24015 23099
24061 25275
24067 24966
24122 20152
24131 24906
24144 23006
24154 24924
24189 23260
24264 25017
24280 25057
24280 25070
24331 25181
24367 25136
24393 25207
24437 25234
24452 25198
24460 25275
24470  4772
24475  8757
24527  6842
24540 25340
24565 23574
24616 25408
24651 25464
24678 10840
24691 25474
24716 25531
24771  1203
24819 25723
24877 25766
24894 23918
24900 12482
24902 25766
24969  5504
24995 24008
25046 21000
25098 18990
25183 24200
25185 18413
25187 27205
25298 11848
25301 13158
25334 25811
25385 26256
25603 26129
25611  5447
25629 22074
25674 26523
25700 26589
25750 12995
25756 26695
25837 26680
25878 26688
25889 20916
25969 26807
25977 25916
25980 26342
25986 11478
26014 25828
26020 25758
26104 26865
26105 25936
26110 26474
26239 18682
26327 27189
26337 27185
26407 25611
26417 27228
26540 25757
26583 16790
26620 25839
26626 20744
26639 27061
26709 20978
26765  7881
26810  6568
26811 26012
27015 25215
27043  7629
27069 26360
27151  6791
27153 27692
27169  4371
27198 24277
27255  7788
27271  1525
27290  2918
27404 20316
27463 25234
27472 21599
27484 23110
27505 11381
27528  1858
27573  2057
27653 13295
27654  3791
27669 13949
27699 27098
27772 16499
27895  6615
27909 27448
27948 17854
28005 25589
28026 23814
28030 25091
28041 12160
28054 16454
28117  6490
28168 26972
28213 25136
28254 27195
28260 27878
28264  1212
28280 27860
28288 27852
28291 27859
