    5 18727
    9    21
   15    42
   16    63
   17 20506
   21    16
   82  2519
  210  1280
  244  7063
  426  2478
  449  8024
  475 12628
  492  1695
  501   291
  743 10973
  769  1935
  772  1939
  795   166
  837  3240
  844  2005
  855  5342
  862  2052
  874  2110
  914 19915
  930  2112
  983 10526
  989  2022
 1049  2060
 1050  2095
 1051  2071
 1065  2095
 1067  2435
 1068  2191
 1076  2532
 1111  2232
 1112  2243
 1157  6875
 1170 13502
 1187 10224
 1217 10738
 1239 14303
 1335    54
 1359  2673
 1379 20416
 1411  2767
 1417 15831
 1432  1643
 1438  1464
 1460  2648
 1499  2526
 1507  2532
 1580  2584
 1582  2575
 1633  2966
 1638  2966
 1686 10100
 1715  7128
 1721    21
 1723  4997
 1765  1060
 1773  2277
 1783 16909
 1798  7268
 1802  3389
 1875  2335
 2006 18823
 2023 15880
 2039   220
 2042 18609
 2080 14404
 2097  5250
 2122  2494
 2135 18045
 2142  2642
 2146  2469
 2150  2651
 2196  2490
 2244  2486
 2253 18426
 2256  1780
 2256 12956
 2336  2531
 2372  4248
 2421  2860
 2455  2849
 2476  2871
 2533  2856
 2578  2911
 2605  2628
 2632  1969
 2635 11435
 2687  8582
 2727  2964
 2746  2734
 2768  3342
 2769  9459
 2805  2573
 2812 12233
 2840  2814
 2904  3057
 2918 10344
 2919  2350
 2921  4884
 2926  2742
 2930  1947
 2941  2833
 2943  3087
 2991  5370
 2993  3189
 3008  2916
 3022  3179
 3027  2892
 3043  3350
 3049  2927
 3057  2910
 3070  3660
 3104  3250
 3131 15133
 3143  3262
 3164  2998
 3180  3282
 3191  3022
 3226  2995
 3288  3345
 3304  3046
 3314  3035
 3318  3096
 3353  3403
 3406  3106
 3471  3148
 3539  3258
 3540    54
 3558  3198
 3566  3214
 3577  4750
 3586  3251
 3590  3236
 3622  3515
 3654 12038
 3656  3491
 3742  3866
 3753  3314
 3769  3330
 3773  3569
 3797  3325
 3831  3377
 3848  3373
 3850  3585
 3904  3633
 3909  3400
 3918  3882
 3995  3671
 4014  3415
 4036  3720
 4061 14482
 4092  4484
 4112  3744
 4134  3709
 4146  3336
 4169  3745
 4198  7406
 4209  3743
 4244 13218
 4276 17515
 4285  3502
 4287  3636
 4314  8003
 4355  2955
 4362  3596
 4391  3592
 4409  3702
 4514  3673
 4518  3678
 4541  3703
 4546 12731
 4559  4164
 4601  9422
 4607  2966
 4622  3731
 4662  2401
 4672  3747
 4705 10434
 4706  4797
 4730  5146
 4804  4669
 4809  4880
 4813  4673
 4868  4711
 4873  4710
 4878  4709
 4901  4739
 4907  4761
 4916  4757
 4931  4779
 4936 12284
 4943  5384
 4954  4824
 4957  4824
 4961  4829
 4972  4830
 4991  4874
 4992  4875
 5000  4892
 5002  4898
 5010  4907
 5032  4928
 5045  4948
 5059  4964
 5090  1569
 5100 15334
 5134  5445
 5142  5445
 5159 17978
 5167  5457
 5186 20498
 5206 14940
 5214  5471
 5246  8946
 5284 13253
 5319  4260
 5362  6041
 5432  2402
 5453  7153
 5527   213
 5536  5612
 5553  5581
 5587 10109
 5595  5661
 5597  5607
 5604 13990
 5631  5637
 5636  5639
 5654  5654
 5656  2171
 5664  5836
 5666  5808
 5669  5712
 5677  5687
 5686  5871
 5696  5714
 5699  5708
 5707  5725
 5712  5725
 5734  5757
 5742  5772
 5756  5688
 5763  5814
 5765  5802
 5785  5843
 5787 17682
 5804  5848
 5812  5862
 5852  5801
 5888  6025
 5890  5953
 5899  7747
 5905  5895
 5927  6066
 5933  6039
 6019 12822
 6023  6616
 6034 11194
 6040  6753
 6055  7391
 6056  7366
 6057  1535
 6076  8885
 6084  7391
 6102  6840
 6116  6918
 6117  5589
 6140  6172
 6159  5164
 6162   803
 6163  5164
 6214  6991
 6237  5765
 6253 10332
 6302  4872
 6330  7383
 6354 15769
 6363  2369
 6375  8911
 6391 16446
 6408  7480
 6459  3186
 6464  8231
 6468  7617
 6473 15579
 6485  1336
 6495  7993
 6537  7299
 6542  7290
 6613  4484
 6615 17401
 6646  2686
 6648  7093
 6658  2513
 6659  7783
 6669  6693
 6697  5492
 6730  8004
 6738  7782
 6764  9029
 6857  8209
 6864  2897
 6903  7685
 6905  7122
 6906  7824
 6913  7541
 6940  8281
 6968  8034
 6974  7679
 6976  7679
 7097  9066
 7105  7560
 7110  7548
 7116  8458
 7150  8515
 7177  1603
 7226  3354
 7295  5187
 7317  8835
 7328  8739
 7336 16399
 7342  3212
 7352  8759
 7357  9391
 7368  2553
 7401  7977
 7427  8778
 7448  7934
 7450  8031
 7510 14288
 7526  8895
 7541  8193
 7574  9912
 7589  8053
 7594  9094
 7610  8796
 7624  6734
 7636  6737
 7642  6737
 7662   821
 7690  8438
 7692  3522
 7733 20431
 7801 15942
 7843  5720
 7856 14439
 7862  9138
 7879  9136
 7904  9238
 7907  8899
 7922  9342
 7931  9414
 7938  9334
 7939   439
 7973  9417
 8034  9521
 8036  9508
 8047  8979
 8049  9539
 8066  9549
 8083 10596
 8087   932
 8090  9604
 8112  9729
 8124   585
 8129  9722
 8139   821
 8147  9671
 8154  4571
 8155  1364
 8157  9690
 8170  9776
 8225  9795
 8250  1125
 8251  1572
 8304  7491
 8313  1151
 8323   784
 8336  5674
 8357 10035
 8358  9919
 8359 18324
 8377  9766
 8399  5373
 8420  1342
 8465   821
 8472   931
 8486 10296
 8487 10497
 8512  9824
 8539  9828
 8567  9963
 8575  9922
 8607 10593
 8625   476
 8635 10039
 8640 15134
 8641 10541
 8660 10630
 8691 10646
 8709 10666
 8724  8266
 8742 10695
 8767 13218
 8781 10298
 8839  1200
 8864   297
 8878  1780
 8902  5691
 8933   815
 8937 10779
 8955  7414
 8956  2650
 8972 11466
 8988  9744
 9020 19049
 9021  8387
 9056 14280
 9099  8133
 9104  7782
 9107  6729
 9132 16853
 9155   388
 9157  5389
 9222  7542
 9337   402
 9339  4997
 9348 11405
 9370  9686
 9404  3043
 9446 10904
 9530 11067
 9538  8593
 9558   454
 9564  3212
 9570   286
 9586 11216
 9588 11216
 9596 11811
 9606  3610
 9612 11310
 9623 16462
 9624  9419
 9631 14185
 9632 11793
 9633  4401
 9645 11436
 9647   218
 9654 11844
 9658 11503
 9670 11648
 9674 11665
 9709 12227
 9718   401
 9725 11997
 9731 11951
 9755 11969
 9759 12549
 9780  6523
 9809 12542
 9822 10622
 9826  3610
 9833 12488
 9841 12663
 9851 12744
 9876 13142
 9895 12518
 9901  8639
 9999 18297
10018 18522
10109  3366
10128 12820
10174 12935
10231 11705
10259  5519
10277 10961
10363 13681
10395 11705
10659  8526
10888  4104
11113 14255
11234  4571
11531  5780
11678  2355
11805  8682
11887  2673
11901  2672
11910  3384
11981  1603
11988 15381
11989 16965
12177  7496
12343  9084
12457  1758
12886  1838
12887  6895
12927 13442
13002  6895
13052 19298
13086  7286
13130 14680
13135  2822
13155 18255
13210 20525
13348  3154
13448  1647
13517   714
13578 19997
13583 14584
13682 13680
13840 14705
14123 11533
14222 11673
14229  5603
14230 19284
14231 19293
14234  2423
14289  4648
14368  4366
14511 12956
14589  8533
14736  3905
15073 16061
15185 14947
15342  9881
15477  3620
15510  1882
15568 16434
15576  2673
15706 20253
15719 18391
15855  8470
15884 13454
15932  5603
16030 16077
16110  1632
16148 17991
16194 16219
16612  4531
16617 16647
16924  8131
17272  3340
17555  6248
17596 19405
17619 11691
17696 16991
18082  8556
18182 14231
18189 13533
18262  4486
18666 19182
18775  8325
19094  9862
19129 19269
19231 18181
19325  3624
19372  5289
19508 19896
19570  2083
19831  7309
20498  2573
20754  1103
20828   815
20865 13496
20911 18046
20957  8940
21031  5570
21045  3730
21146 16152
21207 11457
21494 14375
21518 18045
21527 17587
21781 16497
21861  8226
21874 13321
21895   391
21925 12515
21949  8368
21962  9862
21972  2443
22062 18182
22132 18300
22327   106
22337  4562
22559 11360
22590 15743
22789  2653
22799 15119
22826  5537
22832 19284
23043 10266
23137 18053
23166  2588
23262  7107
23290 12037
23297  6252
23316  4959
23409 10942
23419  2673
23466 13726
23563  2617
23668  8643
23673 11380
23763 13796
23941  2857
23964   644
24049  3971
24122 18757
24172  6987
24188 14404
24448 13329
24525 13531
24547  8526
24672 14179
24678 16985
24693   643
24762   283
24842 19593
24856  6180
24955  2026
25136   680
25182 16610
25424 13496
25435  9434
25700 19257
25969 10683
26075  8718
26110  1668
26416 16235
26540  1239
26590 11032
26620  1203
26623   243
26655 10430
26671 10154
26706 16157
26765  4231
26782  2673
26932  4225
26954  7266
27028  2176
27077 12550
27087  8208
27120  4413
27123  8325
27149  9391
27151  3352
27187 19775
27264 16543
27271 20508
27283 16294
27452 15079
27653  2117
27654  2117
27656  3048
27672 12020
27674 10456
27712  9718
27746 10749
27778 14391
27951  2884
28094  3954
28101  1850
28111  7627
28231 18364
28233   208
28260    21
28270  6589
28271  8167
28290    42
