    2     0
    4 30498
    5 30490
   13     4
   18     5
   19     6
   20 30493
   23    13
   28  1886
  195    34
  212    44
  216    42
  226    47
  229    66
  231    70
  233    36
  246    75
  251  5023
  257    97
  269    83
  274   117
  275   101
  276    98
  279    94
  280    89
  284   122
  286   106
  290   128
  292   126
  294   142
  295   133
  304   163
  309   111
  310   140
  312   159
  322   177
  324   176
  325   131
  326   135
  333   183
  335   170
  336   197
  345   225
  346   234
  348   240
  352   220
  354   243
  358   233
  360   187
  365   244
  370   274
  373   276
  374   253
  375   269
  376   249
  377   242
  379   284
  381   339
  386   302
  388   221
  389   217
  390   261
  394   296
  396   278
  397   232
  398   310
  404   285
  405   307
  406   312
  409   313
  412   320
  420   330
  422   338
  423   343
  424   318
  428   356
  437   347
  438   384
  443   257
  447   368
  454   391
  456   348
  462   367
  463   353
  466   363
  467   381
  471   377
  472   396
  474   393
  479   418
  484   382
  486   415
  487 12845
  492   426
  496   331
  497   424
  500   432
  502   433
  503   428
  506   422
  508   156
  513   412
  516   442
  518   448
  522   482
  526   444
  535   466
  539   476
  542   457
  543   465
  544   475
  545   463
  546   437
  549   459
  556   447
  557   494
  562   283
  564   496
  568   454
  570   458
  572   478
  573   501
  576   515
  580   215
  584   440
  589   542
  591   495
  594   514
  595   477
  596   512
  597   502
  598   517
  604   480
  610   488
  613   550
  614   524
  618   331
  620   519
  628   538
  629   513
  632   371
  633   544
  638   279
  642   619
  649   595
  656   511
  666   605
  667   655
  668   589
  684   587
  686   590
  689   578
  690   591
  694   705
  695   699
  700   735
  711   709
  713   661
  728   708
  737   688
  747   732
  751   764
  754   749
  763   786
  766   715
  769   801
  779 20883
  783   829
  785   831
  789   827
  790   844
  793   766
  794   766
  799   851
  801   837
  803   879
  807   863
  809   872
  813   886
  814   793
  816   832
  817   879
  819   859
  827   828
  830   866
  835   881
  839   894
  840   889
  844   903
  857   912
  862   865
  867   905
  872   841
  875   937
  880   928
  882   847
  883   944
  888  5645
  889   895
  900   950
  903   970
  904   995
  910   993
  911   943
  912  1011
  913  1008
  915   971
  917   955
  929   967
  930   961
  937  7422
  938   936
  943  1013
  944   978
  949 30420
  951  1039
  954  1006
  957   968
  962  1062
  964  1028
  965  1053
  970  1043
  974  9935
  976  1045
  978  1094
  986  1072
  987  1033
  988  1109
  989  1110
  993  1089
  994  1074
  995  1051
  999  1129
 1000 23416
 1018  1070
 1023  1097
 1030  1142
 1031  1095
 1033  1105
 1046  1153
 1047  7369
 1049  1157
 1051  1160
 1054  1146
 1058  1158
 1060  1148
 1062  1177
 1066  1162
 1068  1163
 1070  1607
 1071  1169
 1074  1167
 1076  1175
 1088  1229
 1092  1189
 1093  1186
 1094  1206
 1100  1232
 1104 21701
 1111  1221
 1112  1222
 1113  1201
 1116  1233
 1119  1272
 1122  1187
 1123  1258
 1124  1262
 1132  1292
 1138  1226
 1141  1288
 1142  1302
 1143  1235
 1144  1235
 1147  1295
 1149  1303
 1154  1314
 1157  1307
 1158  2247
 1159 30349
 1169  1332
 1170  1338
 1175  1263
 1179  1342
 1180  1348
 1185  1336
 1192  1357
 1196  1368
 1198  1365
 1200  1354
 1202  1388
 1211  1401
 1213  1409
 1217  1419
 1218  1408
 1219  1378
 1220  1399
 1221  1377
 1223  1380
 1224  1394
 1227  1398
 1228  1323
 1230  1386
 1231  1384
 1238  1367
 1252  1404
 1255  1441
 1258  1414
 1264  1428
 1267  1404
 1272  1426
 1278  1444
 1282  1459
 1286  1468
 1287  1449
 1291  1309
 1304  1478
 1311  1506
 1312  1504
 1314  1492
 1315  1497
 1316  1505
 1321  1518
 1325  1502
 1336  1523
 1339  1517
 1348  1529
 1363  1561
 1366 24028
 1368  1508
 1370  1510
 1382  1559
 1389  1578
 1398 11617
 1419  1604
 1423  1588
 1424  1575
 1432  1585
 1435  1531
 1437  1536
 1442 23488
 1443  1596
 1445  1599
 1450  1620
 1451  1614
 1458  1598
 1460  1642
 1462  1638
 1463  1617
 1469  1651
 1471  1603
 1472  1643
 1473  1615
 1475  1619
 1479  1657
 1498  1644
 1499  1646
 1501  1662
 1507  1646
 1508  1648
 1513  1667
 1516  1697
 1518  1684
 1520  1684
 1521  1706
 1524  1687
 1525  1717
 1532  1694
 1535  1713
 1537  1719
 1538  1711
 1539  1711
 1540  1716
 1543  1710
 1545  1703
 1546  1712
 1551  1724
 1555  1731
 1565  1745
 1567  1749
 1570  5721
 1575  1736
 1580  1727
 1582  1733
 1586  1775
 1589  1740
 1590  1770
 1596  1787
 1604  1782
 1611  1631
 1617 18655
 1618  1808
 1622  1811
 1624  1788
 1629  1791
 1646  1784
 1647  1854
 1649  1816
 1650  1756
 1653  1837
 1655  1831
 1656  1758
 1662  1844
 1667  1872
 1671  1871
 1675  1866
 1677  1832
 1680  1862
 1685  1887
 1688  1878
 1689  1881
 1692  1893
 1697  1882
 1698  1909
 1699  1884
 1700  1907
 1702  1916
 1710  1877
 1712  1922
 1713  1918
 1718  1933
 1721  1892
 1722  1935
 1723  1942
 1724  1937
 1725  1930
 1727  1929
 1730  1931
 1731  1962
 1733  1965
 1735  1966
 1736  1899
 1737  1973
 1741  1945
 1742  1902
 1743  1903
 1747  1970
 1751  1975
 1752  1967
 1757  1976
 1760  1985
 1761  1864
 1762  1917
 1765  1952
 1766  1989
 1767  1974
 1769  1977
 1772  1980
 1773  2012
 1782  1897
 1783  2001
 1786  2021
 1787  2004
 1788  2027
 1790  2034
 1791  2042
 1793  1954
 1794  2041
 1796  2023
 1797  2040
 1799  2031
 1801  2022
 1802  1910
 1803  2017
 1804  2024
 1805  2016
 1806  2018
 1811  2015
 1812  2039
 1817  2051
 1818  1888
 1821  1987
 1823  1940
 1824  1940
 1827  2011
 1828  2074
 1833  2067
 1835  2098
 1836  2066
 1840  2077
 1841  2033
 1842  2093
 1843  2035
 1844  2088
 1848  2096
 1851  2105
 1853  2110
 1856   425
 1857  2119
 1858  2079
 1859  2131
 1862  2078
 1863  2116
 1873  2167
 1875  2172
 1876  2095
 1878  1997
 1887  2163
 1888  1998
 1891  2094
 1893  2181
 1896  2122
 1897  2153
 1899  2180
 1903  2145
 1904  2205
 1915  2183
 1917  2032
 1919  2187
 1920  2176
 1923  2229
 1924  2237
 1925  2211
 1926  2232
 1930  2144
 1936  2214
 1937  2246
 1939  2130
 1945  2129
 1954  2244
 1956  2231
 1958  2241
 1959  2138
 1961  2168
 1962  2253
 1966  2235
 1971  2236
 1972  2166
 1973  2322
 1974  2184
 1975  2302
 1976  2177
 1980  2282
 1984  2307
 1985  2283
 1988  2299
 1989  2343
 1995  2278
 1997  2273
 1998  2198
 2001  2305
 2007  2270
 2008  2143
 2010  2245
 2011  2222
 2013  2341
 2015  2285
 2022  2247
 2025  2313
 2026  2321
 2031  2309
 2034  2301
 2035  2324
 2036  2300
 2037  2328
 2039  2296
 2040  2306
 2042  2266
 2044  2378
 2045  2320
 2046  2323
 2048  2332
 2049  2330
 2050  2397
 2053  2342
 2056  2383
 2059  2365
 2061  2288
 2063  2351
 2073  2389
 2075  2346
 2076  2352
 2078  2399
 2079  2410
 2080  2338
 2081  2394
 2082  2367
 2083  2337
 2084  2345
 2088  2409
 2090  2368
 2093  2373
 2094  2439
 2096  2364
 2099  2445
 2101  2413
 2102  2371
 2108  2392
 2110  2362
 2111  2154
 2112  2406
 2116  2454
 2117  2401
 2123  2430
 2127  2451
 2128  2464
 2130  2388
 2131  2487
 2134  2398
 2137  2449
 2140  2393
 2141  2476
 2142  2483
 2143  2233
 2144  2457
 2146  2494
 2148  2472
 2149  2421
 2150  2495
 2151  2491
 2152  2492
 2155  2403
 2156  2426
 2160  2493
 2161  2471
 2162  2238
 2164  2400
 2165  2424
 2170  2431
 2174  2467
 2176  2498
 2177  2208
 2181  2463
 2185  2496
 2188  2257
 2189  2475
 2190  2506
 2193  2455
 2195  2529
 2196  2540
 2202  2534
 2204  2486
 2206  2545
 2207  2559
 2210  2573
 2212  2527
 2213  2470
 2215  3232
 2216  2536
 2221  2504
 2224  2550
 2225  2561
 2228  2354
 2234  6309
 2240  2553
 2242  2310
 2243  2580
 2244  2617
 2246  2583
 2250  2571
 2253  2503
 2261  2588
 2270  2531
 2275  2586
 2276  2630
 2279  2532
 2281  2429
 2282  2517
 2285  2526
 2288  2577
 2290  2598
 2293  2548
 2296  2624
 2297  2657
 2298  2596
 2302  2391
 2309  2678
 2314  2641
 2315  2635
 2316  2382
 2318  2423
 2319  2639
 2320  2567
 2321  2565
 2329  6378
 2336  2707
 2351  2713
 2353  2608
 2355  2634
 2358  2742
 2361  2748
 2367  2767
 2370  2691
 2372  2564
 2381  2686
 2383  2642
 2384  2759
 2385  2643
 2390  2647
 2395  2655
 2401  2675
 2404  2690
 2406  2637
 2407  2644
 2408  2718
 2410  2671
 2418  2650
 2420  2766
 2421  2745
 2422  2797
 2425  2632
 2426  2768
 2429  2538
 2435  2690
 2436  2701
 2438  2700
 2439  2702
 2440  2812
 2441  2585
 2444  2792
 2445  2796
 2446  2689
 2447  2734
 2448  2804
 2450  2683
 2455  2829
 2456  2814
 2462  2793
 2466  2793
 2467  2740
 2468  2825
 2470  2820
 2472  2850
 2474  2762
 2476  2710
 2477  2722
 2478  2866
 2479  2827
 2481  2735
 2483  2735
 2485  2876
 2488  2631
 2491  2762
 2494  2644
 2496  2727
 2498  2708
 2504  2882
 2509  2849
 2513  2830
 2516  2750
 2519  2755
 2528  2920
 2529  2683
 2531  2900
 2532  2915
 2533  2890
 2534  2909
 2540  2871
 2542  2730
 2543  2879
 2545  2772
 2546  2868
 2547  2780
 2552  2928
 2553  2779
 2555  2893
 2556  2886
 2560  2859
 2574  2943
 2576  2788
 2577  2948
 2582  2894
 2584  2914
 2586  2751
 2591  2891
 2593  2903
 2597  2918
 2599  2984
 2601  2946
 2612  2834
 2615  2953
 2619  2955
 2627  2976
 2630  2956
 2632  2824
 2633  2980
 2635 30449
 2639  2960
 2642  2967
 2643  2950
 2644  2973
 2649  2970
 2651  3011
 2659  3045
 2661  2978
 2671  2994
 2676  3020
 2680  3021
 2682  3029
 2690  3056
 2692  3069
 2693  3016
 2695  2968
 2699  3065
 2700  3052
 2704  3058
 2709  3050
 2713  3044
 2714  3095
 2723  3129
 2726  3097
 2727  3135
 2728  3137
 2729  3012
 2732  3139
 2733  3098
 2740  3120
 2745  3099
 2746  3148
 2747  3118
 2751  3126
 2752  3117
 2755  3051
 2765  3167
 2766  3136
 2771  3185
 2773  3149
 2794  3190
 2799  3127
 2806  3187
 2807  3224
 2812  3152
 2814  3179
 2821  3234
 2825  3242
 2830  3199
 2838  5865
 2840  3270
 2842  3243
 2848  3254
 2849  3245
 2858  3329
 2859  3300
 2866  3221
 2867  3301
 2868  3171
 2870  3277
 2880  3250
 2881  3290
 2892  3262
 2895  3238
 2896  3375
 2901  3268
 2905  3334
 2910  3372
 2911  3353
 2915  3355
 2919  3321
 2921  3258
 2935  3240
 2941  3412
 2943  3376
 2944  3286
 2949  3430
 2952  3366
 2954  3377
 2956  3386
 2959  3385
 2964   576
 2969  3399
 2977  3423
 2981  7369
 2987  3434
 2991  3415
 2993  3427
 2995  3424
 3007  3451
 3008  3468
 3011  3482
 3016  3414
 3017  3445
 3020  3457
 3022  3476
 3027  3499
 3033  3448
 3036  3483
 3037  3455
 3041  3344
 3042  3529
 3043  8761
 3049  3519
 3053  3500
 3067  3501
 3068  3487
 3069  3546
 3074  3524
 3086  3488
 3088  9621
 3094  3522
 3098  3550
 3100  3552
 3104  3558
 3106  3541
 3107  3535
 3110  3539
 3111  3549
 3114  3563
 3117  3575
 3118  3574
 3119  3623
 3124  3598
 3125  3561
 3126  3602
 3128  3614
 3129  3595
 3132  3572
 3135  3618
 3136  3593
 3138  3569
 3143  3609
 3144  3599
 3149  3585
 3152  3582
 3155  3581
 3157  3654
 3158  3590
 3159  3622
 3166  3673
 3167  3498
 3170  3647
 3175  3511
 3178  3659
 3180  3664
 3187  3709
 3190  3662
 3191  3696
 3192  3683
 3195  3656
 3197  3669
 3200  3670
 3201  3680
 3214  3657
 3216  3741
 3220  3772
 3221  3750
 3224  3703
 3226  3784
 3228  3716
 3232  3727
 3234  3707
 3237  3742
 3242  3697
 3243  3768
 3244  3793
 3246  7053
 3248  3811
 3249  3776
 3250  3690
 3253  3753
 3255  3653
 3256  3812
 3259  3754
 3261  6765
 3262  3726
 3263  3706
 3264  3788
 3266  3771
 3267  3818
 3273  3722
 3277  3764
 3279  3795
 3280  3751
 3281  3752
 3285  3735
 3286  3745
 3287  3744
 3293  3786
 3298  3790
 3304  3844
 3305  3845
 3307  3843
 3314  3872
 3318  3852
 3322  3799
 3323  3808
 3330  3871
 3335  3831
 3339  3889
 3340  3827
 3344  3810
 3349  3865
 3350  3851
 3353  3850
 3357  3859
 3374  3748
 3378  3910
 3383  3937
 3388  3902
 3396  3901
 3397  3934
 3401  3890
 3409  3797
 3411  3933
 3420  3938
 3424  3913
 3425  3822
 3426  3949
 3427  3955
 3431  3928
 3436  3917
 3440  3966
 3442  3947
 3443  3919
 3444  3954
 3448  3969
 3450  3941
 3451  3964
 3456  3976
 3467  3984
 3470  3942
 3471  4018
 3476  3977
 3478  4031
 3480  3970
 3486  3975
 3488  3995
 3492  3987
 3493  3993
 3494  3981
 3500  4010
 3503  4028
 3506  4008
 3514  4025
 3518  4007
 3519  4003
 3529  4038
 3530  4014
 3536  4058
 3539  4079
 3541  4053
 3543  4041
 3544  4035
 3545  4044
 3546  4080
 3548  4089
 3551  4065
 3552  4048
 3555  3961
 3557  4057
 3559  4064
 3561  4130
 3564  4061
 3566  4134
 3567  4144
 3574  4093
 3579  4091
 3580  4100
 3584  4095
 3585  4115
 3586  4158
 3590  4153
 3592  4122
 3594  4113
 3596  4096
 3601  4135
 3608  4143
 3610  9913
 3611  4149
 3614  4126
 3617  4157
 3619  4148
 3620  4120
 3622  4132
 3626  4123
 3628 18655
 3637  4146
 3638  4176
 3642  4151
 3643  4168
 3644  4163
 3647  4198
 3648  4179
 3652  4184
 3654  4152
 3656  4208
 3657  4162
 3664  4166
 3667  4161
 3669  4178
 3676  4221
 3681  4180
 3682  4186
 3683  4182
 3684  4190
 3685  4280
 3702  4250
 3705  4226
 3706  4214
 3708 14906
 3712  4230
 3716  4272
 3718  4236
 3720  4224
 3727  4261
 3729  4249
 3731  4245
 3732  4273
 3737  4243
 3745  4289
 3747  4267
 3748  4320
 3749  4279
 3751  4283
 3753  4327
 3759  4340
 3760  4278
 3766  4294
 3768  4351
 3769  4341
 3778  4319
 3788  4142
 3797  4379
 3801  4321
 3804  4309
 3812  4329
 3813  4350
 3828  4372
 3831  4410
 3832  4339
 3833  4335
 3836  4346
 3838  4355
 3840  4356
 3843  4444
 3846  4359
 3847  4395
 3850  4399
 3851  4451
 3853  4223
 3858  4374
 3859  4363
 3870  4447
 3880  4394
 3882  4252
 3887  4431
 3894  4270
 3896  4463
 3904  4419
 3906  4443
 3907  4464
 3908  4480
 3909  4538
 3913  4436
 3915  4497
 3918  4390
 3923  4485
 3926  4504
 3927  4493
 3929  4481
 3937  4492
 3951  4490
 3952  4423
 3953  4521
 3954  4583
 3955  4580
 3956  4524
 3958  4525
 3959  4437
 3966  4518
 3971  4510
 3972  4541
 3979  4421
 3980  4543
 3988  4489
 3989  4561
 3992  4375
 3993  4564
 3995  4569
 3997  4549
 3998  4565
 4003  4566
 4006  4619
 4008  4576
 4009  4632
 4015  4571
 4016  4573
 4018  4513
 4025  4512
 4031  4614
 4037  4519
 4041  4620
 4047  4656
 4050  4530
 4064  4530
 4068  1910
 4073  4520
 4075  4659
 4077  4661
 4083  4625
 4092  4600
 4096  4663
 4101  4517
 4103  4652
 4106  4713
 4111  4673
 4112  4649
 4122  4687
 4125  4665
 4128  4680
 4131  5023
 4132  4676
 4143  4688
 4149  4701
 4151  4710
 4155  4689
 4157  4691
 4160  4695
 4161  4626
 4165  4690
 4167  4681
 4172  4714
 4175  4604
 4181  4718
 4199  4779
 4209  4753
 4222  4762
 4224  4743
 4228  4750
 4229  4745
 4236  4803
 4238  4764
 4243   651
 4244  4770
 4245  4715
 4252  4768
 4253  4729
 4254  4740
 4258  4792
 4268  4694
 4270  4821
 4271  4784
 4273  4833
 4274  4778
 4284  4774
 4285  4873
 4287  4742
 4288  4852
 4292  4873
 4294  4796
 4298  4815
 4299  4719
 4304  4808
 4306  4825
 4317  4773
 4319  4817
 4322  4905
 4324  4754
 4325  4860
 4328  4806
 4332  4786
 4333  4829
 4344  4886
 4362  4921
 4367  4789
 4370  4787
 4376  4881
 4391  4935
 4396  4963
 4397  4824
 4401  4807
 4403  4843
 4409  4866
 4424  4789
 4425  4984
 4433  4999
 4434  5002
 4436  4986
 4438  4773
 4439  4988
 4443  4992
 4444  4946
 4445  4932
 4447  4996
 4451  5026
 4454  5017
 4457  4882
 4458  4962
 4469  5004
 4471  5021
 4476  5006
 4489  5051
 4490  5037
 4491  5034
 4499  4951
 4503  5050
 4504  5065
 4505  1160
 4508  5043
 4509  5061
 4511  4973
 4514  5081
 4516  4997
 4518  5084
 4525  4991
 4527  5015
 4530  5078
 4539  5032
 4540  5023
 4541  5093
 4546  5115
 4551  5140
 4552  5103
 4553  5000
 4554  5022
 4557  5156
 4562  5173
 4563  5119
 4573  5175
 4577  5124
 4578  1658
 4583  5179
 4586  5147
 4593  5064
 4594  5172
 4595  5075
 4606  1673
 4614  5214
 4617  5157
 4619  5097
 4626  5212
 4627  5188
 4628  5082
 4631  5092
 4632  5194
 4633  5197
 4634  5176
 4640  5204
 4641  5305
 4642  5101
 4643  5198
 4647  5221
 4649  5141
 4651  5113
 4652  5209
 4653  5240
 4666  5159
 4672  5272
 4680  5249
 4685  5177
 4696  5255
 4697  5163
 4702  5233
 4703  5192
 4705  5202
 4706  5344
 4707  5314
 4708  5302
 4710  5284
 4715  5297
 4723  5319
 4728  5381
 4734  5239
 4738  5310
 4741  5238
 4745  5339
 4746  5347
 4747  5321
 4755  3125
 4759  5365
 4766  5358
 4768  5328
 4771  5388
 4776  5371
 4783  5009
 4783  5300
 4790  5382
 4791  5416
 4793  5404
 4796  5425
 4801  5446
 4803  5338
 4807  5413
 4815  5431
 4817  5458
 4820  5479
 4833  5477
 4835  5447
 4838  5427
 4839  5423
 4840  5454
 4842  5488
 4844  5462
 4850  5499
 4856  5478
 4858  5481
 4868  5518
 4869  5523
 4870  5509
 4873  5524
 4878  5534
 4879  5505
 4881  5544
 4882  5463
 4887  5482
 4892  5498
 4896  5543
 4899  5501
 4901  5573
 4903  5553
 4904  5532
 4907  5561
 4912  5560
 4915  5554
 4916  5591
 4919  5513
 4920  5513
 4926  5493
 4927  5531
 4928 10498
 4929  5574
 4938  5597
 4940  5629
 4943  5604
 4944  5570
 4946  5586
 4954  5663
 4957  5663
 4961  5673
 4962  5610
 4963 24683
 4964  5615
 4965  7579
 4966  5609
 4969  5654
 4972  5680
 4979  5631
 4986  5725
 4987  5649
 4991  5719
 4992  5726
 4996  5669
 5003  5665
 5005  5717
 5010  5747
 5013  5758
 5018  5763
 5020  5756
 5022  5688
 5024  5732
 5028  5701
 5029  5766
 5030  5702
 5032  5775
 5033  5675
 5034  5770
 5036  5753
 5045  5778
 5051  5784
 5053  5720
 5059  5785
 5063  5790
 5069  5715
 5073  5715
 5075  5797
 5092  5819
 5095  5833
 5101  5836
 5106  5111
 5114  5830
 5116  5846
 5124  5789
 5128  5861
 5131  5844
 5133  5871
 5134  5832
 5139  5857
 5141  5849
 5150  5874
 5158  5909
 5163  5897
 5164  5901
 5167  5899
 5170  5893
 5172  5912
 5174  5926
 5183  5922
 5186  5903
 5187  5923
 5195  5934
 5196  5935
 5199  5945
 5201 20169
 5204  5982
 5206  5946
 5209  5964
 5211  5942
 5213  6042
 5214  5999
 5220  5986
 5221  5938
 5226  5987
 5233  6038
 5235  5960
 5236  6021
 5238  5990
 5244  6018
 5246  7883
 5247  6030
 5250  5957
 5251  5985
 5254  6017
 5259  6050
 5262  6073
 5263  5992
 5266  6006
 5268  6062
 5272  6064
 5278  6051
 5280  6055
 5294  6058
 5295  6099
 5296  6074
 5300  6116
 5301  6088
 5302  6118
 5305  6065
 5310  6066
 5319  6063
 5324  6076
 5325  6091
 5337 16971
 5341  6196
 5348  6219
 5352  6200
 5353  6202
 5354  6096
 5355  6190
 5357  6151
 5358  6127
 5359  6114
 5360  6266
 5362  6199
 5367  6263
 5367  6275
 5368  6117
 5371  6162
 5376  6135
 5379  6217
 5380  6275
 5383  6229
 5387  6283
 5388  6266
 5389  6250
 5393  6148
 5394  6122
 5396  6264
 5398  6272
 5404  6251
 5406  6284
 5410  6326
 5411  6149
 5414  6173
 5415  6289
 5419  6235
 5420  6236
 5427  6240
 5428  6313
 5429  6206
 5432  6350
 5433  6310
 5437  6352
 5438  6358
 5442  6215
 5443  6255
 5444  6256
 5445  6336
 5446  4411
 5449  6346
 5451  6324
 5453  6242
 5457  6233
 5458  6356
 5459  6234
 5460  6257
 5461  6244
 5465  6361
 5467  6364
 5468  6293
 5469  6361
 5473  6418
 5475  6226
 5479  6386
 5480  6424
 5482  6404
 5483  6294
 5484  6271
 5485  6281
 5490  6387
 5491  6390
 5492  6305
 5494  6304
 5498  6417
 5500  6401
 5501  6436
 5503  6429
 5507  6438
 5511  6323
 5513  6446
 5515  6439
 5516  6431
 5517  6441
 5518  6482
 5519  6274
 5519  8630
 5520  6434
 5521  6278
 5526  6292
 5527  6442
 5530  6287
 5531  6474
 5533  6355
 5536  6460
 5540  6339
 5541  6372
 5542  6341
 5544  6340
 5546  6337
 5547  6469
 5550  6345
 5554  6373
 5555  6501
 5558  6369
 5559  6518
 5560  6534
 5561  6517
 5562  6396
 5565  6385
 5566  6485
 5569  6360
 5570  6492
 5572  6367
 5576  6511
 5577  6378
 5579  6522
 5580  6342
 5583  6521
 5585  6365
 5586  6359
 5588  6514
 5590  6444
 5594  6392
 5595  6537
 5597  6557
 5600  6440
 5601  6377
 5603  6426
 5606  6574
 5607  6443
 5616  6454
 5617  6561
 5618  6458
 5619  6472
 5623  6462
 5624  6463
 5625  6470
 5629  6497
 5630  6500
 5631  6593
 5632  6480
 5634  6450
 5635  6489
 5636  6596
 5638  6506
 5639  6481
 5640  6503
 5643  6502
 5645  6452
 5647  6568
 5652  6494
 5655  6473
 5661  6509
 5663  6535
 5668  6542
 5669  6615
 5672  6526
 5674  6519
 5677  6638
 5678  6545
 5679  5697
 5686  6551
 5688  6553
 5689  6560
 5693  6569
 5696  6652
 5697  6570
 5699  6657
 5701  6579
 5702  6650
 5704  6625
 5705  6645
 5707  6671
 5708  6641
 5709  6548
 5710  6636
 5711  6653
 5712  6671
 5716  6581
 5718  6583
 5719  6656
 5721  6644
 5728  6591
 5731  6703
 5733  6576
 5734  6689
 5735  6592
 5737  6573
 5738  6599
 5739  6697
 5740  6614
 5741  6589
 5742  6709
 5746  6613
 5751  6694
 5753  6734
 5756  6607
 5763  6725
 5764  6632
 5765  6745
 5766  6735
 5767  6751
 5768  6667
 5774  6664
 5777  6658
 5781  6767
 5782  6666
 5784  6763
 5788  6770
 5790  6675
 5791  6670
 5796  6681
 5798  6760
 5801  6676
 5804  6781
 5805  6718
 5807  6678
 5810  6679
 5812  6799
 5815  6690
 5817  6795
 5820  6786
 5822  6777
 5827  6708
 5829  6721
 5830  6716
 5832  6818
 5836  6732
 5839  6731
 5840  6700
 5841  6727
 5842  6730
 5844  6807
 5845  6719
 5848  6736
 5852  6713
 5854  6718
 5856  6746
 5858  6699
 5860  6840
 5861 26052
 5865  6832
 5867  6757
 5869  6841
 5871  6752
 5873  6828
 5876  6779
 5877  6766
 5879  6771
 5880  6726
 5881  6843
 5884  6782
 5885  6778
 5888  6762
 5889  6847
 5890  6877
 5892  6835
 5894  6902
 5896  6796
 5900  6835
 5904  7071
 5905  6800
 5906  6804
 5908  6810
 5909  6874
 5911  6913
 5913  6884
 5920  6879
 5923 22865
 5924  6900
 5927  6814
 5932  3013
 5937  6948
 5939  6993
 5940  6973
 5947  6851
 5952  6856
 5954  6867
 5960  7005
 5966  7010
 5969  7004
 5973  7013
 5976  6871
 5978  6899
 5988  9068
 5989  6945
 5991  6890
 5992  6935
 5995  6960
 6001  7055
 6006  7113
 6011  6967
 6014  7068
 6019  1431
 6022  7071
 6023  6986
 6024  7090
 6028  7113
 6030  7063
 6037  6892
 6038  6891
 6039  6895
 6040  6893
 6042  7122
 6046  6904
 6047  7014
 6053  7137
 6054  7154
 6055  7118
 6056  7081
 6058  6917
 6061  7082
 6063  6937
 6065  7094
 6067  6989
 6068  7082
 6070  7160
 6076  7128
 6084  7100
 6089  7172
 6090  7129
 6093  7117
 6095  6994
 6099  7106
 6102  6982
 6103 10167
 6106  7219
 6109  7002
 6124  7008
 6128  7143
 6133  7247
 6135  7053
 6138  7207
 6149  7162
 6153  7050
 6156  7245
 6160  1307
 6164  7058
 6165  7311
 6170  7370
 6171  7207
 6173  7305
 6180  7099
 6187  7073
 6197  7119
 6198  7135
 6206  7145
 6211  7165
 6214  7104
 6216  7274
 6220  7201
 6221  7264
 6225  7447
 6226 20079
 6227  7413
 6229  7655
 6230  7216
 6231  7422
 6235  7420
 6237  7225
 6254  7231
 6268  7198
 6272  7211
 6278  7250
 6284  7455
 6285  7463
 6287  7388
 6289  7442
 6292  7224
 6294  7234
 6297  7223
 6300  7463
 6301  7191
 6303  7439
 6304  7462
 6306  7464
 6307  7265
 6310  7262
 6316  7268
 6319  7236
 6323  7484
 6326  7293
 6328  7255
 6331  7257
 6335  7271
 6336  7261
 6339  7309
 6342  7510
 6349  7340
 6350  7507
 6351  7512
 6353  7362
 6357  7467
 6359  7474
 6362  7542
 6363  7300
 6371  7544
 6375  7281
 6376  7315
 6376  7317
 6378  7408
 6379  7396
 6382  7506
 6383  7325
 6384  7548
 6394  7537
 6396  7555
 6399  7313
 6400  7565
 6402  7424
 6403  7508
 6405  7382
 6409  7570
 6410  7517
 6413  7502
 6414  7431
 6419  7402
 6420  7530
 6422  7390
 6424  7412
 6429  7419
 6430  7543
 6431  7449
 6433  7586
 6441  7436
 6444  7638
 6446  7594
 6447  7438
 6448  7480
 6451  7562
 6452  7433
 6454  7426
 6455  7485
 6458  7488
 6463  5290
 6467  7620
 6472  7684
 6481  7704
 6482  7511
 6486  7662
 6490  7519
 6493  7478
 6494  7673
 6497  7601
 6504  7527
 6505  7676
 6508  7529
 6511  7491
 6515  7532
 6520  7150
 6524  7499
 6526  7707
 6528  7525
 6529  7722
 6532  7703
 6534  7560
 6535  7559
 6539  7493
 6540  7494
 6542  7614
 6544  7696
 6546  7567
 6551  7569
 6553  7732
 6556  7523
 6558  7553
 6559  7778
 6560  7752
 6561  7582
 6565  7552
 6565 11099
 6571  7740
 6577  7600
 6581  7775
 6582  7531
 6583 24784
 6585  7521
 6586  7774
 6587  7780
 6590  7764
 6596 28104
 6597  7587
 6598  7564
 6599  7667
 6603  7575
 6605  7810
 6607  7648
 6610  7652
 6614  6526
 6615  7580
 6621  7626
 6623  7818
 6625  7683
 6627  7666
 6628  7584
 6629  3235
 6634  7824
 6635  7693
 6636  7858
 6640  7876
 6642  7867
 6648  7601
 6649  7713
 6650  7742
 6651  7816
 6654  7681
 6655  7865
 6656  7836
 6659  7766
 6665  7724
 6666  7718
 6667  7888
 6668  7884
 6669  7710
 6671  7727
 6675  9365
 6678  7890
 6679 23697
 6680 22125
 6684  7905
 6685  7731
 6687  7900
 6690  7719
 6691  7921
 6693  7760
 6694  7700
 6698  7756
 6699  6956
 6703  7925
 6705  7716
 6707  7882
 6707 15307
 6708  7739
 6709  7914
 6709  7920
 6710  7914
 6711  7753
 6713  7913
 6714  7501
 6719  7781
 6725  7736
 6726  7796
 6729  7786
 6730  7741
 6731  7789
 6734  8711
 6738  7866
 6743  7959
 6746  7960
 6748  7882
 6751  7885
 6755  7972
 6761  7811
 6765  7838
 6768  7983
 6769  7829
 6770  7979
 6772  7856
 6776  7889
 6781  7855
 6782  7844
 6784  5262
 6787  7787
 6788  7815
 6792  8007
 6793  7817
 6799  7853
 6803  8018
 6806  7820
 6808  7873
 6811  7895
 6816  7840
 6817  7842
 6818  7915
 6824  7912
 6826  7907
 6837  7919
 6839  7862
 6843  8077
 6845  7916
 6848  7917
 6851  7929
 6852  7875
 6853  7949
 6857  7886
 6861  7941
 6869  7974
 6870  7875
 6873  7935
 6877  7946
 6878  7966
 6879  7931
 6880  8059
 6882  7958
 6883  7954
 6885  7923
 6886  7963
 6893  7962
 6896  8177
 6898  7976
 6904  8087
 6905  7977
 6906  8021
 6907  7984
 6916  8097
 6921  8001
 6922  7991
 6927  8017
 6928  7968
 6930  7996
 6931  8006
 6932  8113
 6936  8020
 6940  7982
 6942  7997
 6943  8022
 6945  8091
 6950  8025
 6958  8036
 6960  8145
 6961  8040
 6967  8075
 6970 11829
 6971  8211
 6973  8125
 6974  8053
 6975  8183
 6976  8053
 6981  8055
 6985  8041
 6987  8050
 6991  8067
 6993  8188
 6999  8205
 7001  8064
 7006  8072
 7014 15307
 7019  8238
 7028  8244
 7029  8100
 7036 20169
 7037  8084
 7041  8106
 7042  8083
 7043 24355
 7050  8109
 7054  8269
 7056  2933
 7063  8115
 7067  8126
 7070  8130
 7073  8138
 7074  8195
 7078  8128
 7086  8149
 7087  8283
 7088  8318
 7090  8161
 7091  8155
 7092  8318
 7093  8143
 7097  8158
 7100  8311
 7105  8140
 7110  8150
 7111  8160
 7112  8314
 7114  8178
 7118  8152
 7123  7786
 7128  8189
 7129  8163
 7132  8171
 7133  8245
 7134  8200
 7135  8199
 7137  8201
 7141  8169
 7142  8354
 7145  8356
 7146  8191
 7153  8136
 7155  8208
 7156  8375
 7159  8224
 7160  8193
 7161  8226
 7164  8206
 7165  8232
 7166  8219
 7169  8220
 7176  8394
 7178  8239
 7193  8230
 7195  8252
 7196  8369
 7197  8427
 7201  8410
 7205  8248
 7209  8263
 7217  8265
 7218  8280
 7219  8288
 7224  8276
 7226  8434
 7227  8259
 7232  8267
 7233  8268
 7235  8432
 7238  8271
 7239  8307
 7240  8272
 7247  8309
 7248  8312
 7249  8446
 7250  8278
 7251  8464
 7252  8465
 7254  8285
 7256  8328
 7257  8282
 7263  8339
 7265  8337
 7266  8470
 7271  8342
 7273  8479
 7279  8387
 7280  8303
 7285  8484
 7289  8287
 7290  8326
 7291  8340
 7293  8332
 7296  8296
 7299  8323
 7303  8455
 7304  8365
 7305  8367
 7306  8368
 7310  8503
 7311  8315
 7315  8338
 7317  8338
 7318  8349
 7319 29267
 7326  8516
 7327  8343
 7328  8322
 7336  8520
 7338  8407
 7341  8361
 7344  8509
 7345  8371
 7347  8357
 7348  8458
 7349  8363
 7352  8346
 7353  8370
 7354  8393
 7356  8401
 7357  8395
 7362  8353
 7364  8359
 7367  8413
 7369  8546
 7371  8419
 7372  8360
 7373  8544
 7374  7285
 7378  8422
 7380  8425
 7388  8391
 7389  8414
 7393  8562
 7396  8562
 7398  8397
 7401  8421
 7403  8379
 7408  8557
 7410  8444
 7413  8389
 7414  8453
 7422  8404
 7425  8501
 7426  8466
 7429  8582
 7441  8430
 7445  8436
 7448  8456
 7451  8423
 7452  8447
 7456  8508
 7459  8452
 7463  8488
 7466  8462
 7469  8559
 7471  8460
 7473  8451
 7475  8467
 7477  8541
 7478  8493
 7480  8459
 7483  8572
 7488  8468
 7492  8511
 7493  8476
 7497  8523
 7498  8650
 7499  8524
 7500  8752
 7501  8647
 7502  8613
 7506  8551
 7510  8560
 7515  8634
 7517  8535
 7518  8618
 7520  8611
 7521  8630
 7524  8631
 7528  7497
 7529  8599
 7532  8573
 7534  8642
 7535  8609
 7540  8510
 7543  8522
 7545  8716
 7546  8656
 7553  8657
 7555  8578
 7556  8591
 7560  8638
 7564  8601
 7566  8597
 7568  8635
 7570  8569
 7572  8736
 7577  8714
 7579  8694
 7581  8763
 7585  8691
 7586  8682
 7589  8636
 7592  8648
 7594  8605
 7596  8676
 7599  8632
 7599  8644
 7601  8738
 7605  8627
 7610 23228
 7614  8720
 7617  8664
 7619  8620
 7621  8667
 7622  8674
 7626  8698
 7628  8622
 7630  8667
 7632  8662
 7633  8743
 7635  8664
 7641  8722
 7642  8699
 7646  8718
 7648  8749
 7652  8698
 7654  8828
 7658  8757
 7659  8702
 7660  8672
 7665  8762
 7666  8683
 7667  8615
 7673  8700
 7674  8768
 7678  8633
 7681  8701
 7683  8772
 7689  8771
 7691  8586
 7695  7222
 7697  8828
 7698  8792
 7699  7222
 7704  8761
 7710  8791
 7719  8859
 7720  8854
 7732  8774
 7737  8866
 7750  8787
 7759  8868
 7760  8687
 7763  9974
 7771  8896
 7777  8871
 7783  8807
 7786  1133
 7790  8873
 7791  7299
 7795  8824
 7801  8884
 7804  8898
 7810  8902
 7813  8901
 7816 18910
 7817  8906
 7818  8848
 7821  8914
 7828  8907
 7831  8923
 7838  6401
 7839 10072
 7841  8981
 7843  8964
 7850  8975
 7851  8876
 7852  8878
 7855  8875
 7860  9004
 7863  8957
 7864  8949
 7865  8982
 7867  8963
 7868  8988
 7870  9028
 7872 22518
 7876  8912
 7882  8890
 7884  8904
 7885  9020
 7886  8899
 7887  8909
 7891  8992
 7892  9039
 7895  9022
 7899  8989
 7907  8930
 7908  8915
 7910  9015
 7916  9009
 7918  8932
 7921  9027
 7922  9021
 7924  8925
 7925  8929
 7926  9001
 7929  8995
 7932  8927
 7935  9033
 7937  8938
 7938  9040
 7941  8933
 7942  9017
 7946  9036
 7949  8952
 7952  9048
 7958  9113
 7959 18712
 7961  8955
 7962  8959
 7964  8967
 7970  8965
 7971  9047
 7972  9057
 7973  9063
 7975  9071
 7978  8965
 7979  8968
 7980  9069
 7990  8983
 7991  9128
 7998 24275
 7999  9096
 8005  9100
 8008  9124
 8021  9109
 8026  7222
 8030  9105
 8031  9081
 8032  9149
 8034  9126
 8036  9111
 8046 27323
 8049  9137
 8053  9031
 8058  9053
 8062  9172
 8063  9119
 8066  9139
 8070  9163
 8072  9175
 8073  9175
 8079  9064
 8084  9066
 8090  9167
 8092  9171
 8100  7222
 8100 24275
 8102  9202
 8109  9181
 8112  9093
 8113  9084
 8114  9224
 8125  9094
 8126  9176
 8131  9101
 8135  6681
 8136  9225
 8141  9199
 8147  9211
 8149  9115
 8151  9206
 8154  1432
 8157  9228
 8158  9131
 8167  9231
 8168  9143
 8170  9222
 8171  6740
 8172  9226
 8174  9156
 8178  9095
 8182  9154
 8183  9265
 8200  9232
 8201  9169
 8205  9237
 8207  9331
 8208  9190
 8210  9194
 8211  9173
 8219  9166
 8220  9187
 8221  9251
 8222  9191
 8226  9250
 8241  9195
 8245  9274
 8247  9427
 8248  9330
 8249  7064
 8252  7299
 8258  9217
 8259  9258
 8261  9213
 8264  9281
 8266  9403
 8268  9295
 8271  9310
 8274  9215
 8277  9321
 8283  9347
 8284  9218
 8287  9326
 8289  9280
 8290  9312
 8294  9220
 8298  9241
 8301  9348
 8302  9309
 8303  9244
 8306  9358
 8316  9370
 8322 24412
 8324  9290
 8326  9207
 8328  9254
 8334  9267
 8336  9273
 8339  9273
 8340  9412
 8345  9307
 8346  9266
 8347  9282
 8350  9291
 8352  9287
 8353  9307
 8354  9386
 8357  9286
 8358  9382
 8364  9269
 8365  9404
 8371  9299
 8373  9394
 8377  9261
 8378  9307
 8378  9329
 8381  7299
 8383  9428
 8384  9487
 8387  9293
 8388  9305
 8389  9296
 8393  9338
 8399  9440
 8402  9335
 8404  9389
 8405  7222
 8405 24275
 8406  9377
 8412  9420
 8414  9298
 8415  9315
 8418  9413
 8421  9303
 8423  9424
 8424  9354
 8426  7222
 8431  9372
 8433  9422
 8434  9489
 8436  9434
 8437  9421
 8439  9371
 8453  9502
 8457 24630
 8459  9438
 8460  9357
 8465 16656
 8468 20042
 8469  9379
 8470  9481
 8474  9406
 8476  9489
 8486  9399
 8494  9958
 8497  9361
 8503  9364
 8507  9459
 8508  9462
 8509  9393
 8512  9374
 8518  9365
 8521  6347
 8528  9484
 8532  9375
 8535  9466
 8537  9506
 8539  9401
 8540  9552
 8541  9486
 8546  9482
 8547  9519
 8549  1462
 8554  9505
 8556  9493
 8558  9461
 8559  9493
 8562  9501
 8567  9423
 8572  9473
 8573  9498
 8575  9430
 8576  9495
 8581  9522
 8585  9569
 8588  9551
 8591  9410
 8592  9494
 8596  7222
 8597  7222
 8602  9537
 8603  9527
 8605  9576
 8607  9520
 8609  9618
 8611  9487
 8614  9508
 8615  9550
 8617  9475
 8622  6444
 8627  9463
 8638  9570
 8639  9474
 8641  9511
 8649  9491
 8660  9577
 8664  7222
 8666  9605
 8676  9632
 8677  9503
 8690  9559
 8691  9543
 8695  9534
 8697  9626
 8708  9646
 8711  9606
 8715  2413
 8716  9528
 8720  9524
 8722  9699
 8724  9644
 8733 10094
 8735  9544
 8742  9624
 8743  9643
 8744  9678
 8746  9617
 8752  9651
 8759  9735
 8766  6127
 8768  9662
 8775  9567
 8776  9571
 8780  9661
 8783  9660
 8785  9656
 8790  9575
 8791  9601
 8794  9705
 8813  9716
 8815  9666
 8824  9592
 8825  9640
 8828  6274
 8829  9672
 8831  9733
 8834  9648
 8843  9638
 8846  9792
 8847 16189
 8848  9751
 8853  9707
 8854  9246
 8860  9739
 8861  9734
 8863  9768
 8867  9680
 8869  9615
 8870  9683
 8872  9730
 8873  9820
 8874  9692
 8875  9658
 8877  9621
 8879 20794
 8881  9703
 8882  9720
 8883  9659
 8888  9725
 8890  9809
 8891  9793
 8895  9780
 8897  9708
 8899  9802
 8901  9767
 8916  9750
 8917  9817
 8919  8162
 8922  9800
 8923 10028
 8924  9755
 8929  9737
 8935  9722
 8938  9689
 8940  9818
 8943  9819
 8945  9628
 8949  9748
 8950  9833
 8953  9743
 8955  9765
 8956 21701
 8958  9804
 8961  9764
 8962  9858
 8966  9713
 8967  9857
 8970  9836
 8972  9824
 8973  9726
 8976  9836
 8978  9723
 8986  9747
 8999  9782
 9002  9911
 9004  9987
 9011  9981
 9019  9790
 9021  9760
 9022  9864
 9024  9799
 9025  9871
 9026  9859
 9027  9871
 9028  9842
 9032  9835
 9034  9962
 9040  9970
 9041  9775
 9044  9874
 9047  9942
 9048 10036
 9061  9953
 9063 10026
 9069  9976
 9071 10057
 9072 10076
 9074 10028
 9074 20335
 9075 19163
 9080  9957
 9083  9869
 9084  9917
 9091  9890
 9093 10003
 9094  9856
 9103 10043
 9108  9714
 9109  9825
 9110  9958
 9111  9873
 9112  9832
 9115  9821
 9116  9840
 9117  9711
 9118  9943
 9122  9838
 9123 10107
 9125  9878
 9126  9729
 9129  9935
 9131  9938
 9137  9960
 9142  9834
 9144  9847
 9147  9997
 9152 10149
 9158 10094
 9160 25876
 9166 10225
 9174 10236
 9177  9961
 9184  9903
 9185 10246
 9186  9964
 9187 10241
 9192 10202
 9195  9915
 9196 28803
 9198 10006
 9199 10208
 9201  9928
 9206  9916
 9210 10020
 9216  9870
 9220  9748
 9222 10100
 9229 10219
 9232  9973
 9234 10042
 9235 10038
 9236 10042
 9237 10051
 9238 10248
 9239 10204
 9240 10034
 9244 10287
 9246  9851
 9250  9974
 9261 10265
 9262  9985
 9264 10254
 9265 10010
 9269  9972
 9270  9850
 9271  9954
 9273 10309
 9275  9892
 9276  9952
 9278  9965
 9279  9945
 9280  7292
 9281 10302
 9282 10113
 9284 10127
 9285 10112
 9286  9967
 9287  9929
 9288 10008
 9290  9933
 9291  9940
 9292 10116
 9293 10050
 9297  9892
 9300 10039
 9304 10177
 9306 10293
 9310  9992
 9311 10117
 9312  9837
 9313 10053
 9315 10171
 9316 10148
 9318  9867
 9319 10289
 9320 10081
 9321  9912
 9321  9936
 9324 10122
 9328  9933
 9331 10139
 9333  9947
 9334 10130
 9338 10143
 9343 10159
 9344 10211
 9345 10169
 9346 10178
 9347  9880
 9351 10067
 9352 10124
 9353 10186
 9358 10264
 9359 10255
 9366 10198
 9371 10074
 9373  9963
 9374 10207
 9375 10255
 9376 10103
 9378 10101
 9380  9880
 9381 10175
 9385 10193
 9387  9951
 9388 10150
 9392 10190
 9394 10249
 9395 10064
 9398 10173
 9400  9914
 9400  9939
 9403 10209
 9405 10176
 9406 10212
 9407 10055
 9410 10102
 9412 10209
 9413 10056
 9414 10147
 9416 10332
 9418 10154
 9421 10226
 9423 10336
 9424  9937
 9426 10258
 9427 10218
 9429  9951
 9430 10157
 9431 10184
 9432 10179
 9433 10097
 9434 10337
 9437 10082
 9438 10195
 9439 10156
 9442 10166
 9443 10135
 9446 10262
 9447 10270
 9449 10253
 9451 10142
 9453 10061
 9454 10000
 9455 10192
 9456 10056
 9457 10120
 9459 10146
 9460 10257
 9461  9982
 9462 10203
 9463 10037
 9465 10153
 9466 10191
 9468  9994
 9470  9982
 9475 10268
 9477 10281
 9478 10071
 9480 10350
 9484 10393
 9486 10180
 9487 10174
 9490 10181
 9491 10027
 9492 10228
 9493 10072
 9494 10300
 9496 10404
 9498 10027
 9499 10079
 9502 10361
 9504 10362
 9505 10223
 9507 10232
 9509 10322
 9512 10379
 9513  2751
 9519 10071
 9520 10136
 9522 10125
 9525 10419
 9526 10301
 9527 10296
 9529 10418
 9530 10307
 9531 10278
 9540 10308
 9542 10434
 9545 10363
 9549 10403
 9553 10432
 9555 10410
 9556 10140
 9559 10437
 9560 10317
 9561 10182
 9562 10311
 9565 10342
 9575 10334
 9577 10453
 9579 10469
 9585 10319
 9586 10341
 9587 10346
 9588 10341
 9590 10463
 9594 10343
 9604 10359
 9605 10395
 9606 10387
 9609 10316
 9612 10377
 9615 10367
 9617 10506
 9617 28274
 9618 10440
 9621 10297
 9622 10375
 9623 10510
 9624 10380
 9629 10508
 9631  2123
 9632 10374
 9640 10529
 9642 10382
 9645 10421
 9651   251
 9652 10539
 9653 10428
 9654 10412
 9658 10433
 9662 10452
 9663 10441
 9664 30498
 9666 10457
 9670 10413
 9674 10411
 9675 10569
 9679 10495
 9687 10476
 9691 10486
 9692 10470
 9695 10490
 9696 10489
 9699 10454
 9702 10435
 9705 10429
 9707 10446
 9708 10518
 9709 10501
 9710 10494
 9717 10531
 9719 10535
 9720 10454
 9725 10524
 9726 10492
 9727 10491
 9729 10456
 9730 10520
 9731 10532
 9734 10516
 9736 10522
 9738 10558
 9739 10552
 9740 10507
 9742 10535
 9743 10520
 9745 26240
 9746 10541
 9747 10517
 9749 10548
 9751 10512
 9752 10527
 9754 10547
 9755 10566
 9756 10538
 9760 10772
 9764 10578
 9765 10753
 9768 10546
 9772 10543
 9776 10584
 9779 10598
 9786 10608
 9788 10585
 9789 10583
 9791 10589
 9792 10587
 9795 10591
 9797 10621
 9798 10593
 9800 10579
 9801 10572
 9802 10596
 9803 10573
 9805 10606
 9809 10604
 9810 10941
 9811 10941
 9813 10624
 9817 10942
 9818 10600
 9822 10624
 9823 10641
 9825 10611
 9829 10634
 9830 10617
 9833 10612
 9835 10626
 9837 10674
 9838 10610
 9839 10619
 9840 11093
 9841 10633
 9844  1241
 9848 10716
 9849 10639
 9854 10640
 9861 10920
 9862 10947
 9865 10678
 9868 10747
 9870 10775
 9873 10787
 9875 10756
 9879 10728
 9881 10682
 9883 10770
 9886 10857
 9887 10692
 9890 10725
 9891 10832
 9893 10636
 9894 10852
 9895 10820
 9899 10778
 9901 10991
 9902 10755
 9904 10843
 9905 10891
 9907 10771
 9909 10895
 9916 10893
 9919 10884
 9922 11195
 9928 10574
 9937 10937
 9943 10873
 9953 10938
 9972 10869
 9984 10996
 9998 16971
10003 10853
10008 11049
10044 10962
10053 11105
10054 10932
10068 11088
10073 11295
10081 11134
10096 11048
10099 10999
10106 11073
10118 11051
10128 11182
10158 11123
10161 11104
10173 11171
10174 11062
10180 11107
10186 11137
10197 11344
10239  7055
10266 11393
10278 11319
10285 11319
10306 11394
10309  8128
10310 11290
10316 11221
10321 11396
10324 11847
10341 11323
10344 11262
10354 11407
10388 11501
10441 11927
10445 11342
10446 11365
10485 11095
10544 11484
10545 11860
10551  2156
10598 11777
10620 11587
10655 11889
10733 12589
10789 22365
10793 11791
10834 11831
10838 12137
10845 21701
10856 12385
10860 12075
10877 12767
10889 12059
10896 12768
10915 12260
10920 12134
10940 12376
10943  4386
10946 12845
10986 12222
10995 12238
11003 12243
11023 12498
11058 14312
11060 15637
11076 12566
11079 12320
11096  5721
11104 23415
11113 12375
11119 13153
11122 13153
11123 13153
11130  9922
11168 11888
11174 12433
11210 12082
11221 12601
11222 12094
11267 13216
11292 12788
11300 12261
11302 12869
11326 12196
11342 13292
11406 12232
11440 12327
11455 12969
11456 13555
11463 12110
11485 10201
11531  1266
11533 12751
11567 13507
11632 13633
11652 13655
11658 13665
11659 10711
11681 13792
11686 12593
11717 12814
11752 18365
11760 12949
11765 19827
11789 12700
11805 12198
11812 15827
11834 13042
11840 17059
11841 20169
11851 12775
11918 14086
11938 12865
11941 12685
11945 13038
11956 13043
11962 12715
11964 12929
11975 12905
11975 12936
11984 13108
11992 13131
12004 13140
12009 12905
12009 12936
12016 12935
12018 12936
12020 12935
12022 12935
12062 13293
12066  3948
12068 12535
12076 12567
12101 12577
12114 13092
12137 13281
12144  3517
12148 14064
12151 13342
12177 13208
12180 12684
12193 13377
12197 13349
12204 13089
12235  9618
12269 13442
12277  7178
12281  7072
12281 13449
12282 13323
12283 13326
12307 13546
12323 15974
12327 13573
12331 13577
12340 12858
12362 13612
12365 13578
12371 14630
12390 14652
12393 13693
12396 13469
12398 13476
12403 13549
12404 14652
12405 14652
12410 13479
12423 14856
12426 12954
12430 13504
12442 13523
12454 29350
12457 18107
12460 13534
12500 13734
12510 14456
12527 13746
12531  1263
12539 13553
12541 13617
12562 13105
12563 13457
12573 13691
12587 13847
12593 13660
12599 13862
12622 14549
12626 13565
12649 13788
12652 14720
12677 14752
12681 13242
12696 14759
12756 14008
12766 14784
12773 14722
12830  4553
12837 14134
12846 13957
12890 14202
12911 15419
12927 13569
12932 15332
12944 22241
12948   576
12983 15039
12991 12614
13001 14231
13013 14320
13023 14515
13024 14162
13025 15258
13038  1783
13051 14286
13053 14199
13075 13703
13078 14448
13106 15696
13116 14935
13125 13765
13147 27965
13161 15009
13164 18138
13184 30270
13197 15482
13225 15507
13228 15471
13233 15518
13266 15635
13297 14532
13335 14869
13339 15996
13348 15994
13356 15994
13400 15416
13416 14567
13418 15890
13445 14897
13456 16064
13472 14979
13492 14206
13498 16061
13513 15900
13538 14214
13568 16002
13568 17081
13583 15093
13621 14382
13641 16132
13654 12422
13678 14418
13680 18233
13707 14481
13709 15243
13749 15307
13757 15324
13768 14067
13785 16348
13808 16383
13821 15415
13827  3653
13901 16720
13932 15547
13939 15322
13951 15641
13960 15605
13984 17690
13990 15658
13998 24851
14031  5837
14050 15772
14052 15469
14063 16110
14103 16971
14123 19007
14138  5721
14150 10440
14154 17041
14192 19904
14226 17301
14229 20308
14231 15812
14253 15854
14264 15866
14291 13893
14299 15907
14313  7000
14333 15941
14381  9579
14390 17461
14407 15318
14412 17657
14466 16099
14537 16233
14543  2936
14560 16222
14564 17506
14567 17467
14593 16235
14645 16378
14661 16189
14663 16342
14666 16363
14679 16342
14699 16301
14769 16545
14800 18122
14803 16346
14807 16579
14834 16379
14850 16402
14851 16859
14871 18376
14872 16587
14880 16442
14884  5675
14908 16469
14945 16699
14962 21800
14979 16772
14988 16575
15006 16717
15015 16828
15026 16856
15030 18567
15044 25942
15070 16656
15095 10410
15112 16964
15121 16949
15125 16960
15154 18754
15161 16985
15163 16918
15182  1337
15197 17032
15219 17046
15232 18808
15255 18889
15257 17082
15279 16891
15300 17164
15315 17158
15324 17229
15328 18106
15363 17232
15403 17019
15404 17287
15413 19101
15422 17314
15448 17898
15459 18023
15464 23060
15529 17187
15552 19327
15566 17477
15576 17273
15577 17062
15584 17272
15592 17254
15613 17478
15635 17332
15648 17580
15659 17597
15660 17344
15678 17620
15708 19532
15712 18479
15754 17742
15762 17735
15860 17409
15878 17319
15889 17819
16011 17934
16015 18077
16049 18124
16050 18123
16068 19350
16075 18028
16105 17890
16158  9469
16183  3840
16186 18282
16188 18015
16199 18034
16202 18020
16205 18022
16209 18312
16229 18058
16292 18096
16299 18111
16301 18405
16303 18399
16334 19247
16394 18507
16397 18512
16403 18224
16460 18170
16468 18332
16482 18341
16509 18271
16522 19634
16529  9076
16531 10431
16573 19740
16581 18735
16607 12023
16614 18621
16622 28471
16640 18773
16667 18767
16740 18907
16836 19016
16876  1291
16890 19163
16951 19234
16951 27662
16953 19231
16975 18970
16979 19224
17119 19160
17119 19161
17127 19351
17145 19190
17150 12932
17153 19219
17158 19126
17168 19560
17176 21634
17199 19178
17207 19654
17219 19304
17260 19654
17264 19677
17271 19562
17298 19387
17299 19403
17347 19773
17352 19790
17363 19794
17374 19477
17379 19492
17385 19500
17396 19741
17399 19508
17413 19522
17415 19495
17449 19893
17469 19592
17482 19582
17483 19601
17502 18297
17509 25289
17513 19633
17539 19999
17542 19944
17551 19693
17555 19689
17562 20060
17565 19698
17579 19730
17602 19733
17613 20071
17619  3116
17626 19759
17632 20062
17650 19798
17684 19977
17703 20101
17744 20221
17746 21016
17768 22359
17787 29897
17823 20254
17851 20269
17889 20339
17892 20325
17920 20355
17957  4419
18008 20197
18041 20225
18047 20506
18051 20515
18053 10826
18056 20155
18073 20573
18166 20647
18185 20691
18186 20154
18189 30108
18236 20668
18305 30099
18331 23189
18344 20912
18355 20115
18355 22301
18406 20698
18451 20677
18473 21134
18570 20850
18572 21197
18586 21252
18589  9632
18623 21323
18654 21330
18713   594
18758 21457
18806 21540
18858 21126
18924 22555
19015 23078
19058  5389
19128 21810
19166 22045
19167  5194
19178 22004
19195 23104
19198 21738
19204 22046
19325 23395
19348 23420
19387   387
19423 22255
19435 22250
19443 24266
19457 23575
19536 22464
19560 24122
19624 22849
19625 22044
19626 26488
19641 23807
19666 22888
19671 22807
19677 24239
19684 22641
19755  8128
19767 26715
19782 24408
19827 23076
19847 21701
19921 25108
19944 23004
19983 24637
20017 23084
20029  9080
20041 23122
20062 22789
20067 24793
20078 24831
20119 24393
20171 25500
20254 22972
20269 28249
20301 24697
20319 23365
20326 24697
20337 24339
20345 25695
20395 26379
20404 25779
20443 25812
20446 21928
20463 23341
20469 23336
20528 25871
20548 23776
20612 26627
20647 27527
20827   283
20863 24334
20877 10403
20923 24196
20925  8783
20949 24016
21008 24275
21066 25689
21088 24479
21143 24204
21217 24245
21218 25981
21239 24273
21245 26463
21252 24619
21281 26601
21319 24417
21389 26549
21405 28514
21435 24802
21440 24863
21474 20493
21500  4072
21559 25036
21567 25008
21583 27673
21600 25087
21628 26528
21679 27046
21681 19773
21694 25167
21701 25169
21715 25196
21722 25220
21727 24957
21760  6161
21798 25247
21799 25522
21801 25292
21809 25306
21822 25263
21875 28108
21878  6791
21879  9199
21883 25366
21911 25395
21945 25438
21948 19974
21980 21127
21998 25494
22051 25525
22055 25703
22125 25667
22156 27552
22258 25836
22263 25825
22264 25835
22283 25618
22314 25881
22335 25559
22337 27431
22359 25593
22362 25590
22412 26172
22450 14312
22496 12815
22503 25858
22531 29660
22547 16536
22570 26207
22610 28153
22615 26009
22636   884
22687 25964
22696 26350
22702 26007
22713 26111
22799 19432
22829  7096
22928 26434
22937 26914
22943 26448
23008 26550
23028 26547
23029 27067
23057 14375
23079 10345
23110 26497
23128 26541
23138 20739
23152 26720
23156 26705
23166 29605
23181  6519
23195 21329
23261 29697
23283  9719
23300 15011
23336 26832
23374 27048
23386 27044
23388 24134
23413 26943
23414 26957
23417 27093
23485 27441
23487 27196
23545 27279
23577 27330
23625 27091
23629 30139
23673 27483
23710 27508
23735 21701
23757  8913
23790 27623
23812 27303
23826  9921
23832 17722
23864 27565
23873 27390
23878 27404
23883 30058
23891 23036
23893 27419
23905  2163
23929 13463
23946 20605
23952 30108
24027 27627
24061 28353
24067 27931
24079 27701
24101 27733
24131 27983
24146 28427
24165 30166
24172 27862
24174 28165
24199 27896
24259 18172
24264 28116
24265  9160
24276 27972
24280 28137
24367 28234
24369 14718
24376 28244
24393 28292
24423 21014
24437 28327
24452 28283
24460 28353
24473 28517
24515   215
24540 28427
24616 28520
24622 28532
24624 23553
24629 28534
24637 28536
24651 28552
24691 28595
24716 28623
24766 17898
24877 28864
24891  9028
24902 28864
24969 29983
25018 30038
25115  7085
25118  4478
25125 29274
25126 12543
25235  3064
25353 15322
25363 29509
25385 29399
25564 29597
25636 29897
25674 29718
25700 29768
25723 12836
25733 18572
25805 29692
25833 29722
25837 29915
25878 29955
25906 29798
25969 30046
25980 29886
26031   717
26078 11512
26105 30237
26110 30026
26150 30086
26166 30121
26222 30304
26266 27121
26327 26568
26459 21374
26496 28049
26522 29761
26612 13159
26724 26983
26782 26957
26785 26948
26872 24249
26908 30476
27059   635
27071  4520
27099 30258
27132 16862
27255  1287
27271  1221
27306  1188
27387   906
27405 23894
27407 10289
27422 29876
27496 28353
27504 25836
27507 14869
27535 16312
27542  4198
27605 21900
27681  1204
27688  7967
27717 18022
27746  9689
27753  9718
27852 28668
28038  2677
28117  7827
28233 10140
28236 30493
28248  3592
28275     3
28280  6826
28291     6
