    0  7433
    1  6337
    3     7
   12 18387
   28   783
  119  5017
  348 10149
  384 23789
  478  6511
  562  3930
  781  6627
  898  5593
  927 24546
  975   165
  978 11869
 1026  5732
 1076   432
 1087 11044
 1117    26
 1119    21
 1123   356
 1124   334
 1130    34
 1132    36
 1146    64
 1154    59
 1179    79
 1180    71
 1186   139
 1192    92
 1196    84
 1200   142
 1202    95
 1212   156
 1213   102
 1215   108
 1218   105
 1219   164
 1220   111
 1223   165
 1227   116
 1230   169
 1231   172
 1238   117
 1248   121
 1255   120
 1264   190
 1265   125
 1280   202
 1286   138
 1290   260
 1293   153
 1309   176
 1311   173
 1316   185
 1321   181
 1325   199
 1336   216
 1344   217
 1359 17696
 1379 27279
 1392   278
 1395 11991
 1419   310
 1423   316
 1448   149
 1450   341
 1455   354
 1458   363
 1460   336
 1461   344
 1462   343
 1469   361
 1471   366
 1472   368
 1473   379
 1474   547
 1475   401
 1479   371
 1482   377
 1494  1073
 1499   414
 1506   404
 1507   432
 1509   411
 1510   421
 1513   431
 1516   425
 1518   453
 1520   453
 1522   428
 1534   446
 1535   455
 1537   460
 1538   483
 1539   483
 1540   467
 1541   462
 1546   498
 1551   505
 1554   688
 1575   531
 1576   603
 1582   554
 1586   557
 1588   561
 1594   644
 1598   581
 1612   668
 1614   671
 1624   578
 1631   664
 1649   718
 1653   721
 1654   788
 1658   738
 1674   769
 1676  8092
 1679 12814
 1680   765
 1688   766
 1689   767
 1710   812
 1713   817
 1723   830
 1727   832
 1733   622
 1736   796
 1773   669
 1792   699
 1794   705
 1802   919
 1811  8161
 1821   814
 1823   941
 1827   891
 1844  8887
 1856  5957
 1857   907
 1859   782
 1862   955
 1875   797
 1884   821
 1894  7841
 1905 10679
 1915 10680
 1922   849
 1923   846
 1925   855
 1926   851
 1929   851
 1934 10675
 1950   898
 1961  1230
 1964 11612
 1966   900
 1973   884
 1975   883
 1976   903
 1977   885
 1982 10164
 1989   889
 1994    87
 1998  6184
 2000  1261
 2004  3363
 2011  1276
 2022  3941
 2041  1058
 2049  1066
 2063  1081
 2073  1124
 2077  1088
 2078  1114
 2079  1099
 2081   979
 2090  1106
 2097  1128
 2098    76
 2099   949
 2104  1133
 2105   942
 2109   958
 2112  1121
 2127  1157
 2131   959
 2137  1158
 2141   977
 2142  1164
 2145  1169
 2146   972
 2152  1005
 2156  1209
 2161  1189
 2165  1201
 2174  1197
 2181  1212
 2185  1220
 2186  1218
 2190  1225
 2194  1226
 2195  1052
 2196  1030
 2197  1241
 2199    74
 2202  1057
 2204  1236
 2207  1054
 2225  1272
 2226  1271
 2237  1087
 2254 10949
 2257  1325
 2258  1315
 2260  1302
 2261  1324
 2267  1326
 2279  1204
 2284  6100
 2285 10862
 2291  1162
 2297  1167
 2298  1350
 2307  1355
 2308  1352
 2314  1357
 2315  1359
 2322  1196
 2333  1222
 2335  1381
 2336  1233
 2347  1388
 2350  1385
 2353  1370
 2358  1243
 2361  1251
 2365   867
 2366  1417
 2370  1416
 2371  1412
 2375  1419
 2384  1279
 2385  1757
 2388  1436
 2408  1453
 2416  1468
 2421  1463
 2422  1330
 2440  1351
 2442  1335
 2445  1494
 2447 10962
 2448  1499
 2451  1507
 2453  1511
 2455  1532
 2456  1513
 2462  1504
 2463  1378
 2465  1521
 2466  1518
 2468  1528
 2470  1533
 2478  1366
 2479  1544
 2484  1534
 2485  1387
 2502  1560
 2504  1405
 2505   271
 2506   268
 2509  1561
 2511  1413
 2513  1559
 2517  1697
 2533  1580
 2535 10970
 2540  1604
 2544  1595
 2553  1749
 2555  1615
 2559  1714
 2560  1598
 2563  1613
 2564  1720
 2567  1467
 2568  1632
 2569  1606
 2574  1476
 2576  1769
 2577  1481
 2581  1757
 2583  1651
 2584  1650
 2585  1795
 2590  1666
 2600  1677
 2601  1689
 2607  1690
 2612  1825
 2616  1701
 2619  1731
 2620  1718
 2621 10886
 2625  1711
 2627  1742
 2630  1727
 2638  8434
 2644  1756
 2648  1765
 2653  1786
 2663  1791
 2671  1799
 2672  1803
 2676  1816
 2678 23023
 2679  1815
 2681  1811
 2688  1834
 2690  1838
 2692  1655
 2693  1832
 2696  1836
 2698   815
 2699  1856
 2700  1862
 2702  1867
 2708  1859
 2712  1874
 2714  1881
 2715  1897
 2716  1888
 2718  2031
 2721  1909
 2727  1898
 2728  1748
 2732  1766
 2734  1923
 2735   840
 2738  1926
 2739  1927
 2744  1921
 2745  1957
 2746  1778
 2747  1929
 2751  1935
 2754  1792
 2765  1824
 2766  1949
 2771  1807
 2772  1963
 2775   298
 2779  1979
 2782  1981
 2783  1990
 2787  1980
 2789  1994
 2794  2001
 2799  2218
 2802  2016
 2806  2040
 2807  1904
 2808  2024
 2810  2021
 2812  1910
 2823  2028
 2824 15922
 2830 10926
 2833  2052
 2838  4296
 2840  1946
 2842  2070
 2848  2078
 2855  2067
 2856  2082
 2857  2071
 2865  1972
 2868   370
 2870  2095
 2896  1974
 2904  2126
 2915  2017
 2920  2147
 2926  1992
 2929  2152
 2933  2150
 2935  2218
 2941  2045
 2943  2157
 2946  2174
 2947  2168
 2950  2168
 2955  2180
 2958  2170
 2965  2193
 2968  2202
 2977  2227
 2982  2210
 2991 17846
 2994  2230
 2995  2239
 2996  2225
 3005  2124
 3008  2132
 3011  2128
 3020  2264
 3023  2269
 3024  2144
 3034  2287
 3036  2301
 3042 15129
 3043  2249
 3050  2320
 3053  2330
 3058  2325
 3060  2328
 3061  2181
 3062  2326
 3069  2198
 3074  2347
 3084  2365
 3094  9143
 3101  2388
 3104  2395
 3106  2472
 3110  2396
 3119  2273
 3124  2438
 3125  2430
 3128  2306
 3141  2317
 3143  2458
 3144  2465
 3145  2462
 3148 10539
 3149  2468
 3153  2492
 3155  2457
 3156  2345
 3158  2467
 3159  2476
 3164  2337
 3170  2506
 3171  2348
 3178  2527
 3180  2530
 3187  2372
 3190  2542
 3192  2385
 3197  2557
 3200  2572
 3205  2576
 3206  2580
 3207  2398
 3220  2418
 3221  2431
 3224  2617
 3226  2447
 3227  2623
 3228  2625
 3229  2621
 3234  2631
 3235  2629
 3237  2635
 3240  2610
 3249  2455
 3252  2647
 3253  2656
 3257  2477
 3263  2637
 3264  2484
 3269  2661
 3270  2646
 3273  2641
 3279  2504
 3281  2671
 3285  2665
 3287  2664
 3289  2674
 3292  2689
 3304  2524
 3305  2522
 3307  2513
 3313  2687
 3318 10419
 3319  2701
 3320  2558
 3323  2721
 3324  2706
 3330  2546
 3333  2715
 3335  2747
 3338  2724
 3339  2574
 3344  2730
 3346  2760
 3347  2764
 3349  2753
 3353  2770
 3357  2777
 3366  2787
 3376  2799
 3381  2645
 3383  2658
 3385 23132
 3388  2821
 3397  2676
 3401  2814
 3404  2841
 3406  2694
 3413  2857
 3424  2867
 3428  2723
 3440  2894
 3442  2885
 3443  2868
 3444  2890
 3450  2888
 3451  2901
 3453  2898
 3456  2907
 3461  2758
 3463   741
 3467  2921
 3471  2776
 3475 22501
 3478  2779
 3479  2930
 3480  2926
 3482  2925
 3483  2937
 3493  2941
 3497  2936
 3503  2826
 3506  2968
 3510  3003
 3521  2976
 3525  3005
 3528  2996
 3538  3007
 3539  2875
 3551  3036
 3552  3023
 3553  2886
 3556  3046
 3557  3031
 3558  2913
 3559  3043
 3561  2906
 3564  3033
 3566  2914
 3567  2916
 3569  3061
 3573  3071
 3574  3069
 3575  3100
 3578  2933
 3579  3074
 3583  3068
 3584  3072
 3585  3085
 3586  2922
 3590  2938
 3592  3096
 3594  3093
 3604  2954
 3606  3109
 3617  3144
 3622  3128
 3623  3150
 3626  3129
 3633  3155
 3634  3134
 3637  3156
 3642  3162
 3643  3178
 3644  3171
 3648  3188
 3654  3166
 3656  3196
 3660  3179
 3664  3182
 3669  3199
 3676  3220
 3682  3204
 3683  3207
 3691  3224
 3702  3267
 3704  3246
 3706  3248
 3712  3261
 3713  3106
 3714  3097
 3715  3293
 3716  3294
 3723  3301
 3726  3284
 3727  3300
 3728   382
 3729  3286
 3731  3288
 3732  3319
 3735  3316
 3737  3291
 3739  3145
 3742  3420
 3746  3331
 3747  3323
 3751  3332
 3753  3149
 3758  3354
 3759  3140
 3760  3342
 3768  3181
 3769  3169
 3773  3341
 3778  3374
 3780  1192
 3786  3112
 3791  3382
 3796  3202
 3797  3208
 3801  3394
 3807  3386
 3813  3426
 3823  3435
 3831  3278
 3832  3432
 3833  3436
 3839  5718
 3843  3311
 3851  3314
 3855  3477
 3858  3476
 3861  3487
 3867  3481
 3868  3480
 3869  3343
 3876  3522
 3880  3513
 3893  3529
 3896  3552
 3897  3556
 3904  3539
 3906  3553
 3907  3564
 3909  3393
 3912  3554
 3913  3557
 3915  3582
 3918  3688
 3929  3584
 3932  3580
 3951  3594
 3954  3442
 3956  3605
 3972  3640
 3973  3732
 3985  3561
 3989  3660
 3997  3656
 3998  3691
 4003  3668
 4006  3524
 4007  3673
 4015  3679
 4021  3704
 4036  3760
 4048  3721
 4059  3744
 4060  3847
 4065  3753
 4080  3759
 4081 17834
 4083  3754
 4087  3770
 4092  3893
 4096  3788
 4098  3775
 4100  3782
 4103  3784
 4109  8343
 4112  3802
 4115  3783
 4124  3922
 4125  3816
 4126  4481
 4132  3818
 4133  3943
 4142  3964
 4147 24791
 4150  3842
 4151  3886
 4152  3815
 4154  3822
 4164  3888
 4165  3876
 4167  3866
 4178  3895
 4182  3936
 4182  5259
 4183  3898
 4189  3904
 4191  3728
 4197  3952
 4199  3743
 4222 14388
 4226  3954
 4228  3988
 4236  3791
 4241  4013
 4243  4021
 4249  4023
 4250  4017
 4252  4052
 4255  4056
 4267  4056
 4270  3885
 4276  3870
 4279  4090
 4281  4608
 4284  4070
 4285  3873
 4290  4094
 4294  4080
 4295  4095
 4304  4086
 4306  4098
 4312  4089
 4317  4598
 4321  4096
 4322  3967
 4324 10589
 4328  4059
 4342  4126
 4343  4154
 4348  4122
 4358  3994
 4360  4168
 4364 17228
 4366  4033
 4368  4177
 4370  4598
 4389  4203
 4391  4032
 4393  4676
 4401  1997
 4407  4227
 4409  4027
 4424 14029
 4425  4099
 4438  4598
 4440 24098
 4442  4101
 4443  4148
 4447  4872
 4450  4884
 4454  4886
 4460  7753
 4465  4899
 4476  4890
 4477  4908
 4481  2161
 4486  4170
 4488  2601
 4491  4910
 4496  4923
 4518  4256
 4523  4276
 4524  4948
 4531  4950
 4540  4315
 4541  4302
 4552  4974
 4553  5053
 4562  5033
 4565  5036
 4577  5014
 4578  5071
 4598  5119
 4608  4810
 4608  4824
 4614  5089
 4620  4824
 4627  5070
 4632  5076
 4633  5080
 4640  5085
 4641  3437
 4643  5086
 4644  5103
 4646  5117
 4647  5094
 4649 15316
 4669  4500
 4675  5127
 4677  4494
 4680  5129
 4691  5134
 4696  5140
 4701 24095
 4704  5164
 4707  4531
 4713  4553
 4717  4579
 4724  5175
 4730  4582
 4737  5215
 4750  5268
 4757  5245
 4761  5257
 4766  5256
 4776  5267
 4785  5280
 4792  4669
 4804  5226
 4807  5310
 4813  5233
 4815  5321
 4821  5319
 4822  5255
 4823  5248
 4839  5368
 4841  5506
 4844  5363
 4850    30
 4853  5366
 4854  5484
 4868  5307
 4869  5315
 4873  5313
 4878  5324
 4880  5362
 4890  5456
 4900 10515
 4901  5415
 4912  5505
 4916  5438
 4928  5596
 4938  5611
 4943  5625
 4947 26345
 4954  5519
 4957  5519
 4961  5525
 4965 11151
 4969  5697
 4986  5562
 4992  5570
 4996  5705
 5004  5754
 5017  5759
 5019  2208
 5027  5618
 5032  5626
 5050  5762
 5051  5642
 5056  4477
 5061  5635
 5062  5662
 5134  5852
 5139  5866
 5142  5852
 5143  5860
 5153  5900
 5167  5912
 5204  5952
 5206 11122
 5213  6025
 5218  3130
 5221  5911
 5235  5959
 5240  6019
 5244  6018
 5259  6041
 5261  6047
 5262  6062
 5264  6066
 5268  6055
 5272  6063
 5280  6070
 5294  6082
 5301  6080
 5310  6107
 5324  6113
 5325  6101
 5331  6146
 5338  7212
 5354 18942
 5357  6140
 5358  6114
 5360  6116
 5367  6130
 5371  6157
 5376  6214
 5379  6210
 5380  6130
 5404  6202
 5418  6195
 5420  6248
 5438 23355
 5444  6225
 5453  6228
 5467  6217
 5473  6232
 5475  6261
 5480  6243
 5482  6240
 5492  6272
 5494  6328
 5498  6275
 5500  6320
 5503  6270
 5507  6278
 5509  6284
 5513  6302
 5515  6324
 5517  6352
 5520  6339
 5525  6345
 5527  9570
 5531  6340
 5533  6331
 5535  6359
 5541  6341
 5547  6374
 5554  6327
 5559  6363
 5562  6356
 5564  6158
 5566  6380
 5569  6360
 5571  6382
 5572  6391
 5576  6381
 5580  6171
 5583  6372
 5586  6184
 5600  6376
 5602  6436
 5607  6383
 5611  6249
 5614  6249
 5621  6410
 5624  6413
 5625  6416
 5629  6427
 5630  6428
 5633  6421
 5634  6305
 5636  6461
 5638  6434
 5639  6424
 5643  6429
 5644  6448
 5645  6313
 5652  6435
 5656  6447
 5660  6444
 5661  6446
 5663  6462
 5664  6452
 5666  6459
 5669  6496
 5677  6511
 5678  6481
 5684  6395
 5686  6488
 5687  6497
 5692  6475
 5695  6395
 5699  6530
 5702 12063
 5705  6570
 5707  6555
 5709  6406
 5710  6566
 5711  6564
 5715  6515
 5717  6572
 5718  6513
 5722  6561
 5733  6479
 5734  6574
 5737  6449
 5740  6568
 5742  6584
 5756  6483
 5764  6589
 5765  6626
 5774  6620
 5775 21980
 5777  6604
 5782  6630
 5785  6667
 5788  6673
 5790  6634
 5793  6646
 5797  6676
 5804  6681
 5805  6601
 5810  6657
 5815  6651
 5816  6507
 5823 27505
 5825  6706
 5826 10882
 5827  6653
 5829  6688
 5832  6718
 5834  6722
 5839  6704
 5840 10012
 5841  6700
 5842  6695
 5845  6665
 5847  3625
 5848  6686
 5852  6596
 5860  6756
 5869  6763
 5890  6801
 5892  6858
 5896  6740
 5898 10536
 5900  6858
 5906  6777
 5914  6702
 5918  6871
 5928  6893
 5933  6895
 5934  6849
 5936 27376
 5938  6951
 5946  4136
 5957  6963
 5963  6967
 5969  6971
 5970  7002
 5970  9078
 5972  6978
 5976  6910
 5977  6981
 5991  6970
 5995  7012
 6006  7248
 6014  7044
 6016  7053
 6020  7091
 6023  7108
 6025  7237
 6028  7248
 6030  7387
 6031  3438
 6035  7069
 6038  7110
 6040  7113
 6046  7119
 6048  7128
 6055  7445
 6065  7441
 6071  7469
 6074  7154
 6077  7464
 6084  7429
 6088  7187
 6092  7495
 6094  7231
 6094  7448
 6099  7446
 6102  7185
 6110  7467
 6115  7125
 6117 15048
 6117 18338
 6118  6588
 6133  7570
 6135  7262
 6144  7292
 6151  7177
 6153  7434
 6160  7250
 6180  7312
 6189  7281
 6196  5749
 6198  7345
 6206  7356
 6207 10662
 6211  7379
 6226 17122
 6228  7130
 6230  7266
 6231  7756
 6233  7405
 6235  7774
 6237  7284
 6239  4973
 6241  7750
 6254  7290
 6266  8156
 6275  7401
 6284  6643
 6289  6046
 6291  7322
 6297  7502
 6298  5779
 6304  7821
 6306  7814
 6308  7009
 6319  7528
 6321   389
 6329 27940
 6336  7561
 6339  7377
 6344 23984
 6344 25999
 6370  7606
 6378  7435
 6383  7619
 6384  7931
 6395  7628
 6399  7552
 6406  7463
 6408  7642
 6417  7609
 6418  7585
 6419  7690
 6422  7678
 6424  7690
 6431  7511
 6434  7719
 6435  7708
 6441  7459
 6446  8021
 6447  7770
 6448  7554
 6452  7787
 6453  7761
 6458  7568
 6476  5934
 6479  8075
 6482  7720
 6489  7841
 6493  7832
 6497  7766
 6508  7610
 6509  7647
 6519  7858
 6524  7870
 6527  7861
 6528  7865
 6534  7664
 6542  7853
 6543  7897
 6546  7948
 6551  7691
 6556 23421
 6558  7907
 6565  7891
 6574  4296
 6577  7745
 6583  5609
 6585  7838
 6593  7953
 6598  7958
 6599  7948
 6600 27645
 6605  8304
 6609  2044
 6612  8304
 6613  3893
 6614  7757
 6615  7974
 6628  7989
 6635  7848
 6639  8017
 6648  7766
 6650  7998
 6652  8030
 6654  8014
 6659  8137
 6661  8003
 6665  7872
 6666  7908
 6671  7890
 6682  7753
 6685  7795
 6690  8303
 6693  7926
 6694  8084
 6705  8108
 6714  8105
 6722  8181
 6723  7988
 6725  8143
 6730  8187
 6738  8171
 6740  8011
 6744  8000
 6748  8165
 6749  8431
 6751  8166
 6753  8198
 6759  8203
 6760  7896
 6763  8497
 6772  8022
 6776  8217
 6787  8233
 6793  8273
 6800  5815
 6801  7911
 6805  8253
 6806  8290
 6809  8086
 6812  8314
 6815  8287
 6818  8100
 6834  8139
 6842  8153
 6848  8147
 6852  8352
 6856  8151
 6857  8367
 6861  8180
 6864   334
 6867  8797
 6880  8674
 6884  8319
 6893  8078
 6898  8298
 6903  8330
 6906  8348
 6913  8302
 6914  8320
 6915  8319
 6922  8252
 6931  8242
 6932  7621
 6935  8454
 6940  8472
 6942  8480
 6945  8319
 6958  8368
 6961  8372
 6965  8369
 6970  8330
 6981  8386
 6985  8546
 6987  8286
 6991  8405
 6994  8579
 7019  8888
 7030  6390
 7037  8598
 7040  8505
 7041  8465
 7050  8467
 7061  8693
 7070  8444
 7074  8538
 7075   672
 7082  5155
 7086  8537
 7090  8547
 7093  8478
 7100  8488
 7104 11485
 7105  8486
 7105  8489
 7110  8476
 7115 10283
 7133  8915
 7140  8879
 7141  8736
 7146  8510
 7147  8628
 7153  8606
 7165  8649
 7166  8561
 7167  8782
 7169  8793
 7185  9054
 7186  8703
 7196  9057
 7199  8767
 7203  8695
 7205  8596
 7209  8613
 7219  8735
 7220  3220
 7232  8834
 7233  8840
 7236  8744
 7240  8837
 7256  8766
 7257  8883
 7263  8775
 7271  8787
 7277  8802
 7278  9052
 7279  9078
 7280  8896
 7290  8905
 7296  8901
 7303  8812
 7304  8814
 7311  8911
 7315  8944
 7317  8944
 7337  8959
 7338  8874
 7339  8412
 7341  8968
 7345  8972
 7347  7766
 7348  9087
 7352  8939
 7354  8842
 7356  8862
 7393  4224
 7394  9032
 7396  4224
 7401  8813
 7410  8924
 7414  8931
 7425  9157
 7427  9082
 7430  9064
 7441  9075
 7448  8829
 7449  7582
 7450  8859
 7456  9182
 7459  9090
 7460  8868
 7466  9096
 7468  9094
 7471  9101
 7472  8983
 7473  9092
 7477  9191
 7478  9056
 7480  9099
 7482  9075
 7488  9112
 7490  9123
 7491  9145
 7497  9210
 7499  9070
 7500  9520
 7502  9231
 7506  9166
 7510  9202
 7514  9071
 7518  9254
 7532  9211
 7537  8789
 7543  9173
 7544  9278
 7551  9240
 7553  9279
 7556  9232
 7564  9243
 7566  9247
 7579  9328
 7582  7143
 7583  8940
 7589  7195
 7594  9237
 7595  9312
 7598  9279
 7600  9139
 7601  9362
 7614  9355
 7616  9310
 7618  9315
 7619  9255
 7622  9316
 7628  9252
 7629  9156
 7630  7434
 7630  9310
 7636  9344
 7638  9372
 7648  9384
 7650  9165
 7655   991
 7655  9393
 7657  9176
 7662 22956
 7665  9398
 7669  9187
 7672  9363
 7683  9412
 7700 15605
 7706 11494
 7707  9394
 7711 15465
 7732  9418
 7739  9420
 7777  9450
 7786  7212
 7787  9403
 7790  9479
 7801  9476
 7810  9467
 7816  9477
 7817  9488
 7819  9484
 7821  9494
 7831  9516
 7843  9529
 7850  9536
 7862  9539
 7864  9556
 7865  9548
 7867  6324
 7868  9542
 7886  9524
 7891  9577
 7899  9608
 7906  9587
 7907  9446
 7908  9533
 7910  9599
 7916  9598
 7918  9602
 7918  9606
 7921  9610
 7922  9613
 7923  9566
 7926  9638
 7931  9622
 7932  9545
 7933  9623
 7941  9553
 7946  9646
 7948  9636
 7952  9648
 7962 15323
 7964  9609
 7972  9653
 7973  9654
 7975  9662
 7979  9605
 7981  9616
 7996 10803
 7999  9698
 8003  9651
 8034  9730
 8036  9713
 8044  9715
 8045 22956
 8049  9741
 8053  9684
 8058  9709
 8066  9744
 8079  9729
 8090  9779
 8112  9753
 8113  9746
 8129  9758
 8135  9770
 8162  5155
 8167  9843
 8170  9848
 8176  6375
 8183  9871
 8184  6386
 8200  9897
 8201  9836
 8208  9863
 8210  9880
 8211  9845
 8216  9881
 8220  9841
 8221  9921
 8261  9895
 8277  9991
 8283  9977
 8284  9894
 8287  9948
 8289  9825
 8294  9904
 8298  9928
 8300 12575
 8304  9573
 8327  5155
 8334  9962
 8336  9959
 8339  9959
 8344 10040
 8345 10044
 8347  9942
 8352  9985
 8357  9986
 8362  9955
 8371  9990
 8373 10050
 8377  9882
 8384 10244
 8387 10032
 8392 10615
 8393 10024
 8399  8851
 8402 10029
 8407 10416
 8412 10079
 8416 10106
 8424 10049
 8473 10098
 8474 10087
 8486 10142
 8497  9979
 8505 10171
 8509 10045
 8512 10006
 8528  9735
 8539 10034
 8557  7657
 8567 10089
 8572 10222
 8575 10088
 8578  9802
 8581 10253
 8587 11485
 8591 10181
 8593  9815
 8604 10261
 8607 10265
 8611 10244
 8628 24466
 8639 10148
 8640 10282
 8640 10283
 8641 10246
 8649 10173
 8660 10310
 8677 10187
 8678 10333
 8690 10316
 8691 10296
 8695 10264
 8698 10342
 8699 10335
 8705 15054
 8715 10317
 8720 10190
 8724 10008
 8735 10216
 8739 10212
 8741 11643
 8742 10370
 8743 10368
 8746 10366
 8751  8220
 8752 10388
 8755 10375
 8758 10324
 8763 10383
 8766  6114
 8776 10241
 8778 12034
 8781 10226
 8783 10398
 8785 10400
 8825 10376
 8828 10270
 8834 10418
 8867 10440
 8870 10442
 8874 10452
 8875 10435
 8877 10287
 8881 10446
 8912  9017
 8916 10459
 8929 10476
 8938 10433
 8955 10492
 8956  9664
 8961 10493
 8966 10460
 8970  9289
 8976  9289
 8986 10500
 9019 10527
 9024 10537
 9030 10521
 9032 10524
 9044 10528
 9045 19134
 9057 10513
 9066 12986
 9067 10267
 9083 10553
 9091 10550
 9102 24127
 9108 10533
 9112 10576
 9117 10530
 9122 10575
 9126 10533
 9129 10558
 9132 23418
 9137 10564
 9181  8714
 9184 10619
 9186 10633
 9193 10628
 9195 10572
 9197 10588
 9198 10607
 9201 10608
 9210 10617
 9222 10165
 9232 10645
 9234 10707
 9235 10688
 9236 10707
 9260 10692
 9262 10670
 9265 10676
 9271 10685
 9278 10674
 9279 10757
 9285 10635
 9287 10761
 9288 10643
 9291 10783
 9292 10771
 9293 10719
 9297 10747
 9298 10283
 9300 10729
 9303 10678
 9305 10717
 9307 28344
 9312 10672
 9313 10721
 9314 10761
 9316 10671
 9318 10695
 9322 10356
 9324 10795
 9326 10658
 9329 10673
 9334 10808
 9337  1674
 9339 10812
 9342 10800
 9345 10713
 9353 10712
 9363 10323
 9368 10735
 9369 15339
 9370  2699
 9372 10758
 9374 10732
 9376 10679
 9378 10677
 9379 11023
 9381 10878
 9388 10842
 9390 10893
 9395 10868
 9398 10867
 9399 10798
 9402 10891
 9403 10927
 9405 10870
 9406 10914
 9407 10886
 9409 10859
 9412 10927
 9413 10889
 9417 10806
 9419 10831
 9424 10794
 9427 10920
 9428 10785
 9430 10861
 9431 10904
 9432 10873
 9436 10865
 9438 10900
 9439 10751
 9444 10931
 9445 10857
 9446 10849
 9447 10835
 9449 10829
 9453 10939
 9459 10974
 9460 10915
 9461 10832
 9462 10929
 9463 10888
 9467 10883
 9470 10832
 9471 10960
 9475 10922
 9483 10921
 9486 10942
 9487 10962
 9490 10986
 9492 10966
 9493 10940
 9495 10944
 9505 10908
 9506 10951
 9516 10508
 9518 10997
 9519 10951
 9521 10933
 9525 27979
 9530 10991
 9536 11032
 9538  4009
 9540 11015
 9552 16037
 9560 11005
 9562 11016
 9571 11043
 9585 11071
 9586 11052
 9587 11054
 9588 11052
 9592 15701
 9596  8797
 9604 11073
 9612 11082
 9615 11083
 9621 11131
 9631  8785
 9644  8925
 9645 11119
 9652 24737
 9654 11162
 9660 11187
 9670 11135
 9673 11198
 9674 11144
 9680 10385
 9683 11206
 9687 11221
 9691 11240
 9702 11281
 9707 11283
 9708 11253
 9709 11346
 9719 11318
 9720 11370
 9725 11323
 9726 11337
 9730 11373
 9736  2867
 9743 11373
 9747 11328
 9752 11372
 9755 11354
 9763 11417
 9765 27279
 9766 11387
 9767 11419
 9768 11396
 9771 11422
 9777 10059
 9779 11406
 9786 11418
 9788 11461
 9789 11466
 9790 11475
 9792 11463
 9795 11478
 9797 11481
 9798 11477
 9801 11450
 9802 11480
 9803 11449
 9810  5940
 9811  8797
 9812  8777
 9815  3066
 9818 11455
 9821 11472
 9831 11512
 9835 11521
 9841 11535
 9853 11524
 9854 11538
 9856 11541
 9862 10154
 9865 11577
 9866 11575
 9868 11558
 9870 11564
 9875 11576
 9879 11592
 9881 11554
 9890 11618
 9891 11590
 9893 11641
 9901 11091
 9902 11633
 9904 11593
 9905 11602
 9910 11636
 9919 11608
 9920 11632
 9928 11616
 9937 11637
 9940 10964
 9972 11724
10008 11717
10023 11806
10029 24404
10044 11852
10068 11831
10081 11845
10096 11907
10128 11905
10163 12159
10171 11831
10174 11912
10180 21379
10197 11405
10250 12221
10259 12135
10277 12039
10299 12041
10306 12146
10316 12083
10363 12387
10381 12329
10388 12311
10400 12323
10445 12231
10446 12283
10512 12469
10544 12423
10620 12523
10655  9239
10674 12658
10723 11193
10733  8791
10775 12967
10845  1144
10860 13108
11076 11106
11079 10727
11113 13465
11122  8825
11139 22501
11142 12519
11148 15908
11169 20642
11205 12164
11205 13626
11220 14734
11222 23144
11300 23182
11308 23288
11373  6333
11600  3815
11686 23831
11709 22574
11807 11404
11840 24012
11887 17696
11887 24151
11901 24170
11988  7386
12022 24275
12095 14780
12119 27599
12183 21903
12210 10396
12282 21973
12343  9252
12396 22165
12398 22155
12426 22389
12430 22205
12442 22224
12456 22261
12477 22309
12499  1095
12541 22355
12672 15004
12887 11938
12890 24836
12902 28342
13002 11938
13021 18861
13025  3644
13053 26166
13077 15664
13147   627
13356 19026
13659  6065
13749 19629
13750  9474
13757 19648
13776 11174
13801 19722
13802  6672
13816 27250
13821 19723
13932 15923
13984 14917
13988 20199
14060 20224
14118 13610
14273 25234
14299 21695
14366 19962
14368  8651
14413 23395
14470  8619
14588 23485
14736  8388
14803 26128
14836 26166
14850 26205
15015 24006
15042 23428
15070 23503
15112 24085
15121 24072
15157 24242
15197 24205
15219 24210
15257 24302
15300 24355
15310 23831
15324 23137
15324 24412
15404 24501
15422 24518
15437  4956
15439 27079
15529 27226
15581 10086
15582 24114
15593 27324
15635 24170
15697  8588
15758 27581
15765 12426
15860 24600
15931 14375
15988 27687
16023    28
16037 27978
16199 22165
16284 23334
16314 22229
16445 24630
16508 20753
16573  5958
16782 17112
16856  6385
16937 14235
17104 23745
17313  2631
17327   334
17393 24960
17483 23727
17514   463
17538 14975
17569 20381
17746 20431
17765  4749
17793  8551
17841 27796
18041 13027
18047 16058
18272 10316
18444 24737
18717 23215
18849 26170
18859 13845
18889 24527
18947 18659
19015  8797
19114 20337
19186 19678
19457 21156
19503 22283
19504 22263
19607 19510
19624 27768
19641 21860
19859  8661
19885 18965
19942  8528
19945  4367
19956 23421
20013  8551
20029  9677
20035  3174
20049 18088
20063 22790
20404 20606
20525   760
20647 18525
20908  7763
20962 27244
21099 17852
21114 15421
21256  7619
21315 22306
21333 10217
21370  7763
21397   854
21532  9434
21532 22307
21567 25803
21612   600
21655 24055
21795 10698
21861  8234
21911  8141
22080 14803
22098 14079
22114 23102
22206 27330
22279 25912
22584 27177
22702 26529
22971 22256
23057 24937
23105  4367
23109 24937
23121 19204
23166 22307
23210 24960
23414 17696
23419 17696
23419 24098
23426 17696
23528 11857
23563  3815
23673 18742
23842  6013
23875 16417
23884 28302
23903 13752
23954 26345
23990  9657
24059 12163
24108 26966
24219 13405
24234 22778
24289 19998
24521 25767
24621 18765
24766 25561
24995  6110
25019  4291
25030  6805
25035  9017
25202 25387
25217 27258
25239 11430
25298 23102
25331 25773
25406 15316
25417  1349
25627  3422
25819 25821
25837 26650
25842  6306
25858 24286
25886 24960
26006  9992
26101 18707
26151   363
26245 24747
26407 19204
26448 22333
26483  2879
26491 14617
26555  7251
26645 15433
26649 26147
26658 28017
26696 14062
26724 24098
26782 17696
26785 24098
26809 26519
26811 10530
26832 18166
27014 27395
27040  1291
27101 27971
27136 12726
27204  7359
27255  9954
27307 10940
27327  6994
27468   856
27584  8588
27616 21218
27629 26612
27660 25715
27717 25017
27721  8333
27773 12858
27792 12158
27862 17410
27867 25283
27915 10323
27961 26392
28040  2191
28071  5612
28089  8332
28135  8185
28177   386
28193 15741
28263 28251
28280     8
28281     3
28285 28378
28294 25178
