   13 15421
   17     1
   22     2
   23 17411
   92 14649
  108  3980
  119  9642
  670 15805
  678 14637
  708 16174
  764  1702
  770  4221
  788  4750
  854   771
  908  3108
 1068  4887
 1083 16052
 1093  4911
 1108  4911
 1112  4906
 1130  6786
 1159     2
 1167  7036
 1247  6466
 1279 13287
 1359  5284
 1411   698
 1413  9169
 1435 13069
 1489  6564
 1507  5112
 1612 17162
 1638 17248
 1780 11862
 1786 10512
 1787  1960
 1822  6882
 1855  5663
 1860  6716
 1933  8384
 1986  2921
 2170  5935
 2253 15904
 2272  4786
 2383 15811
 2503  2736
 2516  5462
 2536 16575
 2573  9515
 2605  5023
 2621   164
 2635    23
 2771  5036
 2812  5262
 2845 16068
 2916  5185
 2918 10644
 2930  4757
 2959  6776
 2964 12628
 2984 13342
 3105 12267
 3111  5335
 3192  5234
 3397  5286
 3424  3915
 3445   343
 3447 15498
 3586 14111
 3590  5311
 3735  3768
 3753  5359
 3797  5354
 3853  5018
 3869  5451
 3952 16083
 3985  9966
 3995  5684
 4008 11094
 4102  7214
 4182  5710
 4255 17155
 4296 15679
 4307  1269
 4460  7932
 4503 12573
 4633 10473
 4688 11434
 4707  5637
 4748 15673
 4846  6591
 4880 16119
 4931  6413
 4943  6933
 4954  6441
 4957  6441
 4961  6443
 4972  6445
 4975    71
 4983  6459
 4994 12041
 5010  6479
 5013  6475
 5093  8141
 5132  7018
 5138  7039
 5139  7036
 5167  7067
 5226 14617
 5250 16568
 5259  5529
 5325  6882
 5325  9785
 5347 17019
 5348 14709
 5351 14962
 5371  1622
 5376  4890
 5450 11427
 5504 10786
 5553  7089
 5597  7109
 5606  7118
 5654  7149
 5677  7160
 5696  7175
 5707  7177
 5712  7179
 5713 11201
 5722  7208
 5734  7190
 5739  7199
 5742  7198
 5756  7203
 5765  7215
 5785  7245
 5788  7284
 5804  7249
 5808  7261
 5810  7470
 5825  7460
 5845  7432
 5852  7270
 5860  7306
 5869  7340
 5887  5008
 5920  9668
 5927  7502
 5933  7398
 5974 10786
 5988  3385
 6022  3161
 6023  7986
 6079  9347
 6080  8967
 6085   743
 6090  9378
 6092  8627
 6102  8191
 6117  4450
 6149  8096
 6157 10137
 6182  7703
 6189  3452
 6301  9465
 6344 17339
 6383  9252
 6395  1968
 6469  8822
 6510  8018
 6531 15702
 6542  8417
 6592  2148
 6596  8874
 6645  4310
 6650  8525
 6656  9416
 6659  8766
 6668  1215
 6672  4487
 6695  4739
 6704  5706
 6710   558
 6711  8015
 6732  5706
 6738  8728
 6793  9074
 6801  8045
 6854  2620
 6867 15121
 6903  8596
 6905  8180
 6913  8490
 6917 16238
 6947   218
 6955  5551
 6986  9563
 7025 15097
 7078 16854
 7176   240
 7177  9087
 7203  8846
 7250  8148
 7259  2598
 7298  4001
 7335  8495
 7372  8307
 7417 13857
 7427  9533
 7430  3768
 7445 16146
 7541 10644
 7559 12423
 7563  7745
 7630  8299
 7631  6780
 7704  5262
 7706  5082
 7819 16797
 7865  9473
 7872  8022
 7879  9501
 7891  9550
 7894 15369
 7899  9741
 7904  9538
 7916  9635
 7922  9592
 7923 17180
 7926  9800
 7933  9618
 7971  9721
 7981  9874
 7997 15924
 7999  9663
 8021  9684
 8034  9705
 8036  9775
 8049  9728
 8070  7806
 8086  4273
 8107  9817
 8109  9813
 8130 10034
 8141  9855
 8157  9875
 8167  9906
 8170  9971
 8195 13199
 8204  9955
 8239 17191
 8246  6807
 8276   969
 8283 10027
 8289  9981
 8377  9956
 8403 14874
 8407  5780
 8416  3385
 8486 10601
 8497  7115
 8512 10031
 8519  6777
 8556 12707
 8559 12707
 8565  3452
 8572 10861
 8575 10111
 8611 10910
 8683 11030
 8691 11012
 8707 11069
 8854  9863
 8980 10788
 8982  4259
 8992  9236
 8997   404
 9043  4338
 9074  4225
 9108  6884
 9162 17205
 9166  9717
 9177  4997
 9267 15298
 9322  3195
 9328  9681
 9337 16238
 9339 16565
 9379  1073
 9382  5722
 9404  1637
 9446 11050
 9450 11054
 9459 12019
 9473 12676
 9502  8384
 9519 17278
 9522 17278
 9586 11277
 9612 11332
 9630    25
 9632 12024
 9645 11463
 9658 11526
 9669 11653
 9709 12435
 9727  3784
 9745 16857
 9751  3784
 9755 12055
 9777  5060
 9795 12730
 9833 12764
 9838 12409
 9851 12950
 9879 12966
 9881 12713
 9895 12539
 9915 15788
 9919 12574
 9955  3191
 9999  5078
10003 12242
10008 12628
10044 13376
10081 12845
10128 12811
10239  8414
10259 13026
10341 13928
10349 13281
10363 13942
10388 13252
10598 13517
10797 10859
10859 15878
10867 15644
10894  2851
11091 16327
11220  1393
11221  2972
11431  4273
11492  9839
11521 16667
11531  8414
11531 14313
11617  4895
11661  9820
11716  8984
11887  5284
11931  5284
11956 16522
12016  7357
12126 13684
12147  5482
12588  6949
12651  7635
12798 16861
12850  6406
12887  6268
12890  1055
12945  7239
13002  6268
13038 15861
13079 16338
13107 17205
13147 16943
13191  9529
13192  9534
13245 13950
13576 10752
13761 12261
13847 12077
14022 13298
14177 14396
14192  1077
14229 16029
14230 15514
14264 10517
14289  1849
14306 11299
14736  4584
14939 14652
15035   893
15037 16029
15312   337
15480 16074
15685 10330
15692  2015
15754 16668
15926  9626
16036  9314
16132 16837
16214  2536
16241 10787
16505 16393
16518 10075
16549 17268
16604 11221
16946 16595
17153  9871
17274 17053
17407  3362
17451 11443
17519 12295
17626  2091
17781 13072
18101 14144
18136 10840
18272 11051
18363 13849
18411 10740
18586  7376
18590 16785
18666 16861
18868  7407
18906    39
18947  2883
19184  5387
19514   136
19607  8832
19641  2123
19671  9944
19730 11039
19750  8067
19767  3422
19878  3597
20027 17374
20029   923
20269  2124
20284  6061
20294  2906
20505 11177
20615  7416
20731  1623
20811 15071
20837  9660
20865   226
20877  1842
20886 12268
20923  1855
20954 11968
21021    33
21022   244
21090 13206
21206  5567
21305 13911
21541  9557
21565   196
21753  7980
21802  7361
21925  7658
21977 16234
22054 14480
22116 13441
22147   404
22337  3452
22344  9716
22396 15438
22552 13679
22577 11661
22610  5335
22730  8630
22829  2174
22882 13989
23060 16460
23105   808
23108   489
23121  2091
23145  7769
23217 17278
23300  9534
23364  3014
23419 15723
23475  2174
23597 16029
23739 12195
23812  7513
23822 17391
23826   211
23857  5424
24070  7423
24076  2950
24095  2928
24276 15600
24288 12836
24310 12419
24350  5556
24402  3145
24423   373
24448 13292
24602  1040
24766  4824
24799  8036
25014  3915
25022  3756
25038  5324
25105 15269
25177 11940
25202  7995
25385 16926
25571 13731
25691  2949
25704 13796
25816 12186
25858 16805
25903 11948
25924  9610
25994 13752
26056 10030
26087  2174
26101  1896
26250    66
26378  9718
26396   223
26407  2091
26434 14208
26527  6902
26555 15203
26571 10558
26600 13496
26773 13147
26774  2174
26786 10221
26845 12424
26846    46
26870  2706
26941  8289
27014 16801
27137  1852
27151  8184
27220 16662
27221  4761
27240 17437
27249 10542
27288  1419
27442 10231
27491  6925
27516  3055
27630  1995
27823 10787
27903  2154
27945 12857
27951 17366
27959 13017
27961 13520
27971 15025
27981  4101
28055  3880
28085 11515
28098 14697
28114  6178
28170  9584
28180  7024
28227 17435
28236  2052
28236 17408
28291 16319
28292    30
