   19  6376
  112  5237
  158 12676
  202  5982
  210 13516
  227  9617
  265  7492
  266 10346
  301 10930
  322 11762
  364  1978
  414  5112
  441 10689
  467  2476
  475  8464
  585  9347
  800 15125
  805 10510
  840  2786
  856  9534
  901 17112
  916 10470
 1008 16480
 1088  8632
 1116  7312
 1149  3135
 1176  6329
 1209 14025
 1280  9308
 1319  7187
 1541 11065
 1666 14578
 1762  9715
 1769 16238
 1845  2174
 1982 13113
 2027  1751
 2044   248
 2321  2618
 2400  4771
 2430  5483
 2470 14195
 2529  2669
 2658  1952
 2826  5333
 2835 13882
 3035 11335
 3100  8138
 3105  3690
 3203  5387
 3507   679
 3543  9833
 3549  3003
 3746  5480
 3850 15485
 3911  1855
 3912  4991
 3936  5710
 3942 15485
 4000  7259
 4014  3823
 4016  3748
 4035 15590
 4143  5658
 4224  8674
 4362  5634
 4432 14569
 4487  6106
 4502 16688
 4531  5637
 4617 14830
 4629  6322
 4634  6322
 4687  7191
 4708  1663
 4832  6232
 4934 15220
 4992 10668
 5017  9642
 5025 14592
 5078  6298
 5126  6307
 5195  6591
 5233  6333
 5306  5349
 5313  6360
 5358  2824
 5362 16119
 5438  6396
 5455 17110
 5519  6441
 5520  7477
 5522 12426
 5550  6313
 5551  6459
 5554  6926
 5557  9987
 5601  5483
 5603  6475
 5617  6490
 5621  6492
 5625  6933
 5667   745
 5739 10690
 5756  4908
 5761 14665
 5770  8495
 5795  1700
 5798   244
 5858  1592
 5912  7067
 5995  3399
 6013 16338
 6041  5529
 6099 10030
 6147 13198
 6253  1855
 6298  7058
 6352   346
 6354  9715
 6364  7093
 6386  3762
 6397  7110
 6461  7128
 6491  9572
 6511  7160
 6525 11703
 6531  7176
 6552 10644
 6555  7177
 6561  7208
 6572  1485
 6583  7281
 6584  7198
 6595  7236
 6596  7270
 6598  7231
 6610  7237
 6612  2751
 6626  7215
 6638  3151
 6673  7284
 6681  7249
 6694  7258
 6751  7300
 6756  7306
 6763  7340
 6782  3781
 6790  8661
 6877  5876
 6885  4051
 6895  7398
 6917  7847
 6921 11399
 6952  7377
 6996  6780
 7012  8000
 7019   687
 7035  8453
 7041  8481
 7046  9405
 7057  8793
 7065  9347
 7066  3161
 7074  9620
 7108  7986
 7111  8688
 7139 15359
 7175  8967
 7216  3749
 7218  3749
 7232  8648
 7271  3749
 7283  3462
 7309  3829
 7329  8710
 7332 16926
 7338  8341
 7368  8230
 7398 10613
 7418  8453
 7431  8595
 7433    13
 7441 16006
 7471  9405
 7473  9405
 7534  8708
 7549  8189
 7551  8708
 7553  8248
 7566 15025
 7579  8230
 7590 17195
 7598  8727
 7631  8556
 7642  8713
 7693  9177
 7744 15857
 7753  7932
 7852  8043
 7853  8417
 7894  9616
 7911  8045
 7947 15135
 7951  8456
 7998  8525
 8013  3829
 8019   187
 8080  3148
 8101  8793
 8128  5211
 8130  8951
 8133  8909
 8137  8766
 8141  8556
 8142  8164
 8164  9247
 8171  8728
 8250  9319
 8273  9074
 8302  8490
 8308  8453
 8327 17380
 8330  8596
 8358 10503
 8365  9405
 8387  8558
 8393  8567
 8496  8414
 8504  4327
 8514  8347
 8534  8365
 8542  8967
 8560  9405
 8561  8452
 8569  9300
 8603 10936
 8613  8511
 8661 17382
 8689  9392
 8711  3540
 8740  2915
 8755  1121
 8760  9160
 8828  9258
 8859 16750
 8884 10950
 8909  9353
 8920  9390
 8937  3141
 8970  8813
 8980  8158
 8985  2842
 9015  3337
 9064  3768
 9216  9714
 9246 12613
 9282  8189
 9284  8298
 9346  7772
 9395  7720
 9446  9398
 9520  8231
 9531  9507
 9535   209
 9542  9458
 9543  6898
 9548  9473
 9551  9490
 9557  9488
 9568  9555
 9575  9513
 9577  9550
 9580  9566
 9590  9541
 9592  9538
 9594  9629
 9595  8495
 9598  9635
 9608  9741
 9613  9592
 9616  9874
 9621  9853
 9622  9645
 9623  9618
 9627  9568
 9629  9725
 9635  9582
 9638  9800
 9644  9575
 9648  9584
 9650  9588
 9654  9615
 9657  3055
 9659  9625
 9662  9617
 9667  9622
 9680  9721
 9698  9663
 9699  9666
 9700  9665
 9702 10647
 9703  9679
 9712  9698
 9713  9775
 9727  9747
 9728  9801
 9730  9705
 9731  9807
 9737  9720
 9741  9728
 9744  9748
 9746 10043
 9748  9832
 9758 10022
 9760  9781
 9763 10022
 9768  9795
 9772  9837
 9778  9788
 9779  9802
 9789  9825
 9792  9896
 9794  9834
 9801 16671
 9816 12853
 9820  9869
 9824  9866
 9826  9873
 9838  9875
 9843  9906
 9847  9909
 9848  9971
 9852  9903
 9853  9903
 9856 10154
 9857  9921
 9859  9925
 9861 10124
 9871  9919
 9874  9941
 9875  9942
 9882  9956
 9887  9955
 9909  9970
 9919  8941
 9948 10004
 9959  7264
 9977 10027
 9983 10048
10001 10062
10006 10031
10012  7122
10014  7193
10022 10073
10024 10454
10034 10039
10037 10076
10039 10086
10042  3743
10045 10037
10088 10111
10114 12998
10124 10736
10149 10097
10167  8535
10203 10794
10204  5222
10205 10804
10222 10861
10234 10822
10237 10878
10244 10910
10262 10927
10278 10848
10284 10907
10285  8590
10292 10887
10296 11012
10316 11051
10317 11041
10324 10961
10333 16751
10353 11114
10366 11134
10378 11163
10429   186
10455  8978
10462  6884
10465  1978
10473  6593
10484 11324
10491  9028
10507 16338
10526  9980
10574  9226
10675  2096
10690 16866
10711  5195
10743 16927
10747  4919
10759 15730
10760  4919
10776 15801
10795  4682
10820 11096
10826  2905
10849 11050
10857 11068
10890 11087
10917   774
10919 11106
10948 11120
10951 17278
10955 11109
10958 11229
10974 12019
10975 11162
10980 11583
10982 11167
10996 11190
11037 11261
11052 11277
11053 11276
11054 11278
11073 11314
11076 11322
11082 11332
11092 11383
11134 12024
11151 12022
11158 11484
11167 11594
11206 11600
11214 11701
11227  2578
11240 11801
11241 11792
11253 11723
11303  3784
11327  3784
11339 12011
11346 12435
11354 12055
11357 12060
11376 12113
11384 12110
11394 12524
11406 12144
11419 12565
11426 12575
11432 12157
11449 12615
11456 12245
11463 12695
11472 12241
11476 12409
11478 12730
11481 12277
11490 12761
11492 12286
11493 12351
11510 12347
11525 12879
11535  1157
11538 12847
11541 12445
11554 12713
11558 12480
11579 12837
11584 13000
11587 12539
11588 11469
11592 12966
11599 12490
11607 12479
11608 12574
11614 15525
11645 13120
11658 12558
11698 13216
11786 11482
11829  7982
11831 16887
11845 12845
11852 13376
11864 13365
11869  3161
11905 12811
11912 13053
11927   188
11938  6268
12002 13008
12080 13067
12106 13609
12124 13281
12135 13026
12146 13079
12147 12535
12182 13718
12221 13791
12245 13264
12281 13824
12304 13864
12311 13252
12323 13208
12329 13591
12347 11480
12387 13942
12423  7483
12427 13280
12512 11738
12523 13634
12563 13477
12642  8270
12657 13517
12722 12829
12868 13729
12955 14978
13104  4310
13126 10831
13278 13998
13350  8164
13436 13262
13465 14159
13469  3413
13487 12555
13535 14428
13579 14244
13579 14255
13580  3563
13618 15415
13713  2536
13715  1419
13778  1411
13850 15436
13899  4327
13938  2046
14009   259
14028  6390
14048 12293
14146  7165
14248 16290
14303 11693
14371  8018
14439  9557
14863 11982
14917 12320
14939 11177
15651 10250
15685 10550
15754  2741
15867 12152
15896  1528
15958 13916
16122  2856
16129  2856
16143  5557
16147  7398
16335 13395
16338 11030
16503 11528
16590  3057
16815 13762
17114 13792
17195  1326
17262   665
17310  6879
17316  3997
17325 14378
17328  4013
17338 13392
17493  4120
17719 15541
17799  3991
17981 14144
17989 15930
18130 14433
18349 14762
18635 12124
18658  3623
18707  1896
18710  6882
18746  4347
18777 15411
18808 14628
19024 14011
19054  5889
19155  7361
19172  9475
19308  5623
19311   211
19412  8145
19434  8788
19559  4001
19589 13724
19771 15178
19833  4099
19881  4771
19948 16668
19955  1065
19962 16668
19965  5300
19998  4886
20090 17430
20657  4664
20793  3653
20883  6705
21072 12482
21163  8097
21449  8395
21460    33
21553 11276
21617  9552
21650 16079
21890 11992
21980  4011
21981 10517
22205 15296
22383 17288
22503 14653
22622 10395
22631  9226
22727 16791
22778 13646
22797 11236
22859  8586
23188  1513
23250 15905
23316  4273
23328 17294
23387 13737
23434 15914
23447  1995
23495  6502
23707  8115
23773 17037
23789 12622
23966   259
23980  4619
24033  8982
24151  5284
24169  5284
24291  2909
24342 11919
24761    20
24791  7954
24854  9855
25016  2405
25061  9650
25126  8790
25159  5456
25509 13642
25627 12868
25746 13775
25769 14019
25791 12027
25891 12747
25900 10483
25999 17339
26207  4910
26216 16548
26330  3884
26415  6317
26416 11804
26481  3896
26532  1138
26582  4375
26697  3229
26744  8070
27027  9650
27066 16607
27113  5100
27411 10763
27580  5605
27645  6972
27668 15443
27736 14663
27739 10831
27782  9014
27787 15673
28019  1419
28060 11765
28222 10703
28296 13494
28315    30
28347    22
28366     1
28388 17431
