    1 18305
    5    25
    6     5
   16 13948
   38  6566
  112  2725
  130 11711
  146 11258
  157 10131
  159  2980
  282 13605
  323  1638
  334 12711
  356 12708
  374  1217
  432  2705
  434  5464
  449   476
  507 15246
  547 17910
  610  6170
  632 15676
  671  9508
  729  2991
  783  2709
  796 17961
  797  2505
  823  6593
  840  1637
  867  2171
  876  8582
  900 12577
 1162 16127
 1211  5327
 1346  3968
 1532  2865
 1559 11181
 1628  3097
 1648 15460
 1729  8298
 1804  2935
 1807  2754
 1850  4927
 1898  2949
 1910  2896
 1992  2757
 2022  9578
 2132  2854
 2161   544
 2213  3360
 2385  2956
 2438  3076
 2460  4797
 2540  3169
 2568  5427
 2595  3009
 2601  1620
 2665  3199
 2667  5963
 2696  5438
 2781 10386
 2826  3071
 2867  3702
 2914  3066
 2922  3077
 2938  3070
 3092  9520
 3149  3117
 3169  3125
 3196  3264
 3259  3162
 3293  5573
 3502   230
 3837 10984
 3867  3276
 3890 15664
 3894 13296
 3932  5129
 3984  5128
 4014   348
 4017  3438
 4027  3334
 4032  3280
 4079  5083
 4106 12658
 4235  5116
 4253 12312
 4256  3326
 4294  4702
 4362  3352
 4411 10976
 4423  6609
 4436  5383
 4467 16255
 4478  2629
 4485  2945
 4527  4174
 4531  3372
 4543   105
 4629  4212
 4634  4212
 4637  4208
 4652  4224
 4672   765
 4698  6958
 4702 11377
 4708 12318
 4811 12571
 4827  6368
 4951  7750
 4951  8467
 5013 11079
 5059   432
 5060  4204
 5073  4657
 5078  4220
 5132  4230
 5146  4330
 5179  5830
 5195  4393
 5209  6043
 5287  4376
 5313  4279
 5341 11526
 5438  4291
 5511  4308
 5519  4316
 5526 15136
 5530 13085
 5535 12872
 5539  4768
 5551  4338
 5554  4781
 5569  4435
 5585  8769
 5621  4362
 5625  4796
 5626  4354
 5627  8221
 5658 11327
 5694  2356
 5754  4825
 5777  4828
 5862   858
 5866  4895
 5869  7635
 5883  5032
 5888  4286
 5889  1792
 5911 10817
 5912  4920
 5936  2651
 5952  8387
 5957  8168
 5982  4293
 5995   863
 6041  4756
 6044  1910
 6080  4719
 6178 14501
 6275  7972
 6336  4768
 6343  5015
 6364  4987
 6400  5016
 6408  4735
 6449  5071
 6452  2703
 6455  5025
 6477  5802
 6483  5063
 6511  5057
 6530  5068
 6552  8168
 6555  5073
 6561  5104
 6583  5141
 6584  5101
 6596  5151
 6610  5156
 6626  5126
 6641  5360
 6667  5172
 6673  5210
 6676  5362
 6693  5300
 6694  5186
 6699  5386
 6702  5241
 6724  5206
 6729  5268
 6742  5430
 6756  5248
 6789  5478
 6839  5746
 6925 11379
 6936 11379
 6952  5334
 6961  5565
 6986 16162
 7012  5858
 7091  5977
 7108  5861
 7114  6004
 7119  6057
 7136  6024
 7141  3167
 7175  6747
 7185  6014
 7204  7654
 7206  6068
 7212 17133
 7214  4804
 7222  6154
 7244 14683
 7255  6071
 7278  5949
 7302  8532
 7324  6149
 7345  6122
 7355  6559
 7372 11679
 7401  6261
 7455  6581
 7464   105
 7534 12076
 7545  8108
 7557  7107
 7597  6185
 7600 13085
 7642  6512
 7675  6388
 7679  6167
 7695  7107
 7707  5836
 7711  7014
 7713  6474
 7747 15938
 7753  5854
 7766   444
 7780 11360
 7800  2898
 7810  5928
 7841  4071
 7852  5937
 7853  6284
 7892  6952
 7898  3403
 7909 16426
 7936 12827
 7948  6944
 7951  6316
 7959  5939
 7967  2325
 7978  6722
 7998  6381
 8017  6740
 8032  9115
 8040  7723
 8042  6612
 8069  6797
 8072  6765
 8105  6424
 8121  6771
 8125  6199
 8131  6070
 8137  6546
 8141  4130
 8142  6049
 8165  6535
 8171  6543
 8175  6920
 8205  2022
 8217  6557
 8223  6869
 8230  6114
 8233  9650
 8257  6919
 8263 10540
 8273  6862
 8293  6893
 8302  6370
 8303  6560
 8304  6964
 8311  6559
 8330  6403
 8337  7025
 8348  6547
 8378  6581
 8391  6437
 8392 12460
 8393  6446
 8424  6237
 8426  6468
 8443  7021
 8454  6944
 8459  6681
 8460  6432
 8472  6993
 8486  6352
 8507  7575
 8512 14547
 8520  6330
 8527  6154
 8534  6299
 8538  6386
 8542  6747
 8550  6527
 8561  6379
 8571 13627
 8592  6574
 8598  6963
 8603 12472
 8604 11102
 8605  6963
 8613  6409
 8616  5185
 8617  2493
 8645   351
 8649  6580
 8744  6715
 8748  4415
 8759  6921
 8760  6917
 8780  7088
 8804  6593
 8813  6585
 8828  6989
 8829  6516
 8855  3427
 8868  6571
 8875  7031
 8884  2491
 8929  3653
 8935  7068
 8944  7419
 8992  7110
 8993  1465
 9034 12759
 9082  7214
 9088  7017
 9106  7541
 9131  7574
 9141  7589
 9145  7302
 9180  6958
 9182  7420
 9189 11288
 9209  5909
 9310  6024
 9339  2346
 9371 12153
 9421  7349
 9499  7485
 9523  7200
 9539  7232
 9542  7167
 9554  7272
 9557  7187
 9570   786
 9575  7210
 9577  7246
 9590  7238
 9592  7233
 9594  7335
 9598  7316
 9604  7237
 9608  7412
 9610  7248
 9616  7600
 9622  7346
 9626  7324
 9627  7273
 9635  7282
 9636  7282
 9648  7281
 9650  7301
 9652  7337
 9654  7315
 9659  7329
 9662  7317
 9667  7321
 9680  7413
 9698  7355
 9699  7358
 9700  7358
 9702  8192
 9704  7643
 9711  7368
 9712  7383
 9713  7407
 9715  7650
 9726  7387
 9728  7489
 9730  7381
 9731  7495
 9734  7663
 9740  7697
 9741  7406
 9743  8215
 9744  7433
 9746  7722
 9748  7520
 9760  7462
 9763  7727
 9778  7463
 9779  7491
 9780  7463
 9792  7587
 9811  7533
 9820  7554
 9826  7570
 9835  7640
 9838  7560
 9839  7648
 9840  7588
 9842 14159
 9843  7595
 9847  7598
 9848  7655
 9850  7617
 9857  7616
 9859  7614
 9861  7775
 9874  7634
 9875  7633
 9882  7684
 9887  7642
 9905  4221
 9908  8690
 9921   458
 9922  5047
 9953  7675
 9954  2629
 9965 13907
 9986  7979
 9996  8136
10001  7706
10006  7762
10034  7770
10037  7733
10039  7742
10045  7768
10048    47
10058  7758
10078  1558
10088  7862
10089  7881
10124  8246
10127  8231
10135  3855
10137  8215
10177  8013
10184  8030
10203  8261
10207  1982
10210  1982
10215  8051
10218  8251
10222  8333
10226  8082
10234  8321
10237  8327
10244  8355
10246  8317
10259  8314
10262  8369
10265  8323
10274 12314
10278  8303
10282  8387
10283  8387
10292  8319
10296  8421
10297  1830
10297  3320
10317  8439
10329  8360
10334  8462
10361  4305
10366  8490
10378  8522
10410 15939
10429   259
10455  6942
10491  7003
10494  8669
10496  2945
10510  2966
10518 12791
10525  4956
10574  7145
10627 12109
10636  7231
10655  7249
10662  1255
10780  2962
10785 11771
10812 14237
10839 17830
10851 10974
10863  2649
10890  8483
10905   886
10906  9144
10906  9156
10910  8493
10936 16765
10944  8509
10948  8510
10951  1730
10955  8494
10961  8547
10974  9190
10995  8569
11009  8916
11018  8908
11024  3400
11032  8925
11037  8596
11040  8603
11052  8623
11054  8621
11057  2526
11061  9951
11073  8657
11082  8672
11092  8714
11110  8806
11124  8842
11134  9129
11135  9041
11143  8727
11144  9050
11177  8893
11189  8892
11206  8852
11219    82
11241  8999
11251 11487
11252  9020
11253  8943
11306  9391
11323  9230
11340  9437
11357  9166
11365  2895
11382  9215
11394  9525
11396  9584
11406  9245
11418   784
11419  9564
11425  9261
11426  9549
11431  9596
11436  9453
11449  9684
11456  9325
11458  9615
11463  9658
11467  9670
11472  9306
11476  9531
11478  9675
11481  9347
11486  9724
11490  9686
11499  9728
11510  9383
11521  9760
11526  9797
11538  9774
11541  9483
11547  9691
11554  9759
11558  9487
11559  6564
11559  9393
11563  7869
11571  9423
11577  9865
11578  9870
11587  9535
11590   882
11599  9463
11607  9456
11608  9540
11615  9941
11633  9969
11637  9553
11646  9826
11651 10008
11652  9796
11697  9819
11708  9873
11717  9580
11724 10090
11784 17617
11805 10075
11852 10170
11853 10167
11938  4660
11942 10247
12042 10313
12052  1864
12105 10670
12177 10416
12182 10406
12221 10428
12231 10162
12245 10187
12311 18102
12323  9954
12329 10269
12342 10532
12357  9943
12366  9951
12387 10517
12414  3208
12426  1038
12523 10451
12524 13350
12538  7777
12672  9446
12709  6721
12771 13564
13046  5047
13058 12019
13104  1623
13122 11152
13140  2460
13278 10485
13334 10704
13450 15393
13535 10872
13555 10625
13556 11321
13651 10888
13733  2991
13787 10835
13797 15936
13807 10889
13836  1386
13933  8635
14037  8232
14112   372
14224   770
14314 11752
14388 14979
14399  7873
14509  5170
14529  1269
14719 17690
14806  8471
14836  8896
15081 14916
15118  2901
15231 12979
15401   418
15412 10037
15440  1834
15469  5438
15497 16161
15551  7256
15795  3009
15869  9659
15903  1846
15929  3188
15944   353
16005   759
16005 16480
16385  8945
16527 10073
16627 13473
16762  9278
16779 17994
17057 15540
17576  2576
17578  5041
17656  6859
17738 12611
18148 14143
18262 17076
18390    19
18408 12432
18441  8125
18621 15487
18667 16736
18700  3401
18859 10393
18891 18204
18898 17075
18906 12796
18928  8999
18946 16028
18972 16670
19016  2184
19026  2184
19172  5178
19274  8411
19631  8943
19776  5546
19979 15054
20031 17592
20058  4236
20085 12705
20107 12915
20345 17849
20361  5068
20503  2466
20930  2945
21075 14341
21085 15313
21141 15184
21180  9379
21222  6627
21528  4343
21599  1594
21627 11403
21650  7873
21806 12080
21947   657
21947 15527
22055 15660
22060 15660
22309 12883
22481 11629
22543 13307
22571  2949
22573  2949
22593   491
22747   575
22911  4553
22920 16987
23150 11435
23175 18250
23189 12817
23201 18192
23225 12753
23237 16523
23255 11049
23277  7110
23308  4149
23431 16423
23498 17171
23578 12793
23639 17946
23815 16255
24098 11798
24151  2806
24169  2806
24170  2806
24248 12710
24454  1629
24455  5722
24497 11759
24506  2501
24647   395
24663  9958
24903 16013
24965 13615
24982 13032
25034  6534
25136  8618
25154  8616
25356  7003
25507 13117
25512  6234
25561  8990
25579  3542
25591 16615
25821 12168
25897 10315
25903 10949
25914 12073
26185 14413
26205  2590
26216 12762
26330  5040
26393 14937
26427 17655
26472 16489
26528 15965
26691   715
26753 10969
26816  4765
26946 18010
26976  8118
27013 17977
27027 16916
27047 10978
27098  5867
27155  5613
27188   746
27189 16391
27198 16323
27250  5612
27442  8374
27548 17236
27676 13266
27747 13007
27764   720
27786 14248
27834 15938
27940 10435
27970  4404
28128   770
28131  1013
28180  3325
28252 18313
28277 18336
28317 18253
28325  1258
28336 11890
28356  7071
28396  7902
