   11 10140
   20  1233
   21  1272
   23  1243
   40  1302
   65   793
   68  7768
   70  1345
   71  1348
   73  1346
   79  1342
   80  1350
   83  1361
   84  1368
   85 28121
   89  1365
   91  1385
   92  1357
   95  1388
  104  1405
  105  1408
  108  1422
  116  1398
  117  1367
  120  1441
  122  1429
  130 24825
  135  1436
  136  1451
  139  1347
  142  1354
  143  1459
  146  1349
  150  3075
  153  1470
  155 29175
  158  1479
  164  1378
  165  1380
  169  1386
  172  1392
  173  1506
  181  1518
  190  1428
  195  1522
  199  1502
  203   794
  205  1443
  209  1539
  211  1540
  216  1523
  246  1566
  249  1572
  264  1581
  267  1578
  272  1580
  310  1604
  315  1621
  316  1588
  328  1618
  329  1627
  336  1642
  341  1620
  343  1638
  352 24825
  361  1651
  366  1603
  367  1672
  371  1657
  372  1629
  379  1615
  380  1640
  401  1619
  406  1655
  409 26968
  413  1676
  414  1646
  415  1665
  425  1697
  431  1667
  432  1646
  436  1695
  441  1691
  445  1262
  453  1684
  455  1713
  456  1686
  458  6655
  460  1719
  467  1716
  468  1723
  474  1694
  479  1735
  483  1711
  492  1734
  505  1724
  514  5458
  518  1728
  531  1736
  540 25495
  547  7559
  554  1733
  556  1775
  557  1775
  558  1747
  561  1772
  578  1788
  601  1960
  612  8497
  622  1965
  625 18910
  647  1986
  664  1809
  669  2012
  678  1813
  695 22786
  697  1825
  702  2040
  705  2041
  715  1837
  718  1816
  721  1837
  734  2069
  761  1858
  765  1862
  766  1879
  767  1881
  769  1841
  774  1885
  775  2105
  777 27914
  782  2131
  783  1886
  783  1892
  789  1883
  791  1884
  794  1903
  797  2172
  799  2156
  812  1877
  814  1987
  816  2186
  817  1918
  818  1912
  830  1942
  832  1929
  846  2229
  851  2232
  853  2237
  855  2211
  872  1865
  877  1855
  879  2311
  883  2302
  884  2322
  885  2329
  889  2343
  891  2011
  892  2010
  900  2235
  907  2119
  910  9625
  919  1910
  920  2419
  927  2054
  941  1940
  949  2445
  954  2244
  955  2078
  959  2487
  972  2494
  977  2476
  978  2514
  979  2394
  981  2491
  984 26915
  991  2086
  996  2523
  999  2492
 1002  2298
 1005  2492
 1008  2290
 1015  2325
 1018   974
 1024  2530
 1030  2540
 1033  2245
 1037  2308
 1039  2568
 1047  2341
 1052  2529
 1057  2534
 1061  2609
 1071  2377
 1081  2351
 1094  2379
 1097  2383
 1099  2410
 1103  2385
 1105  2365
 1106  2368
 1112  2365
 1113  2363
 1121  2406
 1122  2408
 1124  2389
 1140  2413
 1151  2662
 1155  2401
 1163  2444
 1164  2483
 1165  2459
 1167  2657
 1169  2448
 1178  2472
 1185  2450
 1197  2467
 1201  2424
 1204  2532
 1205  2428
 1206 22048
 1208  2498
 1209  2426
 1210  2482
 1212  2463
 1216  2490
 1220  2496
 1225  2506
 1230  2168
 1232  2712
 1233  2707
 1236  2486
 1239  2502
 1241  2521
 1242  2488
 1243  2742
 1244  2527
 1246 22668
 1247  2499
 1248  2501
 1251  2748
 1254  2536
 1272  2561
 1276  2222
 1279  2759
 1288  2541
 1298  2571
 1314 13743
 1316  1438
 1324  2588
 1328  2594
 1330  2802
 1338  2577
 1340  2598
 1341  2623
 1342  2817
 1350  2596
 1351  2812
 1352  2593
 1354  2625
 1357  2641
 1360  2648
 1361  2640
 1366  2866
 1370  2608
 1373  2850
 1374  2674
 1377  2614
 1382  2629
 1387  2876
 1389  2870
 1400  2856
 1405  2882
 1407  2705
 1411  2724
 1413  2865
 1416  2691
 1429  2736
 1431  2706
 1433  5449
 1442  2895
 1448  2687
 1461  2743
 1463  2745
 1466  2776
 1467  2919
 1472  2753
 1475  2940
 1476  2943
 1481  2948
 1494  2796
 1498  2765
 1499  2804
 1501  2792
 1504  2793
 1506  2791
 1509  2794
 1513  2814
 1518  2793
 1521  2808
 1528  2825
 1529  2805
 1531  2805
 1532  2829
 1533  2820
 1534  2810
 1537  2822
 1539  2647
 1544  2827
 1548  2655
 1553  2828
 1555  2846
 1559  2830
 1560  2832
 1561  2849
 1562  2675
 1580  2890
 1593  4847
 1597  2879
 1598  2859
 1608  2858
 1611  2874
 1615  2893
 1617  3067
 1618  3025
 1623  2878
 1643  2722
 1645  2896
 1649  2801
 1650  2914
 1655  3069
 1666  2921
 1670  2913
 1682  2750
 1689  2946
 1690  2935
 1701  2942
 1711  2947
 1717  2755
 1723  2949
 1726  2755
 1727  2956
 1731  2955
 1742  2976
 1743  2803
 1746  2960
 1748  3137
 1749  2779
 1750  3030
 1756  2973
 1766  3139
 1771 17376
 1775  3163
 1778  3148
 1779  3013
 1791  2993
 1799  2994
 1800  9956
 1807  3185
 1815  3008
 1816  3020
 1822  3029
 1823  3015
 1824  3167
 1832  3016
 1838  3056
 1842  3038
 1844  3039
 1850  3054
 1856  3065
 1862  3052
 1865  3042
 1871  3061
 1872  3083
 1881  3095
 1882  3089
 1898  3135
 1900  3104
 1903  3093
 1904  3224
 1906  3086
 1907  3108
 1909  3114
 1910  3152
 1912  3097
 1915  3098
 1917  3092
 1923  3122
 1929  3118
 1930  3117
 1935  3126
 1936  3113
 1945 24143
 1946  3270
 1949  3136
 1950  3280
 1951  3138
 1957  3099
 1959  3144
 1963  3150
 1964  3149
 1965  3329
 1972  3306
 1974  3375
 1987  3354
 2002  3188
 2011  3192
 2012  3180
 2017  3355
 2022  3216
 2024  3189
 2040  3187
 2042  3233
 2044  4516
 2045  3412
 2048  3242
 2054  3402
 2067  3230
 2070  3243
 2073  3247
 2078  3254
 2080  3300
 2082  3267
 2101  3302
 2104  3288
 2109  3293
 2111  3303
 2118  3273
 2125  3481
 2128  3482
 2132  3468
 2147  3341
 2151  3510
 2154 20308
 2156  3337
 2162  3521
 2170  3347
 2172  3530
 2174  3381
 2178  3377
 2179  3378
 2188  3386
 2189  3385
 2196  3370
 2198  3546
 2200  3534
 2204  3389
 2208  5672
 2216  3404
 2217  3408
 2218  3240
 2219  3418
 2227  3423
 2229  3434
 2239  3424
 2242  3571
 2249  3444
 2255  3454
 2262  3458
 2264  3457
 2273  3623
 2279  3456
 2290  3474
 2298  2652
 2301  3483
 2306  3614
 2310  3618
 2327  3497
 2330  3500
 2333  3502
 2337  3646
 2339  3493
 2341  3646
 2342  3512
 2345  3544
 2346  3516
 2347  3524
 2348  3663
 2351  3526
 2353  3501
 2354  3531
 2372  3709
 2375  3528
 2378  3550
 2380  3545
 2385  3683
 2389  3552
 2395  3558
 2396  3535
 2400 10789
 2412  3554
 2418  3772
 2419  3573
 2426  3720
 2429 28952
 2430  3561
 2431  3750
 2433  3564
 2434  3591
 2438  3598
 2443  3569
 2447  3784
 2451  3780
 2455  3776
 2457  3581
 2458  3609
 2461  3765
 2465  3599
 2466  3589
 2467  3590
 2468  3585
 2469  3615
 2472  3541
 2473  3597
 2474  3596
 2476  3622
 2485  3606
 2486  3495
 2492  3634
 2493  3638
 2499  3771
 2504  3795
 2506  3647
 2507   372
 2509  3621
 2513  3843
 2522  3845
 2524  3844
 2527  3658
 2533  3644
 2540  3624
 2542  3662
 2546  3871
 2557  3669
 2559  3667
 2572  3670
 2574  3889
 2577  3694
 2579  3692
 2598  3710
 2609  3689
 2611  3697
 2617  3703
 2620  3730
 2623  3729
 2624  3143
 2625  3716
 2627  3699
 2629  3708
 2630  3736
 2634  3707
 2635  3742
 2637  3706
 2638  3717
 2641  3722
 2646  3723
 2650  3725
 2658  3937
 2664  3744
 2665  3735
 2671  3752
 2676  3934
 2678  3778
 2686  3789
 2694  3958
 2697  3777
 2712  3803
 2717  3799
 2721  3808
 2730  3810
 2733  3985
 2753  3865
 2757  3832
 2759  3836
 2763  3840
 2770  3850
 2775  4019
 2776  4018
 2777  3859
 2779  4031
 2783  3868
 2790  3862
 2813  4068
 2814  3890
 2820  3892
 2821  3902
 2826  4027
 2851  3908
 2852  3906
 2854  3933
 2867  3913
 2871  3926
 2872  3949
 2875  4079
 2880  3960
 2890  3954
 2894  3966
 2900  3944
 2901  3964
 2906  4130
 2907  3976
 2908  3972
 2913  4128
 2914  4134
 2916  4144
 2921  3984
 2922  4158
 2926  3970
 2936  3978
 2938  4153
 2941  3993
 2944  3981
 2948  3990
 2954  4188
 2964  3998
 2968  4008
 2980  4233
 2981  4011
 2982  4009
 2983  4017
 2984  4007
 2987  4207
 2990  4043
 2997  4029
 3000  4050
 3002  4020
 3012  4059
 3017 19762
 3018  4044
 3022  4053
 3031  4057
 3036  4065
 3037  4089
 3043  4064
 3046  4082
 3049  4075
 3055  4073
 3058  8099
 3061  4087
 3062  4098
 3069  4093
 3072  4095
 3074  4091
 3075  4254
 3082  4094
 3084  4104
 3085  4115
 3093  4113
 3096  4122
 3112  4368
 3119  4127
 3120  4143
 3126  4117
 3128  4132
 3129  4123
 3139  4133
 3140  4340
 3149  4327
 3152  4145
 3156  4146
 3162  4151
 3166  4152
 3169  4341
 3178  4168
 3179  4160
 3181  4351
 3184  4161
 3196  4208
 3201  4172
 3203  4370
 3204  4186
 3206  4180
 3207  4182
 3208  4379
 3209  4183
 3212  4196
 3215  4185
 3227  4228
 3228  4204
 3243  4387
 3245  4213
 3248  4214
 3253  4396
 3261  4230
 3273  4236
 3278  4410
 3279  4241
 3281  4240
 3286  4249
 3291  4243
 3294  4272
 3300  4261
 3304  4428
 3310  4282
 3311  4444
 3313  4271
 3314  4451
 3317  4264
 3323  4267
 3324  4289
 3332  4283
 3342  4278
 3349  4478
 3352  4294
 3353  4303
 3356  4292
 3358  4287
 3360  4294
 3366  4314
 3373  4304
 3374  4319
 3386  4310
 3393  4538
 3394  4321
 3401  4334
 3404  4336
 3419  4344
 3426  4350
 3428  4337
 3432  4339
 3437  5305
 3442  4583
 3452  4346
 3457  4355
 3466  4358
 3471  4359
 3475  4361
 3476  4374
 3482  4262
 3496  4385
 3498  4389
 3499  4388
 3513  4394
 3515  4402
 3517  3913
 3518  4425
 3519 22569
 3522  4406
 3524  4619
 3529  4415
 3531  4413
 3538  4431
 3539  4419
 3542  1783
 3551  4427
 3552  4463
 3553  4443
 3562  4480
 3564  4464
 3567  4462
 3573  4469
 3578  4474
 3582  4497
 3585  9663
 3594  4490
 3602  4507
 3605  4524
 3610  4525
 3612  4514
 3616  4532
 3630  4567
 3638  4534
 3640  4541
 3644 18064
 3648  4597
 3656  4549
 3657  4564
 3659  4558
 3660  4561
 3667  4569
 3679  4571
 3688  4390
 3691  4565
 3700  4593
 3705  4601
 3710  4599
 3730 23084
 3739  4621
 3746  4421
 3749   238
 3754  4625
 3755  4636
 3762  4635
 3771  4653
 3772  4662
 3780  4441
 3784  4652
 3791  4803
 3802  4649
 3818  4676
 3819   283
 3824  4742
 3825  4667
 3826  4675
 3828 25378
 3836  4671
 3838  4752
 3846  5698
 3866  4681
 3873  4873
 3877  4691
 3893  4600
 3894  4716
 3908   954
 3915  4870
 3921  4709
 3926 21644
 3930   283
 3932  3779
 3950  4734
 3951  4724
 3954  4726
 3962  4909
 3967  4905
 3979  4746
 3988  4750
 3989  4728
 4000  5698
 4003  4512
 4006  4907
 4016  4761
 4023  4766
 4027  4866
 4032  4935
 4046  4778
 4050  4799
 4056 11647
 4059  4806
 4060  4791
 4064  4800
 4070  4774
 4080  4796
 4087  4815
 4093  4814
 4098  4825
 4099  4984
 4108 14889
 4116 22448
 4144 24751
 4148  4992
 4160  4862
 4224  1896
 4256  5084
 4275  6466
 4302  5093
 4315  5023
 4346  4303
 4353 23232
 4362  5144
 4367 15810
 4367 24337
 4385  5189
 4388  5164
 4416  5183
 4434   394
 4455  9541
 4464  4773
 4472 24064
 4491  5272
 4496 16504
 4531  5314
 4551  5630
 4575  5360
 4598  4773
 4603  2932
 4683 22919
 4720  5316
 4795  6967
 4812  6967
 4823  4780
 4828  4943
 4852  4963
 4863  4980
 4864  4971
 4865  4986
 4868  5002
 4869  4985
 4872  4996
 4886  5017
 4892  5004
 4899  5031
 4904  5036
 4910  5034
 4923  5055
 4939  5061
 4965  5086
 4974  5103
 4975  5105
 4977  5106
 4978  5102
 4979  5104
 4990  5117
 5013  5121
 5014  5124
 5025  5135
 5028  5134
 5033  5173
 5042  5171
 5045  5158
 5050  5169
 5053  5000
 5059  5177
 5064  5206
 5070  5188
 5075  5191
 5076  5194
 5080  5197
 5084  5213
 5085  5204
 5086  5198
 5089  5214
 5094  5221
 5103  5223
 5110  5234
 5125  5245
 5127  5250
 5129  5249
 5130  5244
 5140  5255
 5143  5261
 5145  5266
 5150  5393
 5155   260
 5163  5282
 5165  5284
 5203  5319
 5218  5337
 5223  5346
 5233  5474
 5245  5351
 5249  5359
 5256  5358
 5257  5362
 5258  5365
 5261  5368
 5266  5496
 5267  5371
 5276  5388
 5279  5384
 5282  5390
 5285  5382
 5297  5399
 5301  5404
 5304  9329
 5307  5518
 5309  5421
 5310  5413
 5313  5524
 5315  5523
 5316  5422
 5319  5424
 5321  5431
 5324  5534
 5325  5430
 5328  5426
 5339  5447
 5341  5414
 5344  5414
 5351  5455
 5363  5462
 5366  5460
 5368  5423
 5374  5458
 5385  5469
 5400  5481
 5415  5573
 5437  5515
 5450  5595
 5506  5406
 5516  5680
 5519  5663
 5520  5664
 5525  5673
 5530  5570
 5558  5554
 5562  5725
 5564  5551
 5571  5641
 5584  5665
 5592  5747
 5596  5582
 5601  5582
 5603  5758
 5604 13369
 5611  5597
 5616  5765
 5617  5770
 5621  5771
 5625  5604
 5626  5775
 5636  5778
 5642  5784
 5656  5537
 5672 12031
 5687  5811
 5697  5654
 5705  5669
 5714 26488
 5721  5796
 5724  1041
 5732  1048
 5763  6057
 5816  1070
 5852  5832
 5866  5857
 5869  5844
 5882  5789
 5912  5899
 5914  5902
 5918 30247
 5928 16965
 5952  5982
 5958 19740
 5959  5960
 5966  5959
 5975 16831
 5979  5958
 5994  5999
 6002  8593
 6018  6018
 6025  6042
 6038  6077
 6041  6050
 6044 11452
 6046  1796
 6055  6062
 6062  6073
 6063  6064
 6070  6055
 6078 30017
 6080  6088
 6081  7497
 6082  6058
 6095  6065
 6106  6124
 6107  6066
 6113  6076
 6114  6127
 6116  6266
 6134  6084
 6139  6327
 6140  6151
 6150  6150
 6157  6162
 6171  6342
 6171  8129
 6172  6343
 6175  8413
 6184  6359
 6195  6207
 6196  6377
 6202  6251
 6210  6217
 6214  6135
 6216  6146
 6225  6256
 6226  6212
 6227  6221
 6228  6242
 6232  6418
 6240  6404
 6243  6424
 6244  6405
 6248  6236
 6252  6235
 6255 22241
 6256  6286
 6261  6226
 6263  6404
 6267  6281
 6269  6294
 6270  6429
 6272  6305
 6274  6436
 6275  6417
 6278  6438
 6302  6446
 6305  6450
 6307  6455
 6313  6452
 6320  6401
 6322  1958
 6324  6439
 6328  6304
 6331  6355
 6339  6434
 6340  6474
 6341  6372
 6342  6499
 6348  6437
 6351  6365
 6352  6441
 6356  6396
 6358  6395
 6360  6360
 6368  6468
 6371  6411
 6372  6521
 6374  6469
 6376  6440
 6380  6485
 6383  6443
 6391  6367
 6397  6546
 6406  6548
 6410  6457
 6413  6463
 6414  6479
 6424  6481
 6427  6497
 6428  6500
 6429  6502
 6434  6506
 6435  6494
 6446  6509
 6449  6573
 6455  6590
 6456  6584
 6461  6596
 6462  6535
 6466  6594
 6479  6576
 6481  6545
 6483  6607
 6488  6551
 6490  6553
 6496  6615
 6502  6571
 6511  6638
 6513  6583
 6515  6580
 6530  6657
 6531  6652
 6532  6605
 6542  6589
 6552  6598
 6555  6671
 6559  6610
 6560  6699
 6564  6653
 6566  6636
 6570  6645
 6574  6691
 6583  6696
 6584  6709
 6588  6648
 6589  6632
 6595  6702
 6596  6713
 6598  6710
 6601  6718
 6604  6658
 6605  6717
 6610  6723
 6620  6664
 6625  6680
 6626  6745
 6630  6666
 6633  6670
 6634  6675
 6635  6665
 6651  6690
 6653  6708
 6656  6686
 6657  6679
 6671  6719
 6673  6770
 6681  6781
 6686  6736
 6688  6721
 6694  6799
 6695  6730
 6698  6795
 6699  6743
 6700  6727
 6702  7977
 6704  6731
 6709  6752
 6711  6739
 6714  5023
 6715  6750
 6716  7544
 6718  6818
 6724  6813
 6729  6800
 6742  6772
 6749  6837
 6756  6840
 6763  6841
 6766  8162
 6777  6804
 6800  6854
 6801  6877
 6810  6902
 6858  6835
 6899 10107
 6902  6969
 6910  6871
 6945  6993
 6951  6951
 6966  6850
 6969  8244
 6970  6890
 6971  7004
 6972  7005
 6974 13781
 6975  7005
 6978  7001
 6981  7006
 7012  6960
 7013  6988
 7044  7068
 7061  6375
 7066  6884
 7067  9412
 7074  6944
 7082  6882
 7108  6986
 7110  6891
 7113  6893
 7115  6895
 7116  6901
 7128  6892
 7150  3344
 7185  6982
 7186 23416
 7194 21819
 7208  7012
 7218  7049
 7231  6945
 7241  7684
 7245  7684
 7250  1307
 7251  7043
 7254  6945
 7262  7053
 7274 10440
 7280  7058
 7281  7208
 7284  7225
 7298  7080
 7303  7250
 7306  7252
 7316  7190
 7332 29399
 7345  7135
 7346  4466
 7356  7145
 7368  7156
 7377  7309
 7379  7165
 7387  7063
 7392  7362
 7413  7094
 7423  7096
 7425  7081
 7427  9830
 7435  7408
 7441  7094
 7442  7237
 7443  7128
 7446  7106
 7448  6945
 7452  7117
 7459  7436
 7464  7117
 7467  6945
 7475  7427
 7484  7942
 7501  7214
 7502  7223
 7511  7449
 7513  7184
 7516  7206
 7526 10164
 7530  7200
 7534  7213
 7536  7195
 7538  7466
 7541  7195
 7542  7220
 7545  8300
 7554  7480
 7561  7261
 7570  7247
 7598  7259
 7601  7513
 7613  7541
 7619  7325
 7622  7325
 7635  7305
 7638  7305
 7647  7549
 7648  7105
 7649  7105
 7650  7393
 7654  7559
 7664  7560
 7671  7574
 7678  7390
 7680  4870
 7690  7412
 7691  7569
 7703  7345
 7704  7353
 7723  4516
 7736  7392
 7738  7392
 7745  7600
 7766  7601
 7770  7438
 7787  7433
 7795  7731
 7797  7669
 7807  7445
 7813  7666
 7814  7464
 7821  7462
 7832  7478
 7838  7521
 7852  7782
 7853  7614
 7865  7525
 7870  7499
 7872  7724
 7873  7819
 7891  7552
 7894  7915
 7907  7553
 7926  7760
 7927  7526
 7931  7548
 7936  7545
 7948  7567
 7953  7547
 7958  7564
 7962  7872
 7963  2240
 7966  7781
 7974  7580
 7989  7584
 7990  7805
 7993  7812
 7995  7809
 7998  7742
 8014  7681
 8016  7831
 8019 28024
 8021  7594
 8022  7856
 8024  7882
 8027  7602
 8030  7659
 8032  7613
 8066  7964
 8071  7739
 8075  7646
 8078  7962
 8082  7882
 8084  7700
 8088  7841
 8098  7329
 8100  7915
 8102  7895
 8106  7637
 8108  7716
 8113  7723
 8117  8091
 8121  7706
 8125  7922
 8137  7766
 8141  7723
 8143  7736
 8147  7917
 8155  7769
 8164  7691
 8165  7882
 8166  7885
 8171  7866
 8175  7755
 8183  7725
 8187  7741
 8201  7792
 8212  7949
 8217  7889
 8227  7783
 8239  7885
 8242  8006
 8252  7991
 8264  7765
 8272  7799
 8273  7817
 8275  7993
 8281  7767
 8286  8050
 8289  7832
 8290  7820
 8298  7976
 8301  7976
 8303  7719
 8304  7810
 8317  8025
 8324  6927
 8339  7841
 8348  8021
 8352  7875
 8359  8035
 8362  7826
 8367  7886
 8368  8036
 8370  7833
 8372  8040
 8385  7927
 8386  8055
 8392  7908
 8402  7923
 8405  8067
 8424  8114
 8426  8062
 8427  8060
 8437  7908
 8438  8079
 8443  7946
 8444  8130
 8454  7956
 8467  8109
 8470  8544
 8472  7982
 8473  8103
 8476  8150
 8478  8143
 8480  7997
 8482  8170
 8484  7968
 8485  8170
 8486  8140
 8488  8311
 8489  8147
 8493  4428
 8495  8152
 8498  8176
 8510  8191
 8529  8225
 8534  8239
 8537  8149
 8538  8195
 8541  7784
 8575  8181
 8583  8189
 8596  8248
 8597  8251
 8598  8084
 8605  8084
 8606  8136
 8607  8208
 8613  8263
 8629  8258
 8636  8218
 8647  8098
 8649  8232
 8674  8059
 8676  8121
 8689  8132
 8706  8746
 8720  8166
 8725  8280
 8735  8288
 8736  8169
 8766  8328
 8767  8202
 8775  8339
 8779  8193
 8780  8086
 8785  2123
 8787  8342
 8793  8220
 8797 23078
 8799  8628
 8805  8231
 8809  8368
 8813  8421
 8814  8365
 8825 23023
 8828  8320
 8829  8456
 8831  8255
 8837  8272
 8840  8268
 8841  8278
 8842  8393
 8848  1783
 8853  8259
 8862  8401
 8871  8279
 8873  8301
 8874  8407
 8878  8286
 8881  8451
 8883  8282
 8888  8238
 8901  8296
 8905  8326
 8906  8518
 8907  8302
 8911  8315
 8915  8245
 8918  8332
 8921  8518
 8931  8453
 8932 20975
 8935  8052
 8939  8346
 8941 17731
 8943  8345
 8944  8338
 8953  8466
 8955  8347
 8966  8363
 8971  9244
 8972  8371
 8979  8370
 8995 14623
 9015  8521
 9019  8378
 9027  5352
 9031  8511
 9041  8400
 9056  8493
 9057  8369
 9059  8417
 9070  8524
 9073  8535
 9075  8430
 9076  9605
 9078  8387
 9079  8447
 9083  9605
 9087  8458
 9088  8439
 9090  8452
 9092  8451
 9096  8462
 9099  8315
 9099  8459
 9101  8460
 9112  8468
 9115  8462
 9117  8473
 9120  8461
 9143  3522
 9157  8501
 9165  8595
 9166  8551
 9167  8621
 9182  8508
 9190  8553
 9191  8541
 9196  8615
 9197  8567
 9200  8565
 9202  8560
 9211  8573
 9231  8613
 9236  8612
 9237  8605
 9238  8597
 9241  8607
 9243  8601
 9245  8611
 9247  8597
 9250  8631
 9252  8622
 9254  8618
 9255  8620
 9266  8638
 9268  8627
 9269  8627
 9273  8636
 9276  8641
 9277  8627
 9279  8657
 9282  8655
 9283  8632
 9284  8628
 9289  9836
 9301  8662
 9302  8688
 9307  8719
 9313  8675
 9314 29175
 9319  8730
 9327  8683
 9328  8694
 9332  8699
 9340  8697
 9341  8705
 9342  8698
 9346  8683
 9348  8707
 9354  8707
 9355  8720
 9360  8717
 9366  8712
 9367  8722
 9369  8709
 9384  8749
 9395  9404
 9410  8771
 9418  8774
 9419  8795
 9420  8779
 9421  1603
 9422  8776
 9424  9350
 9429  8783
 9430  8803
 9436 23598
 9439  8809
 9441  8787
 9444  8798
 9446  8930
 9450  8871
 9479  8873
 9482  8861
 9488  8906
 9491  8937
 9494  8914
 9502  8878
 9509  8880
 9516  8923
 9523  8951
 9524  8899
 9525 25942
 9526  8947
 9529  8964
 9531  8950
 9535  7562
 9538  8953
 9545  8927
 9548  8982
 9549  8980
 9553  8933
 9555  8925
 9556  8949
 9566  8935
 9569  8938
 9570  6442
 9577  8992
 9582 17037
 9592  9010
 9597  8952
 9598  9009
 9599  9015
 9602  8932
 9604  9023
 9605  8968
 9606  8932
 9608  8989
 9609  8967
 9610  9027
 9611  8995
 9613  9021
 9614  8922
 9622  9018
 9623  9025
 9626  9046
 9635  9035
 9636  9035
 9638  9001
 9643  9038
 9646  9036
 9648  9048
 9652  9046
 9653  9057
 9677  9080
 9678  4461
 9698  9096
 9699  9100
 9709  9053
 9712  9105
 9713  9111
 9717  9051
 9722  9066
 9728  9103
 9729  9064
 9730  9126
 9733  9110
 9735  9484
 9738  9129
 9744  9139
 9746  9084
 9753  9093
 9756  6680
 9764  6675
 9768  9158
 9770  6681
 9779  9167
 9782  9135
 9792  9168
 9793  9131
 9799  9192
 9811  9199
 9818  6750
 9820  9211
 9825  9280
 9831  9166
 9836  9169
 9838  9228
 9840  9223
 9841  9187
 9842 13507
 9843  9231
 9845  9173
 9848  9222
 9856  9191
 9859  9242
 9863  9190
 9871  9265
 9873  9308
 9880  9194
 9882  9261
 9894  9218
 9899  9215
 9904  9220
 9908  9237
 9915  9304
 9921  9251
 9922  9280
 9926  9241
 9928  9241
 9935  9258
 9942  9282
 9948  9326
 9953  9337
 9954  1287
 9957  7990
 9959  9273
 9960  9297
 9965   682
 9967  9278
 9971  5698
 9975  9361
 9976  4520
 9977  9347
 9980  9352
 9983  9348
 9986  9286
 9987  9313
 9989  9310
 9990 24399
 9991  9321
10001  9370
10006  9374
10008  9644
10014  3075
10019  9329
10024  9338
10026  9329
10029  9335
10032  9293
10034  9401
10045  9393
10049  9354
10050  9394
10079  9420
10087  9406
10088  9430
10089  9423
10106  9359
10142  9399
10143  9730
10148  9474
10152  9469
10154 10947
10165 10100
10173  9491
10181  9410
10187  9503
10190  9524
10195  9364
10212  9541
10216  9544
10222  9473
10241  9571
10243  9567
10244  9487
10246  9511
10253  9522
10263  9527
10265  9520
10287  9621
10291  9562
10293  9570
10296  9543
10297 21793
10306  9574
10310  9577
10314 20124
10316  9559
10324  1788
10335  9599
10342  9608
10344  9610
10349  9612
10350  9614
10366  9617
10368  9643
10370  9624
10375  9623
10376  9640
10400  9656
10410  6390
10418  9648
10433  9689
10435   469
10435  9658
10440  9680
10442  9683
10443  9638
10446  9703
10447  9672
10452  9692
10453  9700
10454  9700
10456 10276
10458  9723
10459  9750
10460  9713
10461  9715
10462  9722
10463   215
10468  9732
10470  9722
10474  9760
10476  9737
10480  9746
10492  9765
10493  9764
10494  9743
10500  9747
10502  9784
10518  9842
10524  9835
10525  6530
10527  9790
10528  9874
10530  9711
10533  9714
10535  9882
10537  9799
10548  9825
10550  9890
10553  9869
10558  9935
10564  9960
10572  9915
10576  9832
10579  9815
10592 10040
10604  9879
10607 10006
10609  9873
10610 10083
10617 10020
10628  9900
10633  9964
10634  9932
10635 10112
10644  9919
10645  9973
10647  9961
10648 23023
10652 10051
10656 10127
10657 10127
10666  9854
10667  9998
10668 10132
10669  9990
10670  9985
10671 10148
10672  9837
10675 10067
10676 10010
10679 10103
10682 10127
10685  9954
10688 10038
10692 10012
10695  9867
10699 10162
10700 10025
10706  9870
10707 10042
10709 10045
10714  9952
10719 10050
10721 10041
10721 10053
10724 10034
10729 10039
10731 10053
10732 10207
10739  9913
10741 10059
10747  9927
10750  9924
10751 10156
10752 10073
10753  9948
10756  9967
10757  9945
10759  2489
10760  9927
10761  9929
10762 10070
10768  9929
10771 10116
10772  9908
10775  9924
10776 10060
10783  9940
10787 10221
10789 10427
10790 10427
10792  9963
10795 10122
10799 10124
10803  7222
10809  9914
10818 10250
10829 10253
10830  9994
10831 10115
10832  9982
10835 10270
10839 16189
10846 10158
10849 10262
10850 10165
10854 10015
10856 10154
10861 10166
10862 10153
10863  7439
10867 10173
10868 10064
10869 10048
10873 10179
10874 10048
10878 10175
10881 10035
10883 10274
10885 10179
10888 10037
10889 10056
10890 10280
10892 10079
10900 10195
10901 10271
10904 10206
10906  6392
10907 10061
10908 10223
10910   232
10912  2773
10914 10212
10915 10257
10918 10087
10920 10218
10922 10268
10927 10209
10929 10203
10934 10135
10943 10111
10945 10082
10946 10110
10951 10071
10953 10120
10958 10232
10962 10174
10966 10228
10970 10136
10986 10181
10991 10307
10992 10140
10993 10136
10994 10312
10996 10310
11002 10307
11005 10317
11015 10308
11016 10311
11029 10325
11030 10315
11032 10286
11052 10341
11053 10344
11054 10346
11055 11517
11061 10343
11091 10991
11093 10388
11094 28887
11106 12566
11115 10297
11117 10297
11119 10421
11131  3245
11134 10374
11135 10413
11144 10411
11155 10389
11159 10443
11161  3904
11162 10412
11178 10449
11221 10476
11228 10444
11229 10444
11240 10486
11250 10514
11252 10504
11258  9068
11281 10435
11283 10446
11285 10429
11288 12902
11289 10480
11303 10491
11306 10503
11307  9647
11318 10535
11323 10524
11327 10491
11328 10517
11333 10488
11337 10492
11346 10501
11354 10566
11368 11171
11372 10527
11373 10520
11377  4091
11378 10535
11387 10544
11389 10512
11394 10548
11395 10547
11396 10546
11405 11344
11406 10598
11418 10608
11426 10556
11431 10557
11433 10563
11449 10573
11450 10572
11455 10600
11458 10577
11461 10585
11466 10583
11472 10628
11473 10592
11476 10610
11478 10591
11479 10594
11501 10819
11521 10626
11535 10633
11538 10640
11554 10682
11562 10679
11564 10775
11575 10681
11576 10756
11577 10678
11579 10743
11580  6074
11585 10701
11587 10820
11592 10728
11598 10609
11599 10892
11602 10891
11608 10884
11628 10629
11633 10755
11637 10937
11638  7001
11641 10599
11641 10636
11653 10950
11695 10932
11697 10934
11698 10844
11703  8913
11724 10869
11831 11088
11845 11134
11852 10962
11869  7071
11886 26827
11904 24134
11905 11182
11957 20333
12009 11089
12011 11091
12042 11111
12063  6650
12083 11221
12086  2355
12111 11153
12122 11245
12124 11245
12127 11159
12146 11394
12153 11394
12177 11197
12221 11222
12231 11342
12256 11332
12283 11365
12311 11501
12316  2845
12323 11534
12329 11430
12353 11595
12359 11562
12423 11484
12469 11667
12489   576
12558 29312
12603  5566
12606 13396
12625 18260
12632 28928
12657 11777
12744  9717
12807   827
12825  7504
12868 11933
12918 11762
12960 14670
13046  9280
13059  2932
13266 22291
13353  8465
13378 29017
13436 12318
13465 12375
13724  6029
13787  4769
13793 17781
13794  7706
13889  2017
13975 29138
14010 26958
14029  4789
14062 23697
14137 16874
14146  6853
14184 28106
14222 25964
14291  9278
14300 13208
14312 29000
14694  9963
14795   940
14895 23752
14971 10140
15013 20664
15183  8737
15511 20937
15548 29761
15716  7175
15973 15411
16058 20506
16477  5701
16709   196
16779 12748
17028  8790
17035  2492
17140 19787
17347 21720
17379 14411
17442 18996
17447 11335
17696 26979
17716  7089
17745 21792
17926 13058
17946 11087
17988  4296
18189 26915
18309 18456
18357 30450
18375 15851
18411  1953
18445  3064
18454 25763
18459  5730
18793 14239
18796 30159
18837  4540
18928   649
18992  4338
19026 23023
19028 23023
19072 21254
19101 22320
19415 25443
19492 15199
19519 29399
19629 15307
19648 15324
19757 20564
19768  8336
19798  9172
19833  4822
19833 16099
19856 28780
19940 15324
19955 19172
19975 19172
19998 25123
20031 12749
20220 22255
20238 30246
20322 15120
20411 20515
20644 23361
20659  4779
20787 17233
20835 20706
21141  2092
21348   762
21402 18655
21446   499
21544 14861
21555 14861
21792  6826
21886  7250
21919 29841
21937 17805
21939 24465
21988 13326
22026 15554
22134 28514
22146 16818
22155 13476
22163 13479
22165 13469
22205 13504
22224 13523
22258 13547
22260  9137
22287 18151
22355 13617
22392 13631
22430  7302
22430 28471
22459  1492
22608  3200
22964 14425
23001 22747
23009  5056
23076 21917
23090 14162
23118 22685
23144 14213
23189 25942
23207   760
23230  6469
23269 14312
23277 14281
23382  7310
23450 16312
23485 16329
23503 16656
23540 19614
23564 16378
23604 16151
23707  1099
23764 17869
23920 15141
24006 16828
24012 17059
24044 14978
24049 29296
24050 16876
24072 16949
24085 16964
24108 26016
24112 17025
24210 17046
24235 17051
24241 17051
24302 17082
24336 17183
24337 17201
24348 26185
24355 17164
24406 17565
24412 17229
24518 17314
24548 30467
24598 28173
24664  7114
24678  6472
24712 17470
24737 10539
24754 17805
24791 27460
24888 14458
24989 23704
25083     4
25095 16409
25096 20280
25109 13547
25247 24005
25416 27431
25435 19117
25632  9578
25791 15126
25897 18465
25901 26258
25915 10092
25933  8306
26068  3999
26125 15361
26128 16346
26174 13413
26205 16402
26476 19888
26595 18190
26820 29655
27001  7055
27042 17059
27124 17097
27166 20450
27178 10953
27226 17187
27235 20664
27267 17763
27431 27965
27506   716
27677  7527
27715 23697
27717  9719
27803 26915
27855 13279
27905 13611
27934 21193
28035 16053
28278 30434
28284 30370
28331 30404
28334     8
28342 30440
28347 30413
28366 30446
28396 19007
