    7 20306
   16    44
   66  3415
   73  3080
  101  3809
  112  3645
  117  3304
  122  3172
  227 10171
  266 19512
  336  3672
  371  5981
  397  3689
  414  3527
  458 17039
  465 14248
  479  3360
  557  6119
  625 14272
  689 13351
  729  4100
  759  3312
  796 11451
  859 11501
  875  8317
  906  2348
  912  2348
  919  4487
  975 14771
  979  3494
  999  3462
 1005  3462
 1021 12235
 1030  3424
 1057  3499
 1088  4909
 1112  3863
 1140  2291
 1153  3835
 1164  3664
 1190  3850
 1206  3874
 1279  3538
 1295  6849
 1330  3552
 1348 11826
 1379  6398
 1418 20298
 1481  3558
 1530  3852
 1532  3854
 1566 12065
 1580  3857
 1582 12224
 1618  3681
 1658 12182
 1668 12181
 1680 12224
 1710 18229
 1715 12140
 1750  4004
 1751  3710
 1778  3738
 1779  4043
 1793  2948
 1797 12224
 1821 12225
 1835  1792
 1863  2823
 1898  3993
 1910  4065
 1974  3782
 2009  4315
 2040  4140
 2045  3823
 2054  3870
 2132  3927
 2175  3938
 2336   398
 2381  4349
 2385  4064
 2429 16975
 2447  4020
 2458  4279
 2495  1229
 2524  4083
 2540  4394
 2544  4085
 2583  3935
 2601  2732
 2658 17967
 2667  7866
 2676  4162
 2694  4113
 2699 10405
 2776  4151
 2826  4237
 2880  4406
 2894  4439
 2913  4197
 2933  2271
 2938  4230
 2943  8268
 2966 18491
 3149  4303
 3156  9767
 3169  4322
 3181  4306
 3196  4511
 3208  4309
 3220  5411
 3229 15059
 3304  4376
 3341  4612
 3436  4641
 3502  2197
 3615  5434
 3719  4701
 3802  4784
 3804  4727
 3805  3873
 3840  3203
 3846  6758
 3861  6040
 3867  4579
 3877  4781
 3925 20181
 3997  2192
 4032  4595
 4099  4649
 4180  6758
 4256  4682
 4264 13938
 4268  5441
 4300  5471
 4353  2591
 4362  4726
 4416  4756
 4527  5519
 4625  5573
 4629  5565
 4631  5582
 4634  5565
 4637  5570
 4641  4352
 4652  5597
 4667   477
 4672   477
 4706 13104
 4722  5643
 4746   980
 4765  5753
 4798  5453
 4807  2421
 4826  5145
 4832  5466
 4901  4677
 4906  7266
 5047 17351
 5053  6250
 5054  5635
 5078  5631
 5126  5666
 5132  5664
 5146  5869
 5149  5696
 5171  5680
 5195  5975
 5197  5823
 5231  5708
 5233  5702
 5236  5699
 5250  5714
 5260  5735
 5288 12195
 5290 15061
 5307  5741
 5308 10732
 5313  5734
 5319  5973
 5324  5733
 5406 13463
 5415  5763
 5438  5785
 5450  5778
 5452  5843
 5520  5843
 5525  5852
 5527  6315
 5540  6230
 5554  6402
 5561  6376
 5564  6379
 5565 17398
 5577  5330
 5592  5923
 5596  6405
 5603  5912
 5616  5942
 5621  5950
 5626  5941
 5633  5946
 5636  5952
 5642  5962
 5651  5961
 5672  5972
 5683  6003
 5760  6317
 5762  6417
 5803  1347
 5819  6496
 5847  2353
 5852  6519
 5866  6513
 5900  6491
 5912  6532
 5914  6535
 5940 13311
 5958  5963
 5995   680
 5998 10399
 6010  2772
 6012  6545
 6047  6627
 6092  7029
 6117  3123
 6150 11304
 6161 13872
 6172 12126
 6175  6677
 6196 12006
 6220 11635
 6222 19275
 6232  6572
 6304  2518
 6307  6677
 6309  6595
 6315  6604
 6324  4810
 6364  6637
 6395  6736
 6397  6655
 6400  6735
 6424  6892
 6426  6667
 6435  6901
 6442 16403
 6443  6864
 6449  6794
 6455  6695
 6456  6720
 6461  6693
 6466  6704
 6483  6793
 6488  6931
 6496  6755
 6511  6731
 6511 18862
 6520  6823
 6530  6744
 6531  6750
 6541  6739
 6552  6974
 6555  6753
 6561  6788
 6574  6776
 6584  6782
 6588  6972
 6595  6829
 6596  6894
 6598  6828
 6598  6831
 6605  6835
 6607 10431
 6610  6837
 6612 18252
 6620  7017
 6626  6817
 6635  7030
 6643 15455
 6651  7036
 6659  7003
 6665  7034
 6667  6854
 6670  6888
 6681  6861
 6683 10467
 6694  6870
 6698  6887
 6702  6958
 6706  7041
 6715  7106
 6724  6898
 6729  7004
 6742  7088
 6749  6924
 6756  6927
 6763  6962
 6801  6964
 6836 11220
 6847  7416
 6854  7033
 6895  7055
 6917  7527
 6953 16028
 6961  7264
 6995  2247
 7012  7658
 7046  9285
 7047 14272
 7078  9248
 7106  7685
 7108  7682
 7134 11466
 7138  7841
 7170  7388
 7175  9041
 7180 13867
 7185  7888
 7190  7887
 7232  8054
 7235  7813
 7250  7904
 7266 16957
 7278  7785
 7287  7967
 7298  7939
 7310  7818
 7315  7999
 7322   478
 7324  8003
 7329  8129
 7346  8038
 7359  7634
 7427  5704
 7434  7972
 7445  8296
 7456  7018
 7459  7971
 7462 11314
 7531 18916
 7542  8341
 7553  7997
 7598  8427
 7641  6599
 7648  7853
 7660  7853
 7671 19722
 7679  8120
 7679  8522
 7683  9268
 7701  9664
 7702  8572
 7707  7768
 7715  2244
 7717 15288
 7753  7789
 7766  8109
 7796  8305
 7810  7869
 7823  8904
 7852  7895
 7853  8256
 7863  8259
 7898  8591
 7926  8125
 7930  7961
 7951  8327
 7953  8762
 7961  7762
 7962  7977
 7978  8797
 7988  7667
 7991  4783
 7998  8426
 8041 14657
 8042  8761
 8053  8538
 8056  8518
 8059  8538
 8061  8466
 8082  8846
 8094  8328
 8099  9225
 8101  9225
 8103  8330
 8105  8522
 8131  8127
 8137  8709
 8140 14049
 8142  8105
 8143  8837
 8162  9094
 8164  9105
 8171  8738
 8175 12931
 8187  8980
 8208  9790
 8209  8157
 8212  8397
 8234   104
 8247  9162
 8256  9171
 8260  9196
 8265  9023
 8302  8488
 8303  8760
 8311  8752
 8315  7853
 8330  8750
 8336  9267
 8355  9277
 8356  9250
 8359  8615
 8361  8609
 8363  9516
 8365  9285
 8367  9170
 8387  8645
 8390  8650
 8391  8651
 8393  8661
 8400  8666
 8424  8408
 8426  8701
 8436  9265
 8443  9279
 8454  9232
 8460  8793
 8472  9238
 8476  8525
 8486  8539
 8489  8539
 8499  8553
 8523  7242
 8541  8843
 8542  9041
 8561  8628
 8569  8379
 8605  9283
 8613  8705
 8643 18162
 8647   938
 8648 16737
 8659 19585
 8674  9619
 8715  9666
 8726  9474
 8738  9020
 8759  9315
 8760  9316
 8779  9554
 8780  9603
 8803  5403
 8813  8927
 8814  9177
 8828  9415
 8859  9018
 8906  8986
 8907  9676
 8934 15932
 8970  9130
 9014  9747
 9059  9848
 9088  9848
 9101  9762
 9118 16580
 9141  9905
 9160  9405
 9182  9888
 9199  6407
 9216  9859
 9229 11747
 9237  9884
 9252  9865
 9344  7945
 9348  8027
 9349  8027
 9357  7967
 9373  7886
 9379 10106
 9497  8102
 9539  9906
 9542  9862
 9548  9871
 9552  9916
 9557  9891
 9562 10176
 9575  9913
 9580 10016
 9592  9974
 9599 18961
 9604  9999
 9608  2519
 9613 10083
 9614 10170
 9619 10266
 9629 10218
 9630 10076
 9635 10101
 9643 10102
 9654 10163
 9659 10161
 9662 10171
 9665  9063
 9667 10177
 9676 10233
 9677 10196
 9680 10239
 9698 10221
 9699 10223
 9700 10223
 9705 10229
 9711 10228
 9726 10243
 9728 10297
 9730 10252
 9741 10263
 9743 11043
 9746 10455
 9753 10439
 9758 10447
 9763 10447
 9768 10321
 9772 10341
 9778 10317
 9779 10327
 9780 10317
 9787 10338
 9792 10383
 9799 10360
 9804 10361
 9820 10384
 9838 10404
 9840 10418
 9847 10428
 9848 10476
 9853 10433
 9856 10572
 9857 10453
 9859 10456
 9875 10468
 9882 10473
 9887 10481
 9917  3632
 9920 10508
 9934 11073
 9938 10552
 9964  7237
 9967  3183
 9975  6659
 9980 10562
 9983 10567
 9986 10732
 9990   785
10001 10577
10006 10531
10011 10487
10024  6752
10029 10863
10034 10534
10037 10606
10043 10564
10045 10544
10055 19721
10058 10637
10059 10581
10068 10664
10078  2039
10087 11079
10088 10621
10089 10659
10098 10363
10106  7142
10119  9391
10120 10613
10124 11105
10129 10618
10135  4833
10137 11043
10142 10973
10147 10746
10191 11149
10199 11158
10203 11173
10205 11177
10205 11178
10222 11207
10226 10984
10234 11189
10237 11213
10242 11237
10244  1431
10246 11190
10250 11215
10265 11236
10268 11225
10272 11231
10278 11232
10281 19319
10284 11252
10291 11259
10293 11256
10296 11290
10302  8521
10310 11272
10312 11258
10344 11306
10359 11340
10366 11390
10370 11352
10378 11416
10382 11353
10383 11386
10388 11357
10398 11394
10399 11488
10454 11738
10455 10283
10460 11507
10461 11488
10462  6356
10476 11619
10482 11528
10483  2650
10484 11648
10523 11738
10527 11741
10529  8973
10542 11776
10636 10591
10654 10598
10679 20039
10745  3298
10811 15271
10838 11593
10851 12117
10858 12117
10872 12177
10890 11637
10906  5716
10919 11657
10929 11944
10930 12209
10950 11988
10955 11677
10974 12289
10992  3002
10994 11733
10996 11740
11002 11760
11009 12073
11015 11904
11032 12115
11048 11876
11052 11892
11053 11893
11054 11897
11063   756
11073 11963
11082 11996
11162 12497
11167 12275
11189 12310
11218  9302
11238 12363
11240 12407
11241 12404
11252 12425
11253 12395
11299 12479
11306 12694
11321 12555
11339 12549
11346 12811
11349 12572
11354 12582
11357 12588
11367 12775
11383 12639
11387 12834
11394 12860
11406 12686
11419 12882
11431 12875
11449 12903
11456 12760
11461 12986
11476 12806
11478 13051
11481 12845
11490 13073
11492 12803
11493 12832
11499 13003
11510 12847
11523 13113
11535 13167
11541 12953
11554 13072
11558 12969
11572 13050
11587 13067
11593 13068
11599 13093
11608 13094
11623 13150
11637 13168
11652 13298
11683 13436
11805 13557
11845 13314
11852 13563
11853 13571
11864 13565
11907 13341
11938  7952
11942 13658
12080 13521
12081 13794
12124 13566
12221 13919
12222 10170
12232 13595
12245 13590
12281 13950
12323 13708
12340 11678
12342 14016
12353 13767
12359 13734
12387 14045
12411 18701
12423 13823
12455 17761
12469 13802
12512 12408
12518  7784
12523 13898
12608  6805
12632 13463
12657 13968
12717   206
12722 13121
12734 17844
12761 11460
12845 18326
12868 14108
13042  5436
13057 15514
13126 15628
13278 14341
13699  9250
13733 14495
13756 14356
13808 14976
13979  3774
14014  2986
14062 17860
14146  2574
14175  6279
14306  6749
14323 10201
14779  3736
14927 20154
15013 18229
15051   380
15096 20296
15104 19734
15121 15616
15185   911
15240 14650
15430   245
15676  9764
15833  6415
16005 19922
16052 14825
16171 20192
16209 17072
16385 13351
16407 18701
16575  9552
16721 11785
17016 16580
17054  1907
17195  2985
17561 16665
17627   495
17696  3792
17835 18262
17872  4186
17878 19119
18143  6204
18191  1625
18323  2937
18333  5086
18335  2400
18357  1473
18575 17162
18762 10725
18763  7672
18854  2380
18895  6464
18906 17953
18928 12404
18967  4390
19155 12989
19162  2115
19274  1587
19284  4378
19519 11928
19521 11928
19544   353
19757 19189
19777 19189
19841  2780
19948 16580
19962 16580
19975 19346
20086 15130
20285 19922
20449 16617
20593 11462
20831 12350
21010  9594
21214 19254
21323  9366
21352  9069
21460 11483
21532 19165
21555 19176
21799 14169
21967 20211
22090 16594
22134  9664
22208  1077
22260 10263
22406 15575
22631 11180
22811 17817
22854 17852
22862 17662
22975  6339
23065   589
23250  6396
23269  2582
23316 14461
23336   495
23347   186
23390 11833
23450 11591
23459 18209
23528  3386
23709 10030
23770 11600
23777  2234
23831  8335
23984  7681
24031 12541
24052 19242
24143  3801
24151  3792
24170  3801
24260 19176
24559   201
24894 17508
25199  1065
25245  7771
25555 18579
25882  6587
26053   246
26174 19159
26333 13431
26411 11704
26493 19767
26511 18958
26523  5399
26571  3911
26633 18516
26701 10842
26740 15846
26868 11488
26887 15137
27046 15153
27091 14779
27108  6854
27146 15161
27335 13771
27431  2461
27470 12944
27529 14982
27802  6918
27912  2925
27937 15994
27946 14433
28043 19247
28072 17104
28201 14359
28251    33
28315    51
28339 20288
28383     6
28386 20294
28392    38
