   21   143
   23   173
   26   172
   30   171
   34   155
   40   170
   62   189
   66   238
   73   204
   79   229
   87 25761
   92   242
  105   260
  108   246
  116   277
  117   296
  120   273
  121   301
  124   286
  125   280
  136   293
  138   283
  143   297
  155 14048
  156   238
  160   339
  162   302
  163   337
  165   347
  168   353
  169   355
  173   313
  176  4554
  185   335
  205   400
  211   361
  216   381
  240   377
  245   391
  264   393
  288   431
  310   421
  316   443
  326   437
  328   439
  329   438
  334   334
  336   445
  343   454
  352   483
  356 13407
  361   464
  363   488
  366   503
  368   473
  371   469
  379   506
  380   493
  401   509
  406   519
  411   526
  413   505
  414   532
  425   492
  428   487
  432   550
  436   512
  440   547
  446 19966
  452   534
  453   536
  455   516
  460   518
  467   523
  476   528
  479   510
  483   553
  491   541
  520   577
  531   585
  537  6202
  578   643
  581  5106
  589   626
  596   597
  610  7249
  616   593
  622   594
  628   662
  644   710
  645 13853
  647   602
  648   715
  655   608
  668   730
  669   617
  671   731
  697   664
  699   636
  702   637
  705   634
  706   649
  709   632
  715   688
  718   699
  720   692
  721   688
  727   692
  734   665
  745   675
  746   706
  751   690
  753   734
  759   681
  765   733
  768   703
  782   707
  783   768
  786   775
  795   723
  796   778
  799   712
  817   766
  818   805
  830   777
  846   752
  849   749
  851   754
  853   751
  873   834
  874   832
  878   760
  879   785
  884   787
  885   797
  887  7093
  889   807
  897   853
  900   818
  916   976
  919   982
  920   843
  923   891
  937   894
  941  1013
  956   904
  959   854
  968   930
  969   975
  972   873
  977   889
  978   874
  979   872
  990   928
  994 26263
  996   878
  999   908
 1005   908
 1019   936
 1023   935
 1024   929
 1030   923
 1033  1003
 1039   919
 1040   983
 1047   968
 1052   939
 1057   948
 1064  1014
 1070  1006
 1086  1032
 1087   952
 1093  1007
 1096  1048
 1099  1028
 1106  1074
 1107  1084
 1111  1096
 1115  1096
 1121  1079
 1125  1053
 1127  1059
 1128  1037
 1134  1111
 1136  1112
 1152   999
 1157  1069
 1164  1080
 1170  1088
 1178  1103
 1179  1126
 1186  1110
 1190  1135
 1197  1125
 1201  1151
 1202  1152
 1204  1143
 1206  1144
 1208  1124
 1209  1153
 1215  1142
 1216  1132
 1225  1131
 1230  1209
 1233  1095
 1234  1140
 1236  1161
 1239  1149
 1241  1137
 1243  1097
 1243  1099
 1244  1146
 1250  1107
 1251  1108
 1253  1165
 1257 10191
 1258  1176
 1264  1162
 1272  1169
 1276  1251
 1278  1180
 1279  1136
 1294  1184
 1309  1205
 1318  1207
 1324  1203
 1330  1175
 1332  1222
 1338  1249
 1346  7437
 1348  1270
 1350  1245
 1351  1199
 1354  1228
 1361  1246
 1370  1260
 1378  1220
 1387  1210
 1400  1233
 1402  1288
 1403  1285
 1405  1224
 1407  1269
 1412  1309
 1413  1254
 1416  1305
 1429  1297
 1442  1268
 1443  1255
 1445  1315
 1446  1357
 1453  1334
 1463  1339
 1467  1300
 1476  1287
 1478  1335
 1481  1294
 1488  1394
 1494  1352
 1495  1403
 1499  1353
 1504  1371
 1509  1369
 1511  1358
 1521  1375
 1527  1379
 1528  1372
 1532  1366
 1534  1381
 1535  1342
 1537  1382
 1539  1429
 1544  1383
 1548  1435
 1552  1392
 1553  1409
 1559  1414
 1564  1451
 1570  1450
 1574  1464
 1575  1418
 1576  1421
 1580  1408
 1582  1459
 1584  1469
 1585  1047
 1604  1432
 1614  1502
 1617  1399
 1626  1407
 1630  1504
 1633  1444
 1643  1518
 1656  1537
 1657  1517
 1658  1519
 1666  1468
 1668  1536
 1676  1550
 1680  1549
 1684  1530
 1684  1532
 1689  1474
 1695  1566
 1703  1563
 1704  1509
 1713  1501
 1715  1576
 1721  1499
 1722  1579
 1727  1510
 1732 15432
 1737  1577
 1742  1505
 1748  1472
 1749  1584
 1752  1512
 1756  1525
 1762  1600
 1765  1540
 1766  1494
 1768  1520
 1769  1606
 1777  1529
 1778  1500
 1794  1553
 1797  1619
 1807  1516
 1816  1558
 1824  1533
 1825  1643
 1836  1591
 1838  1568
 1842  1588
 1859  1604
 1860  1601
 1862  1598
 1874  1611
 1876  1597
 1877  1599
 1897  1610
 1900  1615
 1909  1617
 1910  1635
 1919  1636
 1935  1649
 1946  1614
 1949  1666
 1954  2988
 1963  1667
 1965  1625
 1967  1683
 1972 26378
 1978  1684
 1987  1640
 1993  1688
 1998  1696
 2005  1713
 2011  1711
 2015  1712
 2017  1681
 2020  1673
 2022  1645
 2023  1687
 2026  1691
 2036  1724
 2040  1726
 2045  1694
 2048  1730
 2053  1698
 2054  1716
 2063  1737
 2066  1740
 2067  1755
 2078  1754
 2090  1769
 2101  1764
 2122  1742
 2123  1790
 2124  1749
 2128  1753
 2129  1799
 2130  1796
 2132  1765
 2139  1803
 2144  1773
 2146  1774
 2147  1817
 2149  1820
 2151  1781
 2161  1650
 2162  1788
 2168  1823
 2172  1800
 2178  1840
 2181  1809
 2188  1842
 2200  1832
 2203  1850
 2209  1857
 2216  1862
 2226  1861
 2234  1870
 2242  1855
 2245  1848
 2249  1887
 2255  1872
 2259  1876
 2264  1882
 2286  1895
 2287  1904
 2290  1900
 2301  1916
 2305  1913
 2306  1884
 2310  1890
 2313  1896
 2329  1935
 2334  1927
 2337  1907
 2343  1925
 2346  1926
 2349  1941
 2351  1946
 2353  1945
 2372  1929
 2381  1974
 2385  1943
 2389  1969
 2395  1977
 2396  1991
 2401  1992
 2408  1998
 2416  2002
 2418  1961
 2426  1970
 2430  2018
 2433  2013
 2438  2005
 2447  1973
 2452  2011
 2455  1987
 2457  2036
 2458  2020
 2462  2021
 2465  2028
 2467  2054
 2468  2041
 2472  2038
 2473  2048
 2476  2034
 2492  2050
 2493  2052
 2498  2070
 2502  2065
 2506  2063
 2508  2037
 2509  2079
 2513  2032
 2519  2071
 2527  2075
 2530  2078
 2532  2083
 2540  2097
 2546  2061
 2557  2092
 2562 11722
 2567  6580
 2568  2094
 2572  2103
 2576  2102
 2579  2105
 2580  2108
 2582  2106
 2598  2129
 2603  2113
 2609  2127
 2617  2124
 2620  2120
 2623  2118
 2625  2123
 2629  2131
 2630  2117
 2634  2133
 2635  2121
 2637  2143
 2638  2144
 2641  2148
 2646  2150
 2647  2136
 2653  2221
 2658  2112
 2661  2141
 2664  2172
 2665  2163
 2671  2171
 2673  2173
 2674  2176
 2676  2145
 2678  2177
 2686  2177
 2691  2174
 2694  2134
 2697  2186
 2700  2191
 2703  2196
 2708  2198
 2709  2189
 2712  2195
 2713  2197
 2714  2209
 2715  2211
 2718  2208
 2721  2213
 2722  2205
 2724  2220
 2733  2169
 2740  2178
 2743  5373
 2747  2225
 2752  2237
 2753  2226
 2758  2188
 2759  2238
 2760  2228
 2768  2245
 2768 23881
 2770  2241
 2775  2202
 2776  2204
 2777  2251
 2779  2210
 2783  2253
 2790  2264
 2813  2229
 2814  2274
 2826  2254
 2828  2250
 2852  2306
 2854  2299
 2857  2300
 2860  2303
 2867  2318
 2871  2320
 2872  2314
 2873  2316
 2880  2329
 2886  2287
 2890  2337
 2894  2331
 2901  2339
 2902  2342
 2906  2307
 2907  2352
 2913  2309
 2914  2308
 2916  2319
 2921  2357
 2936  2381
 2938  2338
 2948  2386
 2954  2354
 2957  2360
 2968  2398
 2981  2417
 2983  2410
 2988  2380
 2990  2403
 2997  2423
 3009  2431
 3014  2430
 3016  2440
 3029  2448
 3030  2434
 3031  2454
 3037  2445
 3043  2465
 3044  2458
 3045  2426
 3046  2457
 3047  2428
 3048  2472
 3049  2469
 3050  2427
 3057  2460
 3064  2483
 3068  2487
 3072  2498
 3074  2495
 3082  2501
 3094  2511
 3095  2503
 3096  2504
 3098  2506
 3105 17632
 3115  2484
 3116  2526
 3119  2523
 3120  2521
 3126  2536
 3129  2541
 3131  2532
 3134  2546
 3136  2548
 3140  2497
 3147  2513
 3149  2510
 3150  2538
 3153  2556
 3163  2567
 3166  2570
 3169  2522
 3178  2565
 3181  2529
 3188  2572
 3192  2569
 3196  2571
 3199  2583
 3201  2591
 3202  2551
 3203  2551
 3206  2593
 3207  2595
 3208  2550
 3212  2596
 3214  2601
 3219  2564
 3225  2614
 3230  2607
 3243  2581
 3244  2623
 3245  2628
 3246  2625
 3248  2631
 3250  2616
 3253  2577
 3260  2622
 3264  2587
 3271  2640
 3278  2611
 3284  2652
 3286  2655
 3294  2645
 3301  2659
 3304  2619
 3311  2624
 3314  2626
 3327  2679
 3331  2681
 3341  2689
 3342  2690
 3347  2684
 3349  2656
 3350  2648
 3355  2694
 3357  2688
 3358  2701
 3359  2693
 3361  2695
 3366  2696
 3370  2672
 3373  2706
 3374  2703
 3386  2717
 3393  2691
 3397  2718
 3401  2712
 3413  2727
 3414  2733
 3415  2729
 3422  2716
 3426  2731
 3432  2743
 3435  2738
 3436  2742
 3446  2739
 3451  2751
 3471  2761
 3472  2740
 3475  2766
 3476  2770
 3481  2775
 3482  1447
 3491  2773
 3505  2784
 3513  2785
 3517  2318
 3518  2780
 3523  2791
 3525  2788
 3529  2798
 3536  2793
 3539  2811
 3541  2803
 3549  9064
 3552  2808
 3553  2824
 3554  2816
 3557  2823
 3558  2813
 3571  2835
 3573  2838
 3578  2841
 3580  2846
 3581  2837
 3582  2836
 3583  2844
 3594  2854
 3607  2862
 3610  2867
 3624  2876
 3633  2880
 3640  2890
 3642  2900
 3650  2910
 3656  2912
 3662  2918
 3667  2917
 3668  2919
 3673  2925
 3679  2930
 3680  2926
 3684  2932
 3690  2955
 3692  2936
 3693  2968
 3696  2940
 3701  2937
 3722  2951
 3725  2933
 3732  3003
 3737  3000
 3738  2966
 3739  2967
 3743  2945
 3746  3028
 3748  3009
 3749  2980
 3753  2974
 3760  2995
 3762  2991
 3769  2987
 3777  2993
 3780  3072
 3784  3008
 3804  3023
 3818  3036
 3819  3090
 3822  3106
 3823  3044
 3828 23812
 3829  3039
 3838  3045
 3840  3103
 3841  3100
 3846  3097
 3849  3100
 3850  3101
 3862  3024
 3866  3083
 3870  3025
 3872  3084
 3874  3137
 3877  3087
 3878  3032
 3884  3092
 3889  3080
 3893  3134
 3901  3098
 3903  3104
 3912  3119
 3915  3061
 3919  3108
 3921  3118
 3926  3065
 3930  3090
 3931  3123
 3932  3097
 3942  3101
 3943  3194
 3950  3132
 3958  3140
 3965  3156
 3967  3113
 3972  3162
 3973  3154
 3979  3158
 3984  3106
 3988  3155
 3996  3170
 4000  3097
 4006  3157
 4009  7475
 4011  3185
 4016  3198
 4023  3203
 4024  3201
 4027  3202
 4031  3208
 4040  3210
 4042  3221
 4047 19570
 4050  3224
 4061  3243
 4062  3238
 4064  3237
 4068  3241
 4079  3259
 4081  3253
 4086  3268
 4087  3265
 4093  3277
 4098  3278
 4102  3417
 4126  3309
 4148  3305
 4161  3346
 4171 11535
 4176  3388
 4183  3374
 4185  4557
 4187  1661
 4188  3401
 4193 11009
 4213   526
 4236  3497
 4256  3396
 4263  3526
 4268  3529
 4270  3537
 4273  3532
 4274  3544
 4283  3545
 4292  3546
 4293  3549
 4296  7459
 4297  3554
 4298  3552
 4303  3555
 4305  8105
 4306  3564
 4307  3563
 4308 26148
 4310  3570
 4315  3472
 4322  3579
 4323  3582
 4326  3583
 4333  3589
 4336  3602
 4343  3595
 4347  3599
 4350  3594
 4351  3603
 4354  3597
 4355 10844
 4358  3608
 4359  3605
 4362  3510
 4367  4676
 4372  3614
 4374  3506
 4387  3625
 4395  3630
 4409  3644
 4411  3626
 4420  3656
 4426  3561
 4429  4867
 4434  3662
 4448  3653
 4449  3629
 4452  3679
 4454  3683
 4457  3681
 4458  3688
 4464  3706
 4476  3710
 4485 17954
 4487  3715
 4490  3682
 4492  3728
 4494  3627
 4499  3729
 4507  3738
 4513  3649
 4514 21656
 4518  3686
 4519  3744
 4527  3753
 4531  3661
 4533  3766
 4537  3770
 4541  3772
 4544  3774
 4545  3771
 4546  3776
 4557  3787
 4568  3796
 4575  3707
 4583  3800
 4589  5045
 4593  3817
 4601  3825
 4605  3823
 4608  3733
 4610  3830
 4625  3831
 4629  3836
 4631  3841
 4634  3836
 4637  3845
 4647  3857
 4652  3861
 4665  3851
 4666  3873
 4668  3880
 4675  3883
 4676  3777
 4677  3884
 4683  3863
 4687   426
 4689  3893
 4690  3889
 4699  3899
 4711  3911
 4714  3918
 4719  3917
 4721  3915
 4722  3921
 4724  3923
 4727  3924
 4732  3927
 4735  3936
 4745  3948
 4748  3947
 4749  3949
 4751  3950
 4758  3968
 4775  3956
 4779  3972
 4786  3978
 4793  3980
 4798  3973
 4803  3109
 4807  3989
 4822  3944
 4823  4011
 4825  4003
 4828  4002
 4832  3992
 4852  4018
 4854  4019
 4862  4026
 4864  4031
 4865  4034
 4869  4044
 4872  4041
 4881  4048
 4886  4053
 4890  4055
 4897  4057
 4898  4062
 4899  4063
 4908  4071
 4916  4080
 4932  4089
 4950  4112
 4962  4118
 4975  4131
 4976  4128
 4977  4129
 4978  4130
 4981  4133
 4991  4142
 4999  4148
 5019  4207
 5021  4191
 5025  4174
 5034  4185
 5043  4171
 5051   846
 5053  4214
 5054  4182
 5060  4194
 5063  4208
 5070  4217
 5076  4221
 5078  4213
 5085  4227
 5086  4230
 5088  4228
 5092  4225
 5093  4233
 5094  4243
 5121  4256
 5123  4255
 5125  4261
 5126  4253
 5127  4262
 5130  4271
 5131  4267
 5132  4252
 5139  4275
 5140  4282
 5142  4277
 5144  4283
 5146  4241
 5150  4266
 5155  3263
 5160  4293
 5163  4304
 5172  4319
 5174  4328
 5176  4284
 5184  4316
 5195  4346
 5197  4337
 5199  4327
 5202  4340
 5205  4338
 5209  5841
 5213  4376
 5216  4353
 5218  4362
 5219  4360
 5223  4366
 5225  4368
 5226  4347
 5233  4356
 5236  4364
 5238  4400
 5244  4381
 5245  4382
 5249  4385
 5250  4369
 5255  4373
 5257  4398
 5258  4391
 5260  4379
 5266  4386
 5276  4412
 5279  4421
 5280  4423
 5301  4438
 5307  4433
 5308  4466
 5313  4440
 5315  4446
 5316  4457
 5320  4463
 5324  4449
 5337  4460
 5344  4488
 5350  4489
 5353  4491
 5361  4490
 5365  4479
 5368  4506
 5374  4520
 5394  4507
 5415  4521
 5421  4526
 5432  4548
 5447 10535
 5450  4550
 5469  4589
 5484  4581
 5487  4587
 5499  4639
 5505  4636
 5511  4633
 5516  4647
 5519  4646
 5523 23678
 5525  4650
 5528  4667
 5535 10085
 5538  4666
 5542  4673
 5554  4699
 5555  4693
 5558  4693
 5560  4682
 5566  4692
 5569  4719
 5574  4654
 5582  4717
 5592  4730
 5596  4753
 5601  4760
 5603  4740
 5609  4745
 5610  4747
 5611  4781
 5617  4755
 5621  4759
 5625  4791
 5626  4765
 5634   750
 5636  4783
 5642  4789
 5643  4809
 5644  4794
 5653  4800
 5656  4821
 5662  4804
 5672  4814
 5675  4815
 5677  4817
 5681  4824
 5682 21600
 5687  4831
 5697  4861
 5705  4838
 5707 26974
 5711  9252
 5732  4886
 5735  4893
 5740  4903
 5759  4909
 5760  7074
 5765  4930
 5777  4925
 5786  4926
 5819  4956
 5849  4994
 5852  4989
 5869  5009
 5878  5008
 5882  5041
 5906  5050
 5911  5045
 5912  5053
 5940   196
 5952  5097
 5959  5098
 5982  5093
 5994  5121
 5995  5119
 6010 26401
 6018  5141
 6025  5163
 6029  5144
 6033  5195
 6035  5164
 6041  5168
 6046 11491
 6048  5158
 6055  5181
 6057  5179
 6062  5196
 6063  5188
 6066  5194
 6070  5189
 6080  5205
 6082  5184
 6092  5208
 6106  5234
 6107  5222
 6112  5231
 6114  5220
 6117  5268
 6134  5245
 6138  5254
 6139  5227
 6140  5265
 6141  5254
 6142  5274
 6148  5238
 6150  5252
 6157  5281
 6158  5239
 6160  5246
 6162  5294
 6165  5280
 6168  5305
 6169  5313
 6171  5251
 6172  5259
 6178  5299
 6183  5263
 6184  5271
 6185  5324
 6187  5322
 6189  5295
 6190  5342
 6191  5338
 6193  5342
 6200  5351
 6201  5321
 6202  5357
 6203  5360
 6211  5373
 6215  5286
 6222  5361
 6225  5350
 6226  5359
 6228  5353
 6230  5360
 6231  5362
 6232  5384
 6233  5363
 6234  5400
 6237  5394
 6239  5390
 6240  5386
 6242  5369
 6243  5385
 6244  5389
 6246  5392
 6248  5396
 6250  5401
 6251  5409
 6252  5404
 6255  5411
 6261  5358
 6264  5398
 6265  5414
 6269  5388
 6270  5430
 6271  5417
 6272  5377
 6274  5440
 6278  5444
 6287  5442
 6290  5438
 6292  5431
 6293  5437
 6302  5461
 6304  5460
 6305  5387
 6309  5469
 6310  5483
 6312  5446
 6313  5405
 6315  5480
 6319  5434
 6322 10104
 6323  5452
 6324  5489
 6326  5463
 6331  5465
 6333  9528
 6336  5500
 6339  5502
 6341  5484
 6342  5515
 6346  5477
 6348  5516
 6352  5519
 6354  5518
 6356  5495
 6359  5522
 6361  5499
 6363  5539
 6364  5536
 6367  1918
 6368  5541
 6372  5542
 6373  5517
 6374  5545
 6378  5554
 6380  5553
 6381  5544
 6383  5531
 6385  5526
 6391  5549
 6392  5540
 6394  5540
 6395  5511
 6397  5575
 6400  5538
 6409  5552
 6411  5551
 6412  5557
 6413  5555
 6414  5561
 6415  5593
 6416  5562
 6419  5586
 6421  5570
 6424  5567
 6426  5601
 6427  5579
 6428  5563
 6429  5577
 6434  5583
 6435  5574
 6444  5587
 6446  5597
 6449  5592
 6452  5600
 6459  5605
 6461  5632
 6462  5607
 6466  5634
 6477  5639
 6479  5612
 6483  5611
 6488  5630
 6490  5627
 6496  5661
 6497  5641
 6502  5646
 6509 20473
 6511  5681
 6512  5686
 6513  5652
 6515  5653
 6520  5656
 6530  5701
 6532  5660
 6534  5674
 6536  5672
 6542  5677
 6545  5678
 6555  5713
 6561  5723
 6567  5698
 6568  5717
 6570  5736
 6572  5719
 6576  5706
 6581  5714
 6584  5746
 6585  5749
 6595  5753
 6596  5708
 6598  5751
 6599  5727
 6600  5730
 6601  5742
 6602  5733
 6603  5734
 6604  5744
 6605  5764
 6607  5737
 6610  5765
 6612  5741
 6614 14358
 6620  5755
 6624  5750
 6625  5747
 6626  5781
 6634  5763
 6646  5770
 6651  5768
 6653  5769
 6657  5780
 6659  5771
 6663  5777
 6667  5796
 6670  5797
 6671  5778
 6673  5798
 6677  5784
 6681  5804
 6693  5811
 6695  5795
 6698  5825
 6699  5809
 6702  7138
 6706  5815
 6721  5820
 6723  5810
 6724  5842
 6729  5813
 6740  5828
 6742  5835
 6747  5830
 6750  5866
 6753  5857
 6756  5862
 6759  5860
 6763  5868
 6765  5850
 6775  5856
 6782  5871
 6793 24048
 6794  5884
 6800  5889
 6801  5890
 6807  5903
 6809  5875
 6810  5911
 6829  5924
 6833  5888
 6839  5942
 6843  5944
 6844  5939
 6846  5945
 6847  5949
 6856  5943
 6857  5892
 6863  5980
 6865  5985
 6874  5984
 6881  6011
 6887  5959
 6889  6017
 6893   986
 6895  5979
 6899  6017
 6905  6018
 6911  5994
 6912  5934
 6917  5972
 6929  6014
 6941  6000
 6944  6028
 6954  6022
 6960  6040
 6962  6066
 6963  6047
 6964  5974
 6971  6066
 6976  6034
 6977  6050
 6984  6046
 6986  6056
 7006  6085
 7012  6091
 7013  6058
 7017  6070
 7036  6162
 7040 13580
 7059  6185
 7060  6108
 7063  6079
 7070  6161
 7080 13650
 7085  6146
 7090  6107
 7092  6107
 7097  6120
 7106  6199
 7108  6201
 7111  6147
 7113  6154
 7115  6153
 7118  6157
 7123  6168
 7124  6179
 7126  6184
 7128  6182
 7130  6141
 7133  6226
 7136  6191
 7138  6151
 7141  6157
 7143  6205
 7147  6252
 7152  6222
 7161  7996
 7170  6225
 7171  6241
 7179  6291
 7181  6259
 7183  6256
 7184  6079
 7185  6249
 7189  6295
 7195  6268
 7197  6267
 7207  6373
 7224  7514
 7229  6282
 7239  6324
 7246    37
 7248  6408
 7250  6335
 7258  6312
 7259  6628
 7260  6307
 7271  6424
 7272  6318
 7278  6351
 7284  6323
 7292  6321
 7295  6334
 7306  6347
 7310  6411
 7312  6536
 7321  6363
 7328  6394
 7336  6403
 7339  6404
 7345  6416
 7354  6423
 7355  6456
 7367  6745
 7377  6450
 7381  7368
 7384  6466
 7386  1325
 7387  6541
 7393  6471
 7394  6470
 7397  7203
 7402  6569
 7408  6593
 7426  6569
 7429  6612
 7433    11
 7435  6488
 7441  6606
 7444  6497
 7446  6574
 7448  6584
 7448  7514
 7449  7332
 7458  6628
 7459  6514
 7463  6503
 7466  6507
 7476  7522
 7479  6501
 7501  6689
 7502  6533
 7503  6530
 7505  6544
 7509  6692
 7513  6666
 7515  6554
 7516  6691
 7523  6549
 7526  6701
 7529  6614
 7534  6700
 7538  6560
 7546  6562
 7547  6609
 7548  6555
 7553  6622
 7555  6588
 7558  6722
 7562  6582
 7568  6613
 7570  6737
 7576  6621
 7583  6632
 7590  6740
 7591  6610
 7592  6639
 7593  6681
 7596  6640
 7599  6646
 7600  6652
 7609  6667
 7610  6660
 7622  6682
 7623  6676
 7629  6683
 7631  7041
 7632  6702
 7633  6780
 7635  6833
 7635  7939
 7637  6792
 7639  6686
 7644  6697
 7649  6564
 7650  6705
 7651  6833
 7664  6710
 7671  6718
 7672  6715
 7673  6722
 7678  6714
 7686  6723
 7690  6729
 7691  6726
 7693  6840
 7694  6924
 7697  7298
 7704  6911
 7707  6707
 7715 22549
 7732  6741
 7737  7013
 7738  6942
 7741  6979
 7743  6749
 7756  6989
 7758  6942
 7774  7003
 7781  6949
 7782  6786
 7787  6795
 7791  6790
 7797  6791
 7806  6815
 7807  7033
 7809  6938
 7812  6820
 7813  6824
 7814  7039
 7821  7044
 7825  6845
 7832  6868
 7834  5488
 7841  6904
 7852  6891
 7858  6931
 7861  6958
 7873  6909
 7885  6980
 7890  6976
 7894  7158
 7897  6980
 7901  6998
 7907  6994
 7911  6968
 7913  6998
 7917  6996
 7921  7004
 7925  7001
 7926  7002
 7927  7001
 7933  7115
 7947  7016
 7948  6907
 7954  7031
 7958  7028
 7961  6068
 7962  7017
 7964  7036
 7966  7041
 7968  7032
 7976  7052
 7990  7064
 7991  7063
 7995  7065
 7997  7095
 7998  7097
 8016  7084
 8017  7079
 8021  7199
 8024  7241
 8025  7860
 8029  7092
 8030  7096
 8031  7202
 8040  7093
 8045  7106
 8055  7111
 8056  7631
 8066  7088
 8071  7120
 8072  4766
 8075  7268
 8076  7122
 8078  7090
 8079  7108
 8081  7124
 8082  7241
 8083  7258
 8084  7114
 8090  7130
 8092  7277
 8094  6590
 8100  7158
 8102  7139
 8104  7296
 8112  7332
 8118  7330
 8121  7133
 8125  7135
 8128  7146
 8130  7153
 8131  7138
 8137  7228
 8141  7141
 8142  7137
 8150  7327
 8159  7161
 8162  6946
 8163  7147
 8164  7338
 8165  7241
 8166  7246
 8167  7175
 8168  7168
 8171  7255
 8181  7190
 8183  7360
 8190  7165
 8203  7188
 8204  7196
 8206  7204
 8207  7195
 8210  7213
 8212  7257
 8214  7211
 8215  6494
 8223  7208
 8233  7230
 8239  7246
 8242  7252
 8243  7631
 8248  7280
 8252  7263
 8258  7282
 8260  7420
 8270  7413
 8281  7404
 8290  7329
 8293  7336
 8294  7337
 8297  7335
 8302  7364
 8303  7357
 8305  7345
 8311  6456
 8314  7355
 8321  7379
 8330  7490
 8340  7371
 8348  7370
 8355  7512
 8357  7489
 8359  7367
 8362  7479
 8367  7376
 8368  7398
 8372  7388
 8378  7489
 8379  7323
 8381  7387
 8386  7392
 8388  7393
 8389  7576
 8390  7408
 8392  7622
 8393  7419
 8398  7417
 8399  7377
 8400  7418
 8411  7440
 8414  7624
 8418  7435
 8419  7427
 8423  7432
 8424  7422
 8426  7448
 8436  7456
 8438  7455
 8443  7462
 8444  7511
 8454  7471
 8455  7495
 8460  7545
 8464  7491
 8465  7504
 8467  7505
 8472  7513
 8472 11045
 8475  7521
 8476  7493
 8478  7510
 8483  7481
 8484  7499
 8486  7506
 8490  7592
 8491  7517
 8494  7539
 8494 12826
 8496  7506
 8498  7526
 8499  7529
 8504  7706
 8506  7614
 8510  7551
 8523  7623
 8528  7598
 8529  7569
 8537  7605
 8538  7534
 8552  7945
 8561  7596
 8562  7628
 8564  7567
 8565  7625
 8566  7637
 8574  7639
 8575  7633
 8580  7647
 8583  7645
 8586  7654
 8590 13217
 8593  7656
 8596  7612
 8598  7671
 8605  7671
 8607  7664
 8613  7650
 8629  7652
 8635  7690
 8637  7707
 8639  7692
 8640  7702
 8641  7691
 8642 22707
 8652  7709
 8654  7712
 8665  7725
 8666  6528
 8668  7723
 8670  7724
 8674  7862
 8676  7731
 8689  7711
 8694  7760
 8707 10490
 8708  7762
 8713  6614
 8715  7888
 8720  7794
 8724  7797
 8725  7793
 8727  7796
 8731  7709
 8732  7809
 8735  7803
 8740  7860
 8742  7810
 8754  7819
 8755  7825
 8758  7831
 8760  7872
 8766  7841
 8774  7851
 8775  7848
 8776  7847
 8780  7922
 8781 15484
 8787  7866
 8793  7871
 8801  7878
 8804  7884
 8805  7293
 8806  7850
 8813  7877
 8814  7900
 8818  7998
 8827  7908
 8828  7957
 8829  7879
 8832  7911
 8833  7890
 8834  7916
 8837  7915
 8840  7927
 8846  7929
 8849  7925
 8852  7907
 8853  7942
 8859  7921
 8861  7944
 8862  7946
 8874  8060
 8881  7938
 8883  7972
 8886  7970
 8888  8136
 8895  7987
 8896  7991
 8901  7963
 8904  8070
 8905  8009
 8906  7960
 8909  8065
 8911  7969
 8915  8092
 8924  8026
 8931  8034
 8945  8037
 8952  8027
 8953  8058
 8955  8023
 8956  8056
 8962  8048
 8968  8066
 8980  8112
 8982  8057
 8983  8079
 8988  8086
 8989  8084
 8993  8078
 8996  8215
 8998  8097
 9007  8073
 9013  8098
 9015  6081
 9020  8099
 9022 27431
 9028  8095
 9031  8110
 9034  8112
 9041  8108
 9042  8120
 9059  8119
 9064  8131
 9066  8151
 9069  8140
 9073  8159
 9078  8218
 9080  8141
 9086  8166
 9087  8220
 9088  8146
 9089  8810
 9090  8160
 9092  8158
 9099  7969
 9099  8167
 9112  8175
 9118 19363
 9120  8168
 9131  8191
 9138  8280
 9140  8262
 9141  8201
 9155  8232
 9157  8279
 9158  8221
 9164  8224
 9165  8246
 9173  8235
 9178 18814
 9182  8287
 9185  8245
 9188  8263
 9190  8357
 9191  8307
 9194  8321
 9195  8273
 9197  8345
 9198  8386
 9202  8308
 9210  8319
 9211  8312
 9218 22595
 9220  7093
 9226  8348
 9229  7899
 9232  8344
 9235  8400
 9236  8397
 9237  8327
 9243  8353
 9245  8381
 9247  8341
 9250  8406
 9252  8328
 9253  8479
 9254  8405
 9255  8337
 9257  8485
 9262  8414
 9264  8418
 9267  8375
 9268  8373
 9268  8375
 9273  8401
 9275  8368
 9276  8417
 9277  8375
 9278  8465
 9279  8455
 9280  8396
 9283  8387
 9287  8451
 9287  8455
 9288  8404
 9291  8476
 9298  8537
 9301  8402
 9304  8428
 9305  8543
 9307  8542
 9308  8521
 9310  8456
 9311  8447
 9313  8484
 9319  8545
 9327  8415
 9332  8461
 9338  8563
 9340  8522
 9341  8517
 9342  8467
 9344  8496
 9347  8512
 9353  8478
 9356  8579
 9357  8508
 9362  8557
 9365  8486
 9369  8483
 9371  8462
 9372  8529
 9377  8444
 9383  8364
 9384  8551
 9393  8589
 9394  8494
 9398  8592
 9402  8599
 9405  8599
 9410  8594
 9412  8596
 9418  8569
 9420  8574
 9422  8577
 9427  8635
 9428  8565
 9430  8565
 9439  8597
 9444  8601
 9446  8536
 9457  8699
 9458  8627
 9462  8633
 9466  8709
 9467  8706
 9468  8639
 9471  1177
 9476  8708
 9479  8707
 9484  8727
 9487  8650
 9488  8724
 9490  8648
 9494  8725
 9495  8731
 9499  8656
 9500  8741
 9502  8664
 9519  8787
 9520  8641
 9524  8682
 9526  8768
 9528  8686
 9533  8689
 9538  8781
 9539  8789
 9542  8802
 9545  8701
 9546  8791
 9548  8809
 9549  8804
 9550  8808
 9551  8803
 9553  8705
 9555  8711
 9557  8817
 9569  8736
 9576  8748
 9577  8825
 9580  8820
 9580 25529
 9584  8818
 9587  8841
 9588  8750
 9590  8845
 9592  8846
 9594  8834
 9596  8759
 9598  8832
 9600  8752
 9602  8778
 9604  8860
 9605  8763
 9606  8778
 9607  8758
 9608  8838
 9609  8776
 9610  8863
 9611  8859
 9613  8844
 9621  8801
 9626  8870
 9629  8856
 9630  8883
 9631  8795
 9635  8880
 9636  8880
 9638  8865
 9641  8879
 9642  8862
 9643  8900
 9644  8893
 9651  8823
 9652  8897
 9653  8911
 9654  8913
 9658  8829
 9662  8924
 9665  8833
 9668  8918
 9670  8837
 9674  8843
 9682  8929
 9683  8930
 9684  8852
 9687  8861
 9691  5678
 9698  8967
 9699  8974
 9700  8973
 9703  8953
 9709  8904
 9711  8983
 9712  8975
 9713  8976
 9717  8895
 9720  8894
 9724  8995
 9726  9001
 9728  8989
 9729  8909
 9730  9006
 9731  8994
 9733  8992
 9736  9019
 9740  8919
 9741  9029
 9744  9024
 9746  8925
 9750  8962
 9752  9040
 9753  8947
 9754  8946
 9755  8906
 9756  8942
 9757  8952
 9758  8955
 9760  9052
 9761  8951
 9763  8955
 9764  8959
 9768  9058
 9770  8966
 9771  8972
 9772  9042
 9776 19391
 9779  9075
 9789  9094
 9790  9098
 9792  9087
 9808  9008
 9811  9119
 9813  9022
 9818  9039
 9819  9037
 9820  9127
 9822  9037
 9824  9129
 9825  9007
 9825  9113
 9826  9130
 9827  9124
 9831  9034
 9834  9062
 9836  9059
 9840  9149
 9841  9049
 9843  9159
 9845  9074
 9847  9161
 9848  9153
 9851  9162
 9853  9186
 9856  9082
 9857  9175
 9871  9216
 9877  9196
 9880  9128
 9882  9055
 9883  9116
 9887  9212
 9889  9236
 9892  9111
 9895  9118
 9899  9117
 9902  9253
 9904  9133
 9906  9126
 9909  9256
 9912  9160
 9914  9232
 9915  9267
 9921  9245
 9922  9113
 9924  9084
 9926  9164
 9927  5423
 9928  9164
 9932  9244
 9938  9272
 9942  9201
 9946  9302
 9947  9163
 9948  9289
 9953  9310
 9955  9191
 9959  9219
 9967  9230
 9968  9223
 9971  9224
 9975  9148
 9977  9316
 9979  9137
 9980  9323
 9983  9319
 9985  9247
 9986  9242
 9989  9311
 9990  6665
 9994  9233
 9996  9317
10000  9330
10001  9344
10004  9312
10006  9181
10007  9304
10008  9273
10009  9195
10012  9178
10013  9364
10017  9350
10019  9292
10023  9477
10024  9282
10026  9292
10029  9283
10031  9350
10032  9301
10033  9315
10034  9195
10037  9370
10040  9355
10044  9320
10045  9170
10048  9221
10049  9303
10051  9279
10058  9383
10059  9252
10081  9390
10087  9361
10088  9286
10089  9291
10093  9417
10098  9373
10103  9379
10109  9435
10111  9387
10119  9399
10124  9418
10137  9406
10142  9432
10143  9422
10148  9366
10152  9376
10157 10240
10164  9489
10171  9479
10173  9421
10181  9452
10182  9496
10183  9507
10184  9427
10187  9437
10188 16180
10190  9426
10195  9178
10199  9523
10203  9515
10211  5929
10212  9455
10215  9458
10216  9464
10219  9466
10222  9520
10224  9533
10232 11053
10241  9476
10242  9546
10243  9481
10244  9531
10246  9508
10254  6329
10265  9559
10266  9576
10268  9566
10270  9497
10272  9557
10278  9577
10281  7579
10282  9547
10287  9510
10291  9591
10293  9592
10296  9573
10299  9570
10306  9604
10310  9600
10312  9572
10324  9582
10329  9631
10331  3061
10333  9642
10336  9626
10342  9648
10344  9645
10347  9564
10349  9644
10350  9655
10353  9608
10355  9634
10359  9656
10366  9649
10368  9665
10370  9663
10376  9635
10378  9657
10382  9680
10383  9669
10398  9691
10400  9683
10406  9689
10418  9687
10419  9708
10421  9702
10423  9704
10433  9673
10436  9688
10442  9741
10446  9751
10447  9730
10452  9759
10454  9826
10458  9692
10459  9765
10460  9713
10461  9710
10462  9755
10465  9716
10468  9736
10470  9764
10474  9731
10476  9788
10480  9737
10482  9746
10490  9725
10491  9766
10492  9802
10500  9790
10502  9762
10513  9779
10515  9794
10518  9848
10523  9826
10524  9852
10527  9822
10528  9892
10529  6202
10531  9830
10533  5195
10535  9865
10537  9851
10543  9840
10553  9893
10555  9819
10556  9846
10558  9901
10564  9907
10572  9855
10575  9862
10583  9844
10586  9882
10588  9953
10592  9972
10597  9899
10600  9989
10607  9990
10612  9971
10618  9987
10630  9789
10633 10015
10635 10046
10645  9947
10647 10039
10656 10074
10657 10082
10658 10059
10668 10078
10670  9944
10671 10073
10674  9923
10675 27377
10676  9997
10677  9912
10679  9910
10680 10009
10682 10082
10684 10068
10687  9981
10688 10083
10694 10095
10707 10105
10709 10094
10711 10127
10712 10129
10713 10107
10714  9978
10719 10029
10725 13236
10726  9962
10728  9943
10729 10023
10731 10047
10735 10160
10737  9977
10738 10150
10740  9873
10740  9991
10741 10166
10742 10138
10744  9876
10747  9914
10748 10148
10750  9919
10752 10057
10753 10005
10756 10013
10757 10016
10758 10188
10761  9871
10762 10061
10763 10164
10764 10180
10766 10181
10770  9991
10771 10151
10776 10022
10778  9941
10781  9991
10785  9903
10786 10020
10787 10178
10791  9965
10793 10033
10795 10175
10799 10152
10800 10154
10801 10122
10802 10190
10806 10193
10808 10189
10809  9903
10817 10227
10818 10219
10820 10203
10823 10230
10828  8329
10831 10099
10832  9949
10842 10174
10844 10214
10846  5205
10846 10205
10849 10239
10850 10192
10851  9939
10854  9949
10858  9946
10859 10229
10860 10224
10861 10165
10862 10109
10866 10186
10867 10215
10868 10090
10869 10011
10870 10211
10870 10212
10871 10036
10872  9986
10879  3133
10883 10237
10885 10201
10888  9963
10889 10065
10890 10257
10892 10035
10895 10228
10897 10089
10900 10202
10901 10253
10903  9927
10904 10208
10906 10141
10907 10058
10908 10137
10910 10262
10913  1262
10915 10252
10919 10275
10920 10256
10923 10259
10925 10089
10927 10249
10933  9999
10934 10168
10940 10027
10942 10169
10943 10141
10948 10282
10954 10111
10955 10297
10958  1260
10958 10222
10962 10197
10966 10234
10967 10195
10970 10117
10971 10302
10974 10225
10977  5301
10986 10231
10991 10319
10993 10117
10994 10312
10996 10316
11002 10319
11005 10325
11012 10295
11014  2208
11016 10329
11018 10323
11024 10279
11029 10342
11032 10322
11033 10349
11037 10351
11042 10335
11048 10356
11052 10365
11053 10370
11054 10372
11060 10368
11061 10376
11073 10391
11082 10403
11083 10409
11090 10406
11092 10408
11093 10414
11095 10383
11115 10429
11117 10429
11118 10438
11124 10441
11134 10446
11135 10413
11144 10419
11162 10479
11167 10482
11182 10439
11185 10483
11198 10465
11201 10510
11203 10481
11210 10467
11214 10522
11221 10531
11222 10530
11230 10499
11236 10540
11240 10540
11252 10567
11253 10577
11255 10564
11258 10508
11259 10571
11260 10493
11262 10579
11286 10549
11289 10573
11295 10597
11313 10624
11318 10614
11321 10630
11326  4187
11328 10582
11329 10619
11338 10647
11339 10659
11346 10663
11348 10664
11349 10669
11354 10672
11355 10670
11357 10671
11364 10686
11367 10638
11372 10660
11373 10666
11378 10677
11382 10696
11383 10690
11384 10712
11387 10665
11394 10694
11406 10724
11419 10699
11422 10704
11424 21950
11426 10718
11433 10684
11436 10676
11448 10740
11449 10708
11450 10714
11452 10719
11461 10763
11462 10735
11463 10771
11464 10767
11466 10762
11468 10784
11472 10796
11473 10773
11476 10716
11486  2548
11490 10793
11492 10817
11493 10812
11499 10779
11511 10814
11518 10826
11519 10880
11521 10848
11523 10867
11525 10839
11528 19060
11533 10849
11535 10865
11541 10902
11546 10813
11547 10811
11554 10825
11556 10915
11557 10890
11558 10910
11563 10730
11564 10972
11572 10962
11575 10897
11577 10895
11578 10899
11579 10964
11584 10924
11585 10870
11587 10988
11590 11008
11592 10938
11607 11080
11608 11018
11618 10948
11623 10906
11631 10974
11633 10986
11637 11162
11646 10931
11648 11082
11649 11097
11652 11106
11653 11168
11658 11192
11689 11247
11691 11057
11697 11196
11724 11138
11756 11210
11767 11313
11805 11275
11806 11292
11831 11325
11841 11356
11845 11375
11852 11250
11864 11256
11882 11369
11905 11434
11912 11194
11942 11342
11981 11462
12002 11481
12018 11424
12030 11407
12041 11318
12060 11423
12083 11378
12111 11502
12123 11600
12124 11417
12153 11653
12159 11628
12179 13694
12216 11478
12226 11703
12245 11498
12271 11713
12275 11804
12276 11669
12281 11674
12290 11730
12311 11867
12329 11821
12334 11691
12414 12003
12423 11678
12440 11866
12503 11852
12523 11779
12539  9230
12563 12156
12657 12288
12672  2139
12716 12153
12728 13810
12753 15984
12789   758
12790 13877
12824 13941
12833 14003
12861 13971
12868 12515
12882 14035
12885  5485
12967 12676
12970 13652
13016 12711
13035 16340
13059 18939
13095 12805
13108 12804
13131 14239
13184  8068
13194 12820
13200 12907
13210 12837
13223 12937
13237 12962
13258  7579
13299 13002
13305 14419
13306 12943
13317 14420
13320 12944
13323 12955
13334 12949
13384 13083
13398 14507
13660 14599
13690 17162
13733 15012
13808 14614
13832  5951
13836 15538
13944 15197
13987 15332
14100 15052
14114  9926
14175 15130
14236 22588
14291  9230
14300 15245
14314 11255
14318  4664
14424 15441
14462 15857
14479 15890
14587 15629
14654 24692
14694 15723
14725 15906
14729 16149
14743 16173
14747 16149
14829 15882
14917 19832
15013 16053
15059 16141
15077  7272
15231 27448
15253  2208
15316 16386
15370  5380
15477 19413
15515 22149
15548  7118
15551 16621
15622 23383
15643 19570
15647  8352
15763 19723
15837 16875
15852 16908
15855  4271
15865 17387
15883 19924
15884 24475
15896  9433
15939 17452
15948 15350
15964 26640
15971 17474
15989 20063
16013 17549
16024 17556
16029 17556
16262 15849
16291   982
16326 17440
16350 15942
16365 17895
16414 26762
16415 17953
16510 17979
16529 13108
16563 18085
16565 18090
16567 18053
16578 18090
16586 18140
16635 18090
16635 18207
16665 24160
16709 18244
16761 18265
16772 18277
16818 18370
16858 18378
16864 18397
16906 18418
16914 18385
16924 16117
16932 22179
16974  1110
17000 18461
17010 18108
17016 19363
17017 18521
17019 18471
17025 23608
17035 18575
17044 18545
17068 18605
17104 18285
17242 18775
17262 18841
17281 18805
17310 18813
17405 18918
17410 21656
17442 19006
17572 19132
17593 16502
17622 19262
17686  7718
17696   340
17738 19300
17750   219
17767 19413
17802 19432
17872 19421
17892 19530
17905 17017
17905 19459
17922 19570
17948 19605
17989 19580
18003 19617
18052 15630
18070 19723
18085 19544
18097 19548
18134 19706
18147 21436
18268 19924
18282 19875
18290 19849
18343 19950
18350 19864
18369 19729
18383 19923
18404 20063
18407 20063
18432 19993
18444 20001
18539  9105
18590 17406
18608 24958
18616 20140
18688 15219
18694 20333
18718  5337
18762  7451
18793 19266
18807 19315
18874 20102
18901 20588
18939 20643
18946 19447
18999 19511
19018 10143
19072  5256
19187   861
19230 19745
19274 18370
19409 19100
19450  8838
19463 19925
19563  5842
19629 20143
19648 20190
19680 20116
19703 20204
19722 20284
19723 20226
19729 20228
19732 20277
19777 20316
19843 23817
19906 20690
19940 20464
19975 18897
20065 18626
20083 20204
20086 22919
20099 19631
20176 20735
20191 20807
20461 20725
20809 15266
20827  5740
20930  6202
21460 19038
21544 21044
21546 21208
21627   971
21980  9143
22080   145
22163   306
22237   958
22288 18614
22496 24145
22503 18324
22512 24145
22550 22313
22859 24636
22940 26111
22944 25014
22957  6397
22967 19919
23001 24721
23080  8037
23202 24916
23240 26072
23295 26048
23313  2998
23514 11197
23533 25237
23548 25749
23586 19619
23649 16241
23741 25431
23746 25448
23770 22805
23795  6043
23831 23247
23915 26152
23966 13732
23980 17385
23990 23900
24006 25751
24012 23372
24016 25755
24051  8568
24064 25849
24072 25889
24085 25887
24098   340
24112 25889
24143  7775
24169  7775
24173 18847
24210 20218
24215 14965
24223 17882
24235 25978
24241 25978
24302 26058
24306 26585
24307 26601
24336 26115
24354 26633
24355 26132
24375 26676
24416 25364
24467 23498
24471 23852
24488 24317
24501 26281
24518 26304
24604 10595
24628 26898
24647 21656
24663 26440
24779  8667
24783 27040
24789 24119
24789 27074
24791 26535
24805 26580
24823 24119
24823 27074
24944  8427
24963 24344
25045 24945
25047 24894
25079  1448
25109   982
25175 24983
25201 25116
25224  4710
25391 25080
25426 19033
25723 23674
25783 27112
25829 19919
25853 14258
25882  8243
25900 15258
25901 21585
25910 18273
25953 24557
26110  5203
26269 23106
26403 24837
26512  1521
26542 23957
26545  1755
26666 13811
26773 18160
26845 18857
26883 10918
27023 25504
27036  5038
27063 10392
27150 18854
27157 22167
27159  4733
27170 26753
27219 27327
27252   519
27418  9198
27542  7920
27598 15542
27599  8856
27662 10262
27677 21601
27687  7293
27692  1034
27708 15631
27759 23485
27796 26625
27861 25605
27938 20271
27980 22111
28019 27074
28052 19806
28068 17512
28103 26567
28176 14563
28277 27372
28291 27364
28330 27432
28347 27338
28349 27408
28355 27452
28366 27448
28382 27432
28388 27433
