    3  1892
   10  1892
   24 30498
   42    27
   92  1408
  113  1367
  116  1398
  176  1512
  186  2041
  196  1287
  201  2075
  215  2172
  223 23078
  228  6869
  229  1588
  237  7642
  256 29344
  263 21793
  276  7955
  280  7778
  285  7955
  301  3075
  312  1646
  323  1646
  332  1711
  337  2494
  340  2494
  349  1870
  370  2540
  371  2492
  374  1755
  376  2581
  382 10210
  393  1769
  394  1763
  396  2617
  406  2534
  459  2748
  461  2742
  465  2707
  481  2759
  527  2856
  528  2909
  572  2483
  590 10751
  595    14
  618  3025
  658  3069
  659  8622
  693  2577
  699  3258
  747  3210
  749  2810
  758  2829
  766  2852
  771  3270
  772  2890
  774  3329
  783  9202
  784 17515
  787  2872
  797  3375
  816  3412
  826  3402
  856  3020
  860  3499
  864  3468
  879  3135
  886  3519
  953  3614
  961  3164
  979  3187
  980  3208
  982  3646
  993  5699
 1010  3683
 1011  3696
 1028  3784
 1029  3302
 1067  3843
 1070  3844
 1076  3872
 1078  3871
 1088  3795
 1114  3427
 1125  3937
 1138  3476
 1146  3934
 1152  3483
 1176  4626
 1184  4018
 1197  4068
 1214  2224
 1224  3561
 1236  4128
 1237  3664
 1238  3454
 1241  3658
 1256  4153
 1261  6285
 1266  3669
 1278  3742
 1279  4158
 1284  4215
 1298  1840
 1302  3735
 1306   871
 1311  3778
 1317 16299
 1326  4340
 1347  3850
 1350  4327
 1401  3960
 1403  3966
 1404  3913
 1409  4428
 1411  4410
 1415 27987
 1427  3993
 1429  4094
 1446  4538
 1484  4580
 1508  4091
 1530  4619
 1538  4203
 1545  4208
 1625  4278
 1657  4873
 1678  9779
 1715  4463
 1739  4935
 1760  4921
 1787  4866
 1791  4561
 1799  4565
 1810  9667
 1826  4262
 1844  4673
 1863  5084
 1866  5081
 1883  3561
 1915  3018
 1918  5144
 1950  9753
 1965 17881
 1988  4411
 2000  9716
 2064 10299
 2177 13145
 2201 18855
 2282  3913
 2344  9619
 2408  2531
 2452 10244
 2626 14856
 2639  9691
 2681  8321
 2801 14784
 2813  3617
 2829  9691
 2833 16273
 2850 17682
 2940  4963
 2943  2583
 2947  5002
 2978 14549
 3032  5471
 3056  5135
 3061  5524
 3065  5721
 3067  5534
 3090  5213
 3105  5573
 3119  5561
 3125  5591
 3134  5276
 3139  5344
 3148  5298
 3151  5617
 3197  5388
 3199 11656
 3201  5664
 3203  5663
 3208  5680
 3209  5673
 3220  5681
 3227  7577
 3286  5744
 3306  5758
 3334  5765
 3348  5771
 3352  5775
 3362  5777
 3364  5778
 3373  5784
 3394  6364
 3521   949
 3583 18261
 3619 29731
 3632  5568
 3644  3162
 3653  6088
 3700 30442
 3703  5604
 3704  5604
 3747  8300
 3760 23023
 3777 20574
 3788  1025
 3820  5832
 3831  5844
 3832  5857
 3839  5857
 3864  5899
 3916  5958
 3931 20920
 3953  9364
 3978  2062
 3979  6455
 3989  6064
 4016  1270
 4016  6127
 4022 23872
 4026  6425
 4041  6460
 4046  6546
 4068  8189
 4086  6441
 4094  6590
 4098  6607
 4100  6492
 4101  6594
 4112  5832
 4147  1794
 4150  6649
 4156  6638
 4169  6615
 4176  6657
 4184  6652
 4192  6671
 4208  6457
 4213  6696
 4217  6691
 4226  6713
 4227  6494
 4234  6697
 4237  6709
 4241  6526
 4254  6710
 4255  6702
 4258  6745
 4264  6725
 4268  6717
 4275  6605
 4285  6551
 4297  6653
 4306  6781
 4315  7977
 4325  6799
 4328  6770
 4339  6813
 4361  6831
 4381  6837
 4415  6719
 4425  6673
 4445  6877
 4458  6902
 4466  6679
 4476  6915
 4489 19537
 4522  6772
 4550  6814
 4598 20966
 4660  7285
 4851 24128
 4894 23023
 5096 21633
 5131  6986
 5155  4913
 5183 23666
 5189  7045
 5204 16756
 5219  8456
 5222 30347
 5244  8702
 5245  5698
 5250 13552
 5254  7386
 5287  7162
 5297  1598
 5299 23254
 5308  7190
 5343  3963
 5370  7753
 5378  7656
 5399  7782
 5417  1307
 5486  7436
 5546  7962
 5556 22807
 5604  7501
 5634   259
 5683  7436
 5716 30330
 5724  7614
 5730  7117
 5730  7810
 5854  7949
 5855  7184
 5873  7742
 5874  8114
 5921  7305
 5921  7310
 5944  2373
 5972  7305
 6011  7635
 6012  8140
 6078  8195
 6089 10345
 6099  8079
 6103  8053
 6105  7882
 6120  8062
 6138  7681
 6142  7766
 6143  7723
 6181  8021
 6230 11829
 6236  7567
 6239  7659
 6285  7310
 6285 21590
 6290  7819
 6298  7310
 6299  8197
 6305  7310
 6345  7665
 6363  7310
 6374 16508
 6434  7045
 6451 28537
 6466 10174
 6492  8342
 6500  7792
 6519  7841
 6566  7128
 6579 30498
 6596 30498
 6601 27546
 6603  8084
 6632  7921
 6667  9280
 6682  7222
 6702  8320
 6775  9730
 6800  6607
 6821  8052
 6846  8430
 6858 10616
 6877  3461
 6898  8086
 6937 10991
 6948 24974
 6960  7128
 6981  8012
 7015  7637
 7027 19262
 7031 13835
 7056  1262
 7060  7058
 7074  8930
 7123  2762
 7139  8982
 7154 30496
 7162 12606
 7173  8622
 7178  8605
 7179 23096
 7202   668
 7214  8992
 7230  9008
 7236  9015
 7245  9023
 7274  8705
 7286 27495
 7323 19440
 7328  9033
 7418  9072
 7422  8701
 7482  1603
 7485  9096
 7488  9111
 7497 17117
 7518 27886
 7571  9137
 7599 16053
 7616 10259
 7646  9167
 7661 10276
 7711  9211
 7748  4471
 7763  9088
 7812   425
 7873  9326
 7898  9347
 7899  9348
 7904  9280
 7911  9261
 7925  7142
 7942  9386
 7975  9374
 8003 10941
 8008  9401
 8027 27544
 8038 27544
 8093  9215
 8103  9821
 8113  9430
 8146  9423
 8182  3075
 8227 17334
 8241 17018
 8323  9399
 8562  4780
 8615  9290
 8617  9511
 8628  9520
 8652 10140
 8679  9577
 8738  9614
 8746  9543
 8754  8075
 8767  9624
 8775  9641
 8791  9617
 8862  1945
 8892  9689
 8904  9723
 8909  6722
 8936  3561
 8946  9737
 8951 18233
 8955 10253
 8963 10280
 8970  1987
 8976  9700
 8984  9740
 8998 10291
 9048 10307
 9049 10312
 9078  9790
 9140 10344
 9147 10341
 9239 10377
 9250 14134
 9285 10375
 9292 10203
 9405 10433
 9422  9740
 9426 10286
 9471 30086
 9514 10162
 9582  9994
 9639  6392
 9674 10398
 9686  8120
 9696 10413
 9712  6392
 9719 10411
 9730 10504
 9754 28249
 9769 10374
 9846 10483
 9850 10412
 9863  7613
 9890  8711
 9944  1426
 9998 10470
10082 10517
10097 10628
10172 29018
10198 23776
10258 10548
10287 10556
10336 10610
10339  7085
10347 10892
10351 10557
10374 10527
10395 10585
10398 10820
10404 10573
10418 10884
10442 10591
10448 10937
10450 10604
10482 10913
10521 17996
10553 10633
10555 28405
10585 11066
10586 10682
10622  4608
10632 10656
10677 10678
10851 11062
10854 10869
10859 11534
10920 11460
10929 10962
10960  2460
10980 11035
11005 11245
11024 23030
11065 10069
11115 10069
11144 11889
11176 11222
11395 21819
11408 15373
11424 15373
11440 16327
11492   740
11500  2306
11686  7114
11746 11683
11883  8202
11911  2750
11923 18655
12031 28170
12065 30495
12192  3302
12731 27254
12766 26048
12809 22671
13080 30285
13215 14425
13352 15713
13380 29135
13499 19007
13674 22769
13747  9404
13749 14134
14021 11872
14028  2165
14219  7534
14386 10431
14501  1097
14878 19172
14883 17631
14902 14458
14940 13602
15123 30413
15140   977
15150 24418
15215 20373
15312 15373
15340  9799
15375  5497
15434 22555
15612 24622
15620  6253
15921  3653
16066  2262
16238  1315
16300 12422
16578  5304
16669  6981
16789 17171
16874  7523
16880 13505
16916 14236
16924 14236
16932  4411
16986 29978
17163 17370
17180 11602
17193 30490
17247 29961
17297  1996
17462  2017
17485  1221
17501 30490
17588 19007
17701  5328
17728 29689
17798 16222
17846  9136
17896 19432
17912  7114
17924  9648
17953 22807
18048 13145
18057  6847
18344  2240
18368 28537
18432 17915
18457 29605
18458 15890
18523 23506
18565 19740
18578 17360
18642 23333
18657  2082
18678 18712
18705 12949
18708  3523
18805   738
18893 13549
19084  8795
19183  2431
19237 29138
19312 21965
19321 27028
19375 16971
19526  9278
19529 12407
19551  9101
19653  1266
19682 18335
19688 24869
19700 28010
19714 13145
19726 25404
19805  1231
19906  1240
19969 14236
20009  2006
20090  7071
20238 25711
20400  5743
20419 27460
20507 20174
20585  4415
20629 30366
20657 14265
20756 29175
20761 22614
20765 13341
20850 30366
21064 18007
21091  2009
21182 26773
21224 29972
21236 23637
21334 13442
21345 28692
21351 18712
21441 13449
21467 14933
21521 20358
21689 29377
21836 19441
21967  2652
22001  8540
22105 23540
22121  3026
22151 10702
22160 26711
22172 21728
22184 25175
22353 12725
22482 30490
22509 22630
22518 15742
22534 14377
22706 23704
22712 13639
22741 19007
23095  7511
23212  1438
23284 27675
23362 29194
23366  8183
23446 19007
23476 30349
23500 19432
23546 29488
23700 28072
23724 12614
23811 29980
23830 12422
23903 26906
24041 21776
24075 16913
24136  9015
24137  7733
24142  1494
24167  5098
24224  7072
24236 18522
24243 30405
24257 14425
24357 15966
24443 29493
24467  1948
24480 29430
24489  1329
24580 20308
24596 13566
24759 24341
24764 21748
24861 28947
24866  2123
24900 30108
24918  7004
24937  1231
24998 18194
25021  5130
25027 28175
25080  6906
25114 26241
25121 16061
25157 10320
25188 24341
25351  7710
25500  3583
25515 29842
25541 25794
25590  1215
25607  4905
25640 23697
25779 27009
25802 27009
25821 27009
25889 26735
25923 18522
25939 19586
25942 26240
25983 26912
26057 19067
26075 27675
26157     4
26164  5262
26166  6685
26194 30418
26201     6
26211 30417
26243 30499
26290    27
