    3    10
    7    21
   13    39
   13 11403
   15    21
   18    39
   19    21
   20    26
   23    46
   25    52
   36 12750
   45  9586
   52  2586
   53   947
   64  2529
   65  2528
   69 13070
   70  1951
   75  1830
  125  1869
  174  2725
  188  2891
  195  2891
  198  2515
  209  8156
  211  2524
  212   259
  215  2505
  216  2524
  244  8349
  267  2973
  268  2531
  271  2834
  277  2834
  281  2834
  285  2604
  294  2849
  303  2536
  312  2705
  314  2543
  317  2643
  323  2705
  370  2583
  371  2594
  376  2570
  421  2864
  436  2864
  474  2645
  586  2775
  595  2790
  598  2716
  627  2850
  633   886
  634  2837
  636  2837
  705  2853
  717  2861
  742  2937
  743  2937
  747  2800
  748  2757
  758  2865
  766  2869
  771  2807
  807  5871
  845  3051
  855  3050
  856  2958
  864  2854
  877  2949
  879  2949
  891 12852
  897  6939
  898  2395
  908  2996
  909  2980
  923   413
  930  4835
  935  2883
  993  2616
 1004  2951
 1010  2956
 1012  4940
 1015  2954
 1025  2943
 1040  3154
 1070  2969
 1076  2970
 1079  3058
 1081  2987
 1086  3011
 1110  3009
 1129  3013
 1132  3185
 1146  3028
 1152  3076
 1176  3231
 1177  3074
 1197  3041
 1209   505
 1224  3144
 1226  3071
 1236  3060
 1246  3066
 1247  3145
 1256  3070
 1266  3160
 1279  3077
 1290 12506
 1297  3193
 1302  3199
 1317  3200
 1325  2752
 1331  3198
 1350  3117
 1354  3221
 1366  3122
 1371  3219
 1397  3234
 1411  3153
 1462  6004
 1469  2651
 1484  3195
 1493   175
 1508  3267
 1531  3275
 1538  3264
 1545  3264
 1610  3293
 1625  3297
 1626  1994
 1629  3288
 1630  3299
 1633  3606
 1653  3321
 1656  2184
 1661  3308
 1663  3305
 1686   306
 1687  3322
 1719  3336
 1726  3340
 1739  3280
 1742  3335
 1757  3347
 1793  3362
 1817  3399
 1823  1982
 1830  1983
 1854  3392
 1859  3386
 1863  3326
 1866  3325
 1872  3420
 1883  3425
 1918  3352
 1923  3438
 1928  3447
 1935  2555
 1952  3351
 1960 17183
 1976  3378
 1982  3568
 1985  3534
 1992  3570
 2007  3602
 2020  3494
 2021  3408
 2023  2897
 2038  3404
 2046  3531
 2049  5528
 2064  3430
 2065  3538
 2067  3621
 2070  3545
 2076  3504
 2089  3634
 2094  3548
 2096  3635
 2105  3651
 2106  3645
 2110  3644
 2127  3650
 2145  3671
 2151  3664
 2154  3595
 2156  3478
 2158  3511
 2163  3511
 2187  3550
 2191  3508
 2192  3631
 2194  3553
 2201  1038
 2219  3565
 2221  2118
 2242  3579
 2253  3674
 2256  3663
 2270 11346
 2282  3702
 2325  3726
 2334  3740
 2355  3743
 2359  3749
 2363  3758
 2372  3763
 2390  3693
 2395  3708
 2415  3833
 2418  3839
 2428  3845
 2433  3842
 2447 11901
 2456  3421
 2462  3848
 2465  3799
 2470  3958
 2502  2908
 2510  4000
 2515  4015
 2516  3864
 2520  3907
 2526  3766
 2534  4108
 2551  3874
 2561  4041
 2578  6602
 2592  4173
 2597  7288
 2606  4099
 2608  4168
 2610  4186
 2624  4182
 2631  4186
 2635  3669
 2637  4090
 2643  4006
 2646  4072
 2656  4233
 2663  4143
 2665  4234
 2665  7161
 2672  4228
 2678  6312
 2687  4123
 2708  4118
 2709  4078
 2721 12577
 2730  4146
 2759  4102
 2761  4271
 2768  4096
 2775  3539
 2776  4174
 2777  3539
 2781  4180
 2789  3371
 2792  4201
 2803  4215
 2807  4209
 2810  4208
 2813  4212
 2818  4156
 2824  4224
 2828  4244
 2829  4244
 2842  4163
 2857  4248
 2859  4246
 2867  4254
 2903  4253
 2918  4216
 2922  4204
 2929  4290
 2951  4282
 2953  4238
 2958  4230
 2968  4284
 2971  4293
 3000  4129
 3007  4259
 3036  4305
 3043  4313
 3045  4278
 3061  4279
 3067  4276
 3078  4324
 3079  4327
 3085  4333
 3098  4330
 3105  4283
 3117  1588
 3125  4291
 3129  4353
 3135  4356
 3148  4358
 3157  4302
 3195  4308
 3196  4308
 3203  4316
 3205  4394
 3206  4393
 3209  4317
 3211  4310
 3221  4533
 3243  4421
 3245  4449
 3248  4471
 3249  4402
 3254  4338
 3261  4487
 3275  4415
 3291  4477
 3293  4340
 3295  4536
 3298  4436
 3306  4351
 3313  4322
 3316  4497
 3320  4531
 3324  4444
 3325  4650
 3328  4607
 3332  4452
 3334  4355
 3337  4617
 3338  4465
 3340  4469
 3348  4362
 3352  4354
 3359  4461
 3364  4363
 3374  4651
 3376  4479
 3379 10498
 3383  4617
 3389  4380
 3394  4521
 3397  4388
 3405  4396
 3406  4715
 3410  4392
 3422  4762
 3426  4688
 3429  4506
 3441 11368
 3444  2725
 3445  4406
 3454   946
 3471  4621
 3480  4481
 3492  4712
 3495  4426
 3498  4505
 3500  5582
 3503  4505
 3508  4599
 3509  4638
 3531  4613
 3533  2239
 3535  4779
 3539  4464
 3549  4611
 3550  4609
 3551  4488
 3556  4550
 3582  4516
 3590  1418
 3599  4677
 3606  4652
 3607  4681
 3610  4683
 3613  4755
 3615  4572
 3630  4705
 3633  4596
 3642  4728
 3647  4745
 3652  1741
 3653  4719
 3654  4626
 3655  4704
 3656  3204
 3664  4771
 3665  4724
 3668  4775
 3671  4773
 3672  4756
 3675  4770
 3678  4734
 3688  4672
 3703  4796
 3704  4796
 3706  4788
 3711  4150
 3723  4795
 3729  4830
 3733  4819
 3736  4807
 3738  4810
 3749  4833
 3752  4610
 3755  4848
 3758  4828
 3760  3360
 3761  3360
 3762  4832
 3763  8063
 3770  4864
 3776 12077
 3797  4872
 3809  4846
 3818  2781
 3819  2781
 3831  4861
 3832  4895
 3839  4895
 3864  4920
 3875   182
 3879  2986
 3880  2986
 3888  3005
 3894  4926
 3898  4907
 3903  4915
 3919  4905
 3930  4946
 3935  4950
 3937  4961
 3948  4890
 3958  4998
 3961  7382
 3976  4982
 3979  4976
 3984  5006
 3987  5007
 4010  4971
 4020  8141
 4021  5016
 4025  5016
 4027  4984
 4030  4987
 4032 16736
 4036  4991
 4040  8955
 4062  5039
 4064  5081
 4071  5044
 4076  5078
 4078  2512
 4081  5077
 4088  5082
 4091  5071
 4094  5025
 4097  5130
 4098  5063
 4101  5028
 4107  5092
 4119  9167
 4124  9167
 4125  5121
 4128  5122
 4132  5124
 4135  5129
 4136  5122
 4141  5128
 4146  2372
 4146  5135
 4150  5045
 4155  5132
 4156  5057
 4158  5140
 4176  5068
 4181  5171
 4185  5181
 4192  5073
 4194  5181
 4206  5199
 4213  5152
 4218  5235
 4219  5138
 4220  5104
 4222  5222
 4223  5242
 4226  5151
 4227  5243
 4232  5249
 4234  5102
 4237  5101
 4239  5136
 4240  2703
 4244  5237
 4266  5156
 4267  5146
 4271  5207
 4276  5261
 4297  5208
 4298  5225
 4317  5285
 4325  5186
 4327  5211
 4328  5210
 4339  5206
 4361  5226
 4372  5332
 4374  5340
 4386  5324
 4389  5248
 4392  7712
 4403  5366
 4405  5349
 4410  5319
 4415  5347
 4421  4889
 4423  5390
 4432  5281
 4437  3031
 4447  5362
 4454  5431
 4461  5328
 4477  5416
 4485  5394
 4499  5346
 4519  5423
 4523  5453
 4542  5334
 4558  5473
 4571  5348
 4575  5428
 4577  2772
 4578  5524
 4581  2136
 4584  5385
 4588  5478
 4590  5477
 4592  5490
 4596  5378
 4597  5405
 4607  5427
 4610  5459
 4621  5521
 4631  5526
 4637 10809
 4651  5527
 4665  5539
 4679  5509
 4705  5244
 4710  5558
 4717  5565
 4732  5586
 4734  5599
 4745  3768
 4784  5802
 4789  5617
 4794  5641
 4795  5620
 4803  5633
 4806  5600
 4809  5631
 4810  5635
 4822  5641
 4823  5656
 4825  5647
 4837  5653
 4847  2039
 4858  5679
 4868  3026
 4880  5699
 4881  5719
 4886  5677
 4890  5712
 4893  5750
 4896  5684
 4900  5691
 4904  3560
 4909  5698
 4911  5711
 4920  5713
 4921  5706
 4922  5716
 4925  5109
 4928  5715
 4933  5721
 4934  5114
 4944  5734
 4953  5737
 4961  5746
 4966  5695
 4971  5749
 4972  5728
 4972  7562
 4974  5750
 4987  5761
 4996  5751
 5006  5771
 5013  5777
 5019  5780
 5032  5799
 5049  5810
 5054  5831
 5065  5819
 5082  5766
 5085  5802
 5087  5825
 5089 11195
 5096  5880
 5112  5858
 5131  5861
 5137  8394
 5159  5846
 5171  5897
 5182  5852
 5189  5910
 5190  5321
 5197  5971
 5198  5863
 5206  7082
 5207  5870
 5211  5872
 5225  5886
 5229  5978
 5234  3976
 5237  5993
 5240  5901
 5257  6004
 5260  6004
 5262  6024
 5274  5732
 5280  5732
 5281  5922
 5286  6024
 5287  5955
 5289  7122
 5302  5932
 5309  5460
 5326  6929
 5332  5958
 5338  6649
 5346  6063
 5348  7197
 5354  5963
 5369  6073
 5375  4960
 5377  5959
 5391  6131
 5399  5937
 5404  7122
 5407  7127
 5417  6130
 5419  5941
 5426  5560
 5428  6129
 5429  5992
 5456  6142
 5458  6134
 5459  5969
 5463  6151
 5464  6146
 5476  6159
 5480  6090
 5526  6194
 5527  6185
 5528  6074
 5536  6305
 5539  6224
 5546  6022
 5548  6280
 5554  6084
 5558  5865
 5560  6226
 5561  6305
 5568  5615
 5572  6094
 5579  6049
 5597  6100
 5610  6118
 5615  6070
 5625  6135
 5627  6136
 5628  6079
 5634  6078
 5638  7122
 5644  6358
 5656  6365
 5660  6155
 5665  6374
 5673  6372
 5676  6106
 5680  6330
 5691  6840
 5693  3172
 5696 15887
 5708  4304
 5709  6408
 5722  6188
 5724  6284
 5726  6402
 5728  9115
 5742  6384
 5743  6212
 5745  6216
 5751  6214
 5763  7122
 5765  6239
 5766  6581
 5770  6244
 5786  6240
 5801  6170
 5802  6449
 5815  6167
 5815  6330
 5829  4660
 5837 12114
 5850  6471
 5859  2039
 5867  6167
 5867  6330
 5868  6982
 5873  6381
 5881  6306
 5887  6485
 5888  6247
 5905  6347
 5917  7122
 5920  6361
 5925  2010
 5934  4990
 5950  6276
 5952  6524
 5959  6534
 5971  6424
 5973  6303
 5979  6299
 5986  6337
 5988  6391
 5989  6167
 5989  6330
 5996  6388
 5997  6354
 6002  6507
 6004  6838
 6008  6514
 6012  6352
 6013  6514
 6029  6354
 6032  6404
 6040 10515
 6042  3560
 6043  6373
 6044  4298
 6047  6355
 6055  6396
 6056  6483
 6058  6579
 6059  5917
 6060  5920
 6063  6348
 6075  6410
 6076  6838
 6078  6386
 6082  6425
 6087  6429
 6095  6379
 6096  4301
 6097  6437
 6098  6569
 6101  7122
 6103  6446
 6105  6535
 6115  6543
 6117  6508
 6123  6622
 6126  6608
 6127  6560
 6129  6413
 6131  6670
 6133  6607
 6136  6557
 6142  6546
 6143  6814
 6146  6570
 6147  6693
 6149  6694
 6155  6635
 6158  6573
 6159  6480
 6160  6698
 6165  6492
 6167  6679
 6168  6573
 6169  6559
 6171  6482
 6177  7218
 6178  6814
 6181  6547
 6185  6498
 6188  6722
 6191  5592
 6201  5979
 6209  7122
 6224  6539
 6226  6435
 6236  6798
 6239  6760
 6241  6000
 6244  6549
 6246  6828
 6246  6944
 6256  6979
 6260  6765
 6261  6828
 6261  6944
 6263  6574
 6279  6726
 6292  6666
 6299  6602
 6316  6052
 6318  6618
 6319  6055
 6322  6586
 6326  6766
 6344 18178
 6346  6552
 6358  6824
 6361  6764
 6374  4509
 6375  6575
 6385  6585
 6389  6656
 6396  6081
 6401  6878
 6407  6796
 6409  4543
 6410  6675
 6427  6690
 6433  6621
 6434  6747
 6436  6203
 6437  6595
 6438  6819
 6440  6703
 6442  6627
 6443  6697
 6445  6627
 6453  4628
 6457  6115
 6469  6919
 6471  6734
 6485  6744
 6489  6968
 6517  4845
 6528 11231
 6534  6944
 6542  6786
 6548  6980
 6569  7025
 6577  6951
 6581  6860
 6587  6829
 6589   280
 6593  6269
 6602  7024
 6603  6963
 6607  7028
 6619  6921
 6622  6917
 6625 10414
 6627  6926
 6640  6879
 6656  6954
 6659  6884
 6664  4813
 6667  6946
 6669  6963
 6671  7035
 6676  6908
 6678  4080
 6679  6920
 6690  6918
 6692  7104
 6695  7063
 6698  2613
 6702  6989
 6707  7055
 6713  6943
 6721  6941
 6727  7144
 6743  7159
 6744  7151
 6745  7157
 6747 14525
 6775  6411
 6784  7126
 6788  6912
 6792  7119
 6794  6983
 6795  7201
 6798  7047
 6800  6985
 6806  7054
 6813  7226
 6821  7068
 6822  7013
 6860  7206
 6866  7127
 6867  7239
 6868  7227
 6875  7224
 6887  7243
 6889  7060
 6895  5102
 6898  7088
 6912  7017
 6923  7101
 6924  7197
 6930  6548
 6933 14999
 6940  7132
 6946  7131
 6950  7313
 6968  7243
 6973  7141
 6976  7136
 7005  7181
 7010  7268
 7011  7356
 7017 12465
 7025  7194
 7038  7380
 7043  4912
 7047  7223
 7059  7322
 7062  7414
 7074  7166
 7084  7442
 7087  6661
 7103  7129
 7112  7458
 7120  7456
 7133  7393
 7140  7165
 7158  7202
 7159  7204
 7162  7187
 7165  7190
 7168  7195
 7169  6713
 7182  7232
 7183  7210
 7192  4959
 7213  7254
 7215 15128
 7224  7349
 7227  7240
 7232  7420
 7245  7237
 7250  7534
 7289  5929
 7297  7562
 7299 13085
 7300  5792
 7309  7324
 7310  7316
 7311  5694
 7313  7565
 7317  7263
 7318  7273
 7337  7274
 7356  7281
 7365  7337
 7366  3607
 7368  5737
 7380  5746
 7387  7300
 7417  4633
 7431  7317
 7435  7619
 7436  7321
 7439  7328
 7460  7360
 7464  7347
 7465  7351
 7478  6209
 7485  7355
 7486  7357
 7487  7358
 7491  7354
 7500  7412
 7518  7368
 7520  2035
 7542  7387
 7543  7381
 7546  7413
 7550  7527
 7551  7514
 7555  6875
 7556  7522
 7568  7424
 7571  7406
 7582  7443
 7585  7433
 7608  7486
 7616  6923
 7621  7566
 7622  7463
 7624  7495
 7625  7568
 7638  7600
 7646  7491
 7658  7501
 7659  7476
 7665  7511
 7681  7521
 7698  7530
 7711  7554
 7712  7649
 7716  7560
 7717  7547
 7719  7573
 7720  7587
 7726  7650
 7729  7658
 7733  7003
 7739  7588
 7745  7667
 7748  7598
 7751  7592
 7759  7663
 7763  7663
 7764  7616
 7770  7614
 7775  7674
 7778  7664
 7781  7637
 7785  7640
 7795  7691
 7796  7648
 7801  7681
 7802  7634
 7803  7697
 7804  7682
 7812  7679
 7831  7722
 7832  7710
 7833  7726
 7838  7708
 7841  7713
 7845  7716
 7850  7714
 7851  7730
 7852  7712
 7853  7725
 7854  7721
 7859  7668
 7860  7669
 7863  7735
 7874  7749
 7876  7750
 7877  7744
 7883  7675
 7899  7699
 7903  7145
 7906  7686
 7911  7684
 7915  7706
 7923  7790
 7929  7707
 7933  7776
 7942  7733
 7946  7810
 7947  7742
 7954  7792
 7956  7743
 7960  7835
 7962  7819
 7968  7834
 7974  7759
 7975  7762
 7977  7231
 7980  7848
 7983  4990
 7987  7760
 7989  7768
 7990  7249
 7996  7250
 7999  7767
 8001  8072
 8002  7766
 8008  7770
 8022  7783
 8023  7877
 8043  7874
 8044  7926
 8048  7309
 8060   164
 8066  7815
 8080  7824
 8091  7836
 8109  5092
 8113  7862
 8116  7943
 8120  1280
 8122  7955
 8146  7881
 8149  7972
 8153  6929
 8153  8008
 8197  7994
 8198  2632
 8201  2476
 8240  8068
 8251  8093
 8257  8071
 8268  8099
 8279  9053
 8286  8121
 8290  8126
 8295  8098
 8296  8107
 8300  4934
 8304  8146
 8305  8135
 8311 17002
 8319  8186
 8323  8158
 8330  8167
 8338  8162
 8340  8168
 8341  8145
 8344  8043
 8348  8151
 8358  8053
 8362  8183
 8368  8179
 8378    25
 8385  3945
 8386  8060
 8395  8207
 8396  8194
 8404  8092
 8405  8110
 8420  8204
 8422  8217
 8423 11965
 8426  8215
 8428  8219
 8454  5159
 8455  8225
 8468  8226
 8476  8230
 8482  8246
 8484  8285
 8487  8235
 8498  2655
 8507  8244
 8510  8264
 8513  8249
 8549  8261
 8559  7460
 8562  8271
 8566  8258
 8587  8294
 8590  8286
 8607  8024
 8613  8311
 8617  8317
 8618  8299
 8619  8321
 8622  8320
 8625  3972
 8626  8333
 8628  8323
 8629  8327
 8635  8319
 8652  8355
 8662  8137
 8675  8344
 8687  8360
 8692  8367
 8701  8371
 8703  8387
 8706 10493
 8725  7556
 8736  9421
 8740  8411
 8744  8417
 8745  8439
 8746  8421
 8754  8452
 8771  8462
 8791  8490
 8797  8499
 8810  8563
 8816  8522
 8824  8365
 8829  8475
 8830 18131
 8831  8527
 8878  8575
 8881  8427
 8885  8430
 8894  8416
 8895  8434
 8899  8414
 8912  8450
 8913  8455
 8920  8574
 8928  8459
 8931  8515
 8935  8466
 8936  2076
 8947  8477
 8963  8483
 8964  8624
 8967  8492
 8972  8487
 8974  8472
 8978  8629
 8979  8476
 8981  9073
 8987  8221
 8990  8494
 8998  8509
 8999  8516
 9001  8764
 9002  8510
 9003  8513
 9010  8506
 9011  8661
 9014  6949
 9018  8534
 9019  8538
 9021  8530
 9025  8667
 9030  8528
 9040  8586
 9041  8549
 9048  8558
 9051  8542
 9062  8569
 9063  8573
 9072  8716
 9080  8583
 9082  8613
 9087  8594
 9094  8579
 9100  8598
 9103  8596
 9116  8603
 9126  1745
 9128  8619
 9133  8680
 9144  8621
 9147  8623
 9178  8813
 9179  8740
 9180  8660
 9189  8641
 9200  5462
 9216  8655
 9218  8657
 9223  8636
 9225  8647
 9232 10626
 9234  8776
 9239  8672
 9269  8687
 9285  8714
 9292  8829
 9310  8848
 9315  8849
 9317  8857
 9320  8743
 9322  8744
 9324  9060
 9329  2436
 9334  8727
 9339  8876
 9354  8883
 9374  8896
 9384  8785
 9385  8757
 9387  8806
 9393  8908
 9394  8909
 9404  8916
 9405  8802
 9407  8797
 9421  8796
 9426  8925
 9433  8789
 9435  9054
 9438  8832
 9442  8803
 9444  8941
 9446  8811
 9453  8842
 9458  8953
 9468  8858
 9469  8895
 9476  8962
 9477  8961
 9494  8978
 9496 11887
 9499  8853
 9500  8877
 9508  8971
 9509  8871
 9511  8749
 9513  8989
 9517  8988
 9519  8983
 9520  8878
 9522  8992
 9523  8892
 9528  8997
 9538  8900
 9546  9010
 9548  9014
 9566  8906
 9584  9082
 9597  8929
 9600  9036
 9604  9035
 9625  9047
 9630  9046
 9637  8951
 9639  9144
 9642  9098
 9644  9049
 9654  8957
 9665  8980
 9674  9168
 9691  9192
 9696  9041
 9698  8969
 9699  2836
 9709  9190
 9714  9084
 9717  9091
 9718  9087
 9719  9050
 9726  9050
 9730  9020
 9743  9026
 9744  9003
 9748  9056
 9757  9018
 9760  9025
 9769  9129
 9776  9125
 9777  9034
 9778  9128
 9780  9024
 9789  9137
 9792  9136
 9800  9150
 9809  9061
 9815   563
 9820  9176
 9820  9177
 9825  9117
 9837  8404
 9843  9090
 9846  9138
 9847  9204
 9848  9094
 9852  9147
 9857  9092
 9858  9209
 9860  9169
 9863  9115
 9865  9121
 9880  9140
 9888  9185
 9895  9240
 9897  9132
 9898  9207
 9901  9247
 9908  9166
 9911  1115
 9917  9258
 9919  9257
 9920  9181
 9929  9266
 9944  9284
 9949  9205
 9953  9290
 9954  9293
 9957  9202
 9959  9215
 9960  9292
 9961  9202
 9962  9296
 9965  9220
 9968  9305
 9975  2441
 9978  9227
 9980  9319
 9981  9316
 9985  9211
 9989  9237
 9992  9229
 9993  9239
 9998  9334
10000  9326
10001  9245
10003  9295
10005  9336
10006  9251
10010  9233
10011  9261
10021  7764
10031  9364
10033  9274
10034  9271
10048  9370
10049  9374
10058  9396
10060  8568
10066  9276
10067  9378
10090  9394
10094  9392
10097  9306
10102  9325
10105  9060
10114  8305
10120  9333
10126  9337
10127  9416
10133  9419
10138  9424
10142  9359
10152  9437
10153  7026
10155  9347
10160  9442
10163  9445
10174  9379
10179  9452
10189  9382
10190  9383
10194  9583
10207  9482
10210  9485
10211  9432
10222  9393
10225  9406
10226  9498
10236  9518
10238  9511
10240  9519
10241  9515
10244  9423
10251  9530
10255  9537
10258  9525
10260 13223
10276  9434
10279  9444
10285  9493
10287  9549
10293  9556
10300  9564
10305  9566
10306  9483
10307  9473
10319  9571
10323  5115
10323  9467
10328  9576
10329  9584
10334  9487
10336  9531
10346  9591
10347  9463
10349  9598
10351  9596
10352  9496
10353  9593
10354  9599
10355  9610
10356   535
10358  9608
10359  9477
10361  9609
10370  9513
10373  9494
10376  9624
10379  9621
10381  9625
10385  9639
10387  9517
10390  9497
10392  9627
10394  9634
10395  9632
10397  9633
10398  9535
10399  9638
10401  9491
10403  9536
10404  9652
10407  9655
10408  9645
10409  9646
10410  9641
10413  9650
10415  9656
10417  9592
10418  9540
10420  9506
10426  8690
10429  9670
10431  9666
10433  9661
10434  9677
10436  9674
10438  9672
10441  9510
10442  9675
10444  9681
10448  9553
10450  9686
10457  9701
10458  9700
10461  9546
10463  9709
10472  9567
10473  9561
10476  9716
10478  9716
10486  9728
10488  9729
10494  9736
10497  9740
10499  9739
10505  9742
10514  9743
10515    10
10522  9628
10526  9617
10530  9756
10531  9758
10534  9760
10538  9717
10540  9720
10544  9663
10555  9662
10557  9772
10574  9744
10577  9692
10581  9790
10582  9747
10584  9789
10586  9759
10587  9699
10592  9795
10594  9794
10597  9799
10604  9737
10605  8279
10607  9797
10609  9768
10613  9779
10620  9811
10621  9812
10629  9719
10631  8297
10632  9830
10633  9796
10636  9829
10638  9831
10641  9834
10645  9837
10646  9838
10653  9847
10658  9857
10667  9792
10668  9819
10671  9859
10677  9865
10682  9878
10684  9827
10690  9882
10695  9892
10701  9897
10704  9903
10714  9911
10729  9929
10735  9939
10739  9950
10741  9851
10750  9969
10751  9975
10754  9974
10755  9968
10757  9979
10762  8226
10766  9989
10773  9999
10778 10009
10784  9902
10791 10008
10792 10012
10793  9899
10794 10022
10796  9874
10799 10017
10807 10030
10813 10033
10825  9900
10832  9909
10833  9915
10834 10059
10838  9921
10840 10064
10843 10069
10851 10013
10853 10086
10854 10090
10855  9945
10859  9954
10860  9965
10861  9951
10862 10088
10863 10025
10868 10094
10870 10097
10871  9988
10874 10099
10880 10010
10881 10104
10882 10100
10885 10111
10891  9991
10894 10120
10895 10119
10897 10122
10898 10068
10905 10135
10906 10015
10914 10019
10917 10024
10923 10159
10927 10167
10929 10170
10931 10078
10932 10061
10933 10034
10942 10185
10944 10183
10945 10188
10949 10050
10950 10082
10952 10193
10956 10204
10960 10118
10972 10219
10977 10133
10979 10234
10980 10240
10982 10168
10983 10087
10986 10247
10987 10243
10988 10244
10991 10248
10996 10250
11002 10256
11003 10261
11005 10180
11006 10180
11008 10211
11014 10270
11015 10284
11019 10280
11021 10163
11034 10187
11035 10304
11036 10301
11038 10187
11043 10326
11048 10307
11053 10318
11060 10194
11066 10345
11068 10269
11070 10344
11074 10348
11075 10353
11076 10347
11081 10347
11084 10358
11086 10357
11103 10365
11106 10366
11108 10335
11112 10376
11113 10215
11115 13348
11117 10217
11124 10281
11125 10287
11128  7421
11129 10251
11130 10393
11135 10400
11140 10406
11152 10411
11153 10413
11154 10407
11162 10422
11165 10419
11169 10423
11170 10279
11171 10420
11172 10286
11173 10424
11176 10428
11182 10429
11185 12831
11194 10437
11201    80
11202 10448
11205 10457
11208 10450
11211 10322
11217 10460
11221 10465
11224 10396
11228 10478
11230 10476
11241 10484
11246 10362
11247 10492
11250 10497
11252 10509
11254 10363
11268 10435
11270 10522
11271 10392
11272 10517
11279 10530
11280 10382
11282 10529
11285 10389
11287 10531
11308 10500
11325 10601
11328 10599
11331 10600
11335 10425
11341 10608
11348 10617
11351 10479
11352 10619
11371 10487
11373 10637
11375 10631
11388 10485
11397 11811
11401 10669
11408 10504
11410 10676
11411 10503
11416 10507
11423 10538
11432 10536
11451 10546
11458 10561
11459 10641
11474 17666
11499 10683
11507  7336
11508 10696
11535 11252
11560 10673
11573 10684
11577 10644
11585 10704
11610 10682
11665 17345
11669 10729
11711 10737
11716 10770
11736 10806
11755 10777
11771 11403
11794 10829
11854 10849
11855 10835
11899 10868
11912 10888
11918  8021
11923 15618
11958 15611
11959 10896
11967 10887
11979 10880
12031 10912
12048 10914
12068 10927
12099 10943
12107 10946
12208  5777
12281  4554
12324 10089
12330    25
12371 12196
12406  3529
12636 15936
12689  3587
12719  2109
12791 11736
13143 15650
13221 11605
13380 18003
13512  6566
13516 14057
13542  2997
13610  7114
13623  3982
13804 12306
13845 13992
13997  3980
14000  3980
14042 15465
14251 14650
14353   668
14607 11871
14612 12546
14637 11602
14730 15617
14904 12792
15013  5920
15173  1880
15226  6032
15320 17411
15450  7606
15541  5877
15776 11372
15839 17060
15906 17719
16033  3698
16246 12681
16280  4714
16303 17966
16329  4717
16599   940
16968  5923
16998 13615
17002 16531
17074  8407
17168 18025
17193 18324
17235 15434
17367 14673
17583  2717
17588 12546
17600  5002
17609  7114
17656  8680
17689  4080
17692  2584
17705  3923
17748 17948
17763  4728
17848 17345
17854 10809
17950 13408
17969 15161
18028  1609
18048 13194
18232   684
18236 17979
18254    34
18479  4946
18812 18043
18928  9544
18938  6748
18961 15191
19056  9356
19094 10335
19097 12906
19370 16913
19459  2229
19526  7979
19612 15658
19653  2991
19831  3015
19863 12871
19906 17452
19967 10951
20121 13255
20243 12687
20453 17885
20456  5680
20668 18281
20712  2786
20798 15496
20871   292
20879 17163
20957   638
20998 10840
21046  5823
21158 12793
21247 17543
21554 13652
21612  8221
21657 17386
21677 16132
21694 17892
21695  7455
21735  4893
21758   510
21816  3589
22021 11766
22086 10298
22115  7089
22151 17270
22189  7914
22315  9162
22321 16082
22364  5068
22423  2252
22497 10452
22506  5392
22518 16981
22570  8927
22596 17905
22747 11076
22829 12546
22830 15760
23120 13263
23215  6570
23264  7892
23270   120
23345 17932
23432  7114
23570 12385
23577 14803
23594 15517
23656 11403
23733  5543
23821 17837
24100 14903
24163 11573
24225 17491
24236 17994
24271 14283
24294 12786
24350 17892
24365 10504
24412  7314
24445  2629
24501 17242
24542 16710
24580 12872
24640  7228
24756 18022
24855  8268
24940 16235
24972 15273
25021 14823
25031 16934
25150  2723
25205 12951
25208  7866
25269   649
25315   947
25329  9061
25351  7055
25355 16858
25407 18128
25416  5488
25443  4735
25481 14673
25486   284
25491 15050
25513 10789
25561 17549
25573 16678
25577 17549
25616 14961
25624 11692
25660 14961
25679 14961
25685 12786
25708 12786
25710 14961
25712 11487
25766 17598
25789  2926
25854 16190
25883  8394
26042  4633
26188 18293
26211  3997
26212 12385
26218  8913
26222 13640
26241 12792
26250 12467
26267 17946
26303  3042
