    3 11435
    9 20532
   13    30
   14    16
   15    16
   17 16593
   18    30
   19    21
   34 20532
   51  2274
   64  2281
   65  2278
   69  2195
   73  2466
   80  2205
   98   528
  114  2298
  117  2375
  120  2377
  121  2378
  126  2386
  140 13850
  144  2402
  146  2403
  156  2268
  163  2283
  174  2554
  180  2304
  186  2293
  190  2313
  196  2442
  196  2447
  198  2347
  199  2447
  202  2444
  211  2376
  214  2360
  215  2335
  216  2376
  223 11811
  227  2340
  228  2617
  229  2451
  230  2352
  243  2653
  244  2639
  254  2646
  262  3023
  270  2257
  277  2668
  282  2523
  291  2683
  299  2690
  303  2419
  307  2508
  312  2526
  313  2719
  314  2430
  316  2497
  317  2555
  318  2747
  320  2724
  323  2532
  327  2747
  337  2469
  340  2469
  345  2571
  349  2548
  351  2525
  355  2339
  358  1967
  366  2388
  370  2490
  371  2502
  374  2584
  376  2488
  379  2498
  396  2486
  403  2247
  406  2513
  407  2839
  418  2839
  421  2823
  423  2372
  424  2556
  428  2433
  432  2406
  436  2823
  443  2872
  445  2425
  448 15079
  452 13116
  455  2872
  457  2625
  459  2512
  464  2872
  465  2531
  471  2889
  482  2669
  487  2464
  488  2665
  492  2546
  501  2670
  508  2415
  523  2591
  526  2610
  528  2565
  532  2736
  541  2275
  550  2721
  553  2966
  555  2583
  561  2731
  570  2666
  572  2642
  575  2648
  587  2700
  595  2796
  598  2628
  607  2951
  608  2954
  609  2954
  615  2692
  618  2644
  621  2117
  623  2723
  626  2123
  627  2810
  628  2753
  629  2622
  633  2824
  634  2813
  644  2535
  658  2684
  672  2691
  677   477
  688  2913
  704  4738
  707  3013
  710  3009
  711  3010
  718  3017
  726  2310
  742  2955
  743  2955
  748  2742
  749  2907
  750  2769
  752  2844
  757  2950
  758  2849
  770  2287
  771  2814
  772  2856
  779 15449
  790  2325
  791  2911
  796  2807
  799  2895
  800  2382
  816  2833
  820  2147
  821  2931
  824  3149
  826  2875
  830  2922
  832  6849
  845  3073
  860  2892
  864  2916
  867  3417
  875  8058
  879  2964
  882  3119
  886  2927
  888  2910
  900  2494
  905  3966
  910  3138
  932  2825
  944  2224
  952 10040
  953  2985
  956  2958
  961  3050
  976  3412
  977  2215
  978  3032
  980  3082
  982  2998
  986 19213
  994  3196
  996  2981
 1001  3380
 1004  3003
 1009  3057
 1011  3022
 1013  3078
 1020  3093
 1021  3321
 1025  2994
 1028  2995
 1029  3078
 1031  2993
 1032  3120
 1033  3099
 1036  2217
 1040  3283
 1042  3087
 1051  2938
 1052  3128
 1058  3101
 1059  2181
 1070  3046
 1076  3035
 1077  3150
 1081  3063
 1083 14371
 1107  3147
 1110  3112
 1114  3189
 1118  2641
 1121    54
 1129  3117
 1131  3173
 1132  3342
 1137  3106
 1141  3058
 1146  3139
 1152  3192
 1170  3202
 1176  3426
 1184  3148
 1190  3278
 1191  3250
 1197  3162
 1207  3161
 1209 13719
 1210  3274
 1212  3262
 1214  3261
 1217  3187
 1222  3255
 1224  3310
 1227  8168
 1235  2805
 1236  3198
 1237  3282
 1238  2904
 1239  3209
 1241  3289
 1246  3214
 1253  3258
 1254  3307
 1256  3236
 1258  3312
 1260  3206
 1266  3329
 1267  3225
 1271  3337
 1273  3234
 1279  3251
 1282  3333
 1283  3367
 1287  3334
 1297  3378
 1302  3396
 1307  4588
 1310  3379
 1311  3366
 1316  3285
 1341  3419
 1344  3382
 1347  3403
 1350  3314
 1355  3320
 1360  3330
 1366  3328
 1386  3359
 1396  3361
 1401  3406
 1402  3344
 1410  3439
 1411  3377
 1412  3155
 1413  3369
 1415  3371
 1417  3432
 1428  3440
 1446  3400
 1482  3489
 1484  3430
 1486  3463
 1491  8682
 1502  3499
 1503  3473
 1517  3478
 1531  3515
 1609  3347
 1610  3569
 1612  3175
 1621  3210
 1624  3492
 1628  3547
 1629  3548
 1632  3494
 1633  3354
 1636  3180
 1650  3357
 1655  3570
 1659  3154
 1663  3579
 1706  3619
 1707  3601
 1711  3602
 1716 10399
 1717  3633
 1733  3645
 1737  3612
 1738  3629
 1739  3592
 1740  3405
 1752  3647
 1755  3582
 1760  3596
 1774  3652
 1785  3586
 1787  3702
 1799  3697
 1801  3656
 1817  3720
 1838  3581
 1841  3705
 1845  3717
 1850  3711
 1854  3713
 1857  3727
 1859  3709
 1863  3678
 1866  3673
 1869  3730
 1872  3745
 1879  3740
 1883  3744
 1887  3655
 1903  3677
 1913  3783
 1914  3471
 1926  4410
 1934  3791
 1936  3538
 1941  3768
 1944  3715
 1945  8451
 1947  3814
 1949  3773
 1950  3770
 1952  3726
 1955  3790
 1957  3766
 1966  3884
 1972  3746
 1975  3810
 1976  3742
 1977  3846
 1991  3803
 1992  3881
 2005  3855
 2008  3753
 2011 11070
 2013  3808
 2014  3662
 2019  3497
 2023  3595
 2033  3598
 2034  3598
 2038  3764
 2039 14878
 2041  3763
 2042  3784
 2046  3883
 2047  3831
 2053  3886
 2059  3795
 2064  3801
 2065  3892
 2067  3994
 2073  3809
 2075  3811
 2076  3843
 2079  7516
 2080  3978
 2087  3794
 2089  3999
 2089  4001
 2093  3624
 2095  3986
 2096  7597
 2101  3921
 2106  4017
 2109  3813
 2112  3871
 2117  3828
 2119  3860
 2121  3816
 2123  3704
 2127  4009
 2128  3562
 2134  3823
 2139   690
 2142  4047
 2145  4054
 2149  3951
 2151  4051
 2155  3933
 2156  3854
 2158  3887
 2162  3983
 2163  3887
 2164  3959
 2168  3707
 2173  2155
 2184  3962
 2185  3604
 2187  3919
 2191  3885
 2194  3928
 2196  3879
 2199  3965
 2203  3750
 2209  3898
 2210  3918
 2219  3944
 2224  3936
 2230  3926
 2242  3956
 2250  2853
 2252  3964
 2253  4015
 2256  4004
 2263  4041
 2267  4038
 2272  3974
 2273  1944
 2276  4063
 2277  4052
 2280  4125
 2285  4040
 2292  3987
 2310  4084
 2311  3980
 2325  4074
 2342  4019
 2353  4032
 2355  4090
 2359  4118
 2363  4121
 2366  4066
 2368  4129
 2376  4114
 2380  4135
 2381  4056
 2384  3780
 2387  4142
 2388  4153
 2390  4070
 2391  4130
 2394  4138
 2395  4091
 2399  4148
 2407  3806
 2414  4169
 2418  4186
 2420  4170
 2426  4187
 2428  4190
 2433  4189
 2443  3819
 2445  4132
 2448  4112
 2464  4149
 2469  4204
 2478  4221
 2480  4176
 2483  4271
 2487  4192
 2496  4244
 2502  2922
 2503  4262
 2508  4215
 2509  4264
 2513  4261
 2516  4242
 2520  4235
 2526  4220
 2530  4297
 2532  4240
 2533  4255
 2534  4348
 2535  4303
 2537  4381
 2551  4254
 2552  4335
 2558  4403
 2561  4314
 2563  4384
 2568  4329
 2574  4304
 2584  4317
 2588  4349
 2590  4291
 2592  4459
 2594  4274
 2598  4291
 2599  4288
 2601  4338
 2606  4372
 2608  4449
 2616  4477
 2617  4359
 2618  4351
 2621  4365
 2638  4390
 2641  4514
 2643  4322
 2644  4321
 2646  4413
 2652  4402
 2657  4489
 2664  4306
 2665  4499
 2667  4397
 2672  4518
 2674  4354
 2675  4406
 2683  4414
 2686  4418
 2690  4011
 2693  4445
 2694  4423
 2698  4368
 2702  4433
 2703  4522
 2708  4462
 2713  4435
 2717  4443
 2725  4407
 2727  4463
 2729  4470
 2730  4454
 2732  4464
 2734  4416
 2740  4432
 2741  4428
 2745  4562
 2748  4480
 2757  4427
 2759  4452
 2765  4509
 2768  4446
 2770  4016
 2774  4504
 2775  4285
 2776  4497
 2787  4525
 2788  4528
 2792  4530
 2803  4553
 2809  4540
 2810  4545
 2813  4539
 2823  4561
 2824  4564
 2828  4590
 2829  4590
 2832  4513
 2834  4576
 2842  4538
 2848  4584
 2850  4579
 2854  4598
 2858  4597
 2860  4078
 2861  4619
 2884  4632
 2886  4611
 2891  4624
 2903  4617
 2921  4603
 2922  4596
 2933  4152
 2934  4609
 2940  4656
 2946  4631
 2947  4659
 2951  4672
 2953  4642
 2956  4680
 2958  4634
 2961  4635
 2967  4696
 2967  5880
 2970  4686
 2972 12837
 2976  4698
 2980  4657
 2984  4651
 2987  4689
 2995  4660
 3007  4668
 3009  4669
 3011  4715
 3023  4720
 3025  4729
 3026  4705
 3034  4716
 3036  4732
 3044  4740
 3045  4745
 3049  4691
 3050  4741
 3052  4713
 3057  4706
 3061  4710
 3062  4711
 3066  4225
 3067  4709
 3078  4791
 3089  4791
 3098  4782
 3105  4739
 3119  4761
 3122  4813
 3125  4757
 3127  4756
 3129  4826
 3135  4849
 3139  4797
 3144  4844
 3149  4835
 3156  4842
 3157  4779
 3160  4239
 3166  4856
 3169  4869
 3174  4379
 3178  4864
 3179  8875
 3191  4879
 3195  4804
 3196  4804
 3197  4867
 3203  4824
 3205  4897
 3206  4913
 3208  4830
 3209  4829
 3211  4837
 3214  4256
 3219  4883
 3220  4841
 3222  4932
 3227  4880
 3238  4847
 3239  4839
 3243  4961
 3245  4984
 3247  4927
 3248  5003
 3249  4917
 3251  4818
 3252  4934
 3254  4865
 3256  5146
 3260  4863
 3261  5012
 3274  4950
 3275  4938
 3282  5055
 3284  5141
 3285  4949
 3286  4898
 3291  5044
 3293  4911
 3298  4973
 3306  4901
 3310  4958
 3311  4963
 3313  4908
 3316  5053
 3317  4969
 3320  5072
 3324  4981
 3329  4974
 3330  5006
 3332  5016
 3333  4929
 3334  4925
 3335  5004
 3338  5037
 3340  2049
 3341  5000
 3342  5021
 3346  5116
 3348  4937
 3350  4796
 3352  4928
 3354  5005
 3356  5178
 3357  4905
 3362  4945
 3364  4948
 3369  5043
 3372  4790
 3374  5216
 3376  5059
 3380  4955
 3384  5177
 3385  4954
 3386  5063
 3388  5090
 3389  4976
 3390  5046
 3397  4980
 3400  5196
 3404  4320
 3406  5202
 3407  5077
 3408  5157
 3412  5171
 3414  5172
 3416  4977
 3419  5096
 3421  4995
 3424  4986
 3425  5068
 3427  5115
 3428  4979
 3429  5061
 3430  5112
 3434  5079
 3435  5071
 3438  5210
 3441  5015
 3443  5260
 3444  2554
 3445  5018
 3448  5104
 3451  5193
 3452  5148
 3453  5109
 3454  5107
 3455  5110
 3458  5030
 3461  5130
 3462  5267
 3467  5119
 3468  5111
 3471  5209
 3472  5129
 3478  5153
 3479  5042
 3480  5143
 3481  5142
 3482  5155
 3483  5156
 3485  5160
 3487  5058
 3491  5074
 3492  5334
 3493  5033
 3494  5067
 3502  5186
 3505  5189
 3506  5237
 3508  5189
 3510  5174
 3514  5312
 3516  5197
 3518  5151
 3523  4591
 3524  5103
 3529  5262
 3530  5247
 3531  5219
 3535  5326
 3539  5114
 3543  5336
 3544  5224
 3548  5252
 3549  5190
 3550  5184
 3551  5138
 3552  5211
 3555  5341
 3556  5238
 3557  4795
 3563  5134
 3571  5250
 3579  5147
 3581  4364
 3582  5167
 3588  5246
 3589  5255
 3597  4943
 3599  5269
 3601  5282
 3603  5288
 3606  5258
 3607  5277
 3610  5293
 3613  5324
 3615  5240
 3616  5266
 3622  5253
 3626  5311
 3627  5306
 3628  5299
 3630  5301
 3631  5275
 3632  5313
 3633  5270
 3639  5291
 3642  5342
 3647  5277
 3647  5333
 3648  5296
 3652  5320
 3653  5322
 3654  5292
 3664  5364
 3665  5337
 3668  5366
 3675  5374
 3678  5353
 3683  5380
 3688  5350
 3690  4808
 3703  5384
 3706  5382
 3710  4436
 3711  5154
 3723  5388
 3729  5401
 3738  5397
 3749  5417
 3751  5249
 3755  5410
 3758  5411
 3765  5414
 3767  5308
 3770  5425
 3774  5405
 3789  5427
 3795  5064
 3796  5419
 3798  5309
 3799  5346
 3802  5054
 3805  5392
 3806  5422
 3809  5426
 3816  4784
 3820  5445
 3824  5432
 3831  5449
 3835  5441
 3840  5442
 3842  4850
 3855  4889
 3864  5457
 3868  5466
 3870 18220
 3871  5475
 3873  5460
 3876  3708
 3881  5479
 3882  5479
 3896  5462
 3898  5488
 3901  5471
 3903  5492
 3919  5481
 3920  5512
 3922  5207
 3925  5521
 3930  5527
 3931  5490
 3934  5489
 3937  5536
 3946  5516
 3953 13787
 3956  5424
 3959  5525
 3961  5553
 3962  5534
 3967  5530
 3969  5557
 3971  5523
 3975  5569
 3976  5560
 3978  5561
 3983  5535
 3984  5586
 3987  5567
 3988  5591
 3995  5549
 4001  5551
 4003  5556
 4004  5362
 4009  5595
 4013  5614
 4017  5568
 4018  5599
 4020  5580
 4023  5579
 4028  5440
 4029  5594
 4030  5584
 4032  5587
 4035  5632
 4036  5592
 4038  5609
 4041  5612
 4042  5620
 4043  5619
 4046  5605
 4047  5635
 4047  5651
 4056  5633
 4062 10806
 4063  5617
 4064  5659
 4065  5648
 4067  5655
 4069  5447
 4071  5634
 4073  5636
 4076  5658
 4077  5638
 4080  5676
 4081  5662
 4083 10153
 4086  5645
 4088  5672
 4089  9505
 4090  5650
 4091  5686
 4093  5639
 4094  5637
 4097  5685
 4098  5688
 4099  5674
 4101  5644
 4104  5690
 4106  5699
 4109  5701
 4110  5695
 4111  5654
 4113  5704
 4114  5707
 4120  5700
 4121  5451
 4123  5700
 4125  5713
 4126  5670
 4128  5717
 4129  5723
 4130  5723
 4132  5720
 4134  5719
 4135  5728
 4141  5727
 4142  5724
 4143  5730
 4144  5735
 4146  5730
 4154  5744
 4156  5687
 4157  5693
 4158  5747
 4160  5745
 4164  1554
 4168  5770
 4169  5712
 4173  5459
 4174  5768
 4176  5708
 4179  5706
 4182  5773
 4183  5778
 4184  5714
 4187  5781
 4189  5784
 4191  5795
 4192  5725
 4197  5791
 4199  5833
 4202  5790
 4206  5796
 4208  5798
 4213  5811
 4215  5806
 4216  5797
 4217  5757
 4218  5810
 4220  5764
 4222  5808
 4223  5815
 4225  5812
 4226  5801
 4227  5819
 4232  5831
 4236  5824
 4237  5772
 4240  5836
 4241  5830
 4243  5480
 4244  5839
 4249  5840
 4250  5776
 4254  5807
 4255  5809
 4257  5855
 4258  5802
 4259  5857
 4260  5852
 4263  5856
 4264  5814
 4266  5818
 4270  5860
 4271  5888
 4272  5865
 4274  5737
 4275  5877
 4276  5869
 4279  5497
 4282  5841
 4285  5871
 4288  5880
 4291  5874
 4292  5497
 4295  2331
 4298  5895
 4299  5511
 4302  5889
 4304  5872
 4305  5890
 4306  5848
 4307  5891
 4310  5893
 4312  5868
 4313  5875
 4317  5901
 4318  5863
 4323  5903
 4325  5862
 4327  5878
 4328  5873
 4331  5881
 4334  5907
 4335  5902
 4336  5882
 4338  5909
 4339  5885
 4340  5913
 4354  5919
 4357  5926
 4362  5927
 4363  5537
 4364  5887
 4368  5954
 4370  5936
 4374  5935
 4381  5910
 4389  5914
 4390  5946
 4392  5951
 4396  5961
 4397  5963
 4399  5966
 4401  5952
 4403  5964
 4405  5971
 4405  9724
 4410  5955
 4411  5970
 4413  5930
 4415  5976
 4417  9723
 4423  5984
 4427  5533
 4432  5941
 4434  5983
 4437  2413
 4440  5987
 4441  5988
 4445  5953
 4448  5991
 4452  5994
 4455  5999
 4461  5996
 4474  6011
 4476  5979
 4477  6032
 4486  2494
 4489  6025
 4490  6000
 4493  6029
 4505  6036
 4506  5621
 4513  6037
 4515  6043
 4517  5600
 4522  6038
 4523  6048
 4524  6012
 4529  6019
 4531  6058
 4532  6060
 4536  5603
 4544  6049
 4550  5274
 4550  6066
 4554  6039
 4555  6056
 4558  6068
 4563  6041
 4565  5623
 4570  6050
 4571  6047
 4572  6051
 4573  6121
 4575  6062
 4578  6103
 4584  6059
 4585  6057
 4588  6086
 4590  6088
 4591  6092
 4592  6096
 4594  6053
 4600  6095
 4602  6075
 4604  6102
 4607  6085
 4613  6081
 4615  6084
 4616  6078
 4617  6087
 4620  6124
 4621  6127
 4630  6110
 4631  6134
 4640  6109
 4642  6132
 4647  4093
 4650  6149
 4651  6159
 4652  6155
 4655  6074
 4657  6119
 4658  6151
 4661  6133
 4665  6163
 4666  6136
 4667  6143
 4670  6160
 4671  6152
 4677  6145
 4680  6178
 4684  6179
 4696  6181
 4699  5660
 4702  5718
 4705  6113
 4708  6183
 4710  6191
 4711  6190
 4712  6203
 4713  6196
 4717  6202
 4718  6207
 4720  6204
 4725  6212
 4728 14413
 4730  6216
 4732  6218
 4734  6224
 4738  6225
 4745  5694
 4747  5741
 4751  6208
 4752  6231
 4753  6233
 4762  6237
 4768  6227
 4772  6235
 4781  6269
 4783  6250
 4784  6346
 4786  6253
 4786  6314
 4787 16550
 4793  6259
 4794  6260
 4795  6262
 4799  6278
 4801  6273
 4803  6272
 4806  6249
 4807  6275
 4808  6264
 4810  6277
 4812  6276
 4822  6292
 4823  6303
 4824  6290
 4828  6287
 4830  6281
 4831  6282
 4834  5829
 4837  6318
 4838  6305
 4840  6311
 4841  6321
 4847  6312
 4848  6319
 4850  6297
 4852  6323
 4853  6335
 4854  6321
 4856  6329
 4858  6344
 4866  6308
 4867  6332
 4869  6345
 4870  6326
 4871  6334
 4872  6339
 4873  6338
 4877  6352
 4880  6370
 4881  6358
 4882  6343
 4884  6322
 4886  6351
 4887  6355
 4888  6366
 4889  5450
 4890  6371
 4891  6359
 4891  9285
 4893  6348
 4895  6363
 4897  6361
 4898  6365
 4900  6367
 4905  6372
 4907  6380
 4909  6381
 4912  6379
 4914  6189
 4914  7208
 4917  6381
 4918  6386
 4919  6403
 4920  6390
 4922  6357
 4923  6407
 4929  6393
 4931  6394
 4932  6385
 4933  6401
 4934  6217
 4936  6405
 4938  6415
 4939  6400
 4940  6412
 4944  6423
 4948  6392
 4949  6420
 4950  6428
 4955  6438
 4956  6431
 4958  6439
 4959  6441
 4961  6451
 4968  5742
 4971  6457
 4973  6453
 4974  6456
 4976  6379
 4979  6448
 4981  6459
 4987  6462
 4989  6464
 4991  6434
 4994  6465
 5004  6471
 5006  6481
 5013  6485
 5014  6483
 5016  6486
 5019  6493
 5020  6492
 5023  6495
 5024  6494
 5027  6491
 5027  6515
 5030  6502
 5032  6505
 5034  6505
 5035  6420
 5037  6511
 5041  6507
 5049  6524
 5052  5905
 5054  6528
 5055  6522
 5057  6534
 5065  6549
 5069  6553
 5070  6031
 5071  6554
 5077  6557
 5079  6523
 5087  6565
 5090  6572
 5093  6376
 5096  6584
 5100  6582
 5103  6589
 5105  6593
 5111  6157
 5112  6601
 5121  6607
 5123  6595
 5130  6617
 5131  6616
 5135  6623
 5138  6613
 5143  6003
 5145  6621
 5149  6626
 5150  6643
 5153  6627
 5158  6653
 5159  6628
 5174  6635
 5179  6677
 5182  6636
 5189  8094
 5191  6670
 5195  6659
 5202  6720
 5207  6674
 5211  6678
 5214  8600
 5216  6683
 5224  6882
 5225  6685
 5230 19374
 5231  6615
 5233  6724
 5238 10436
 5240  6716
 5241  6734
 5242  6710
 5244  6737
 5264  6757
 5272  6723
 5274  6778
 5278  6758
 5279  6185
 5280  6778
 5284  6749
 5286  9279
 5287  6744
 5289  6777
 5290  6713
 5294  6797
 5302  6773
 5312  6807
 5319  6788
 5322  6185
 5323  6792
 5334  6858
 5338  6859
 5340  6841
 5343  6812
 5346  6850
 5350  6821
 5357  6829
 5358  6889
 5359  7098
 5369  6870
 5370  6824
 5371  6802
 5373  6818
 5374  6739
 5377  6842
 5379  6853
 5381  6852
 5383  6855
 5385  6890
 5387  6865
 5389  6905
 5392  6907
 5399  6861
 5406  6885
 5407  7034
 5409  6901
 5411  6248
 5414  6801
 5415  6910
 5417  6941
 5420  6916
 5422  6944
 5425  6924
 5426  6817
 5429  6930
 5430   180
 5432  6476
 5433  6928
 5447  6961
 5449  6938
 5451  6971
 5452  6951
 5463  6982
 5465  6962
 5471  6994
 5472  6972
 5473  7001
 5480  7010
 5488  6989
 5491  7029
 5492  7013
 5493  7038
 5495  7071
 5497  7033
 5499  7083
 5505  7170
 5512  7090
 5514  7098
 5515  7025
 5516  7028
 5521  7058
 5527  7137
 5528  7036
 5531  7149
 5536  7090
 5536  7132
 5539  7082
 5540  7071
 5543  7053
 5545  7102
 5546  7045
 5547  7161
 5548  7106
 5552  7054
 5553  7152
 5555  6898
 5556  7149
 5564  6625
 5566  7166
 5572  7087
 5579  7080
 5584  7143
 5597  7110
 5599  7146
 5602  7171
 5608  6894
 5610  7145
 5612  6211
 5613  7150
 5614  7177
 5615  7122
 5616  7190
 5620  7189
 5625  7167
 5630  7254
 5631  7173
 5633  7176
 5636  7178
 5637  7154
 5644  7227
 5646  6560
 5652  7204
 5658  7283
 5660  7212
 5663  7221
 5665  7249
 5666  7216
 5670 19244
 5672  7234
 5673  7257
 5680  7237
 5681  6866
 5686  7245
 5688  7248
 5692  7265
 5694  6880
 5696  4263
 5697 16260
 5703  2369
 5705  7333
 5707  7261
 5709  7286
 5718  7276
 5719  7295
 5720  7299
 5722  7270
 5723  7107
 5724  7290
 5728  6874
 5729  6923
 5733  7277
 5734  7279
 5735  7281
 5736  7032
 5740  7377
 5743  7288
 5745  7285
 5746  7313
 5749  7391
 5751  7289
 5754  7292
 5763  7343
 5765  7308
 5769  7356
 5770  7322
 5772  7362
 5775 10218
 5776  7328
 5778  7319
 5786  7329
 5787  7370
 5788  7414
 5792  7423
 5797  7344
 5798  7473
 5800  7433
 5802  7385
 5803  7361
 5805  7388
 5806  7314
 5812  7367
 5816  7393
 5818  7368
 5821  7351
 5825  7373
 5827  7151
 5829  6895
 5831  7473
 5843  7390
 5844 16521
 5846  7394
 5849  7397
 5854  7424
 5855  7498
 5856   122
 5862  7451
 5863  7451
 5863  7452
 5864  7417
 5867  7380
 5869  7418
 5870  7420
 5873  7464
 5879  7051
 5880  7456
 5881  7429
 5887  7477
 5888  7416
 5891  7488
 5892  7485
 5894  7206
 5899  7475
 5901  7463
 5903  7246
 5905  7484
 5908  7487
 5918  7521
 5919  7535
 5921  7588
 5924  7311
 5928  7526
 5934  7264
 5936  7513
 5939  7538
 5941  7536
 5950  7499
 5967  8050
 5973  7512
 5974  7455
 5976  7515
 5979  7509
 5986  7548
 5988  7568
 5989  7578
 5991  7242
 5993  7534
 5995  7546
 5997  7549
 6003  7472
 6005  7584
 6009  7565
 6012  7560
 6016  7599
 6017  6882
 6029  7564
 6032  7585
 6037  7620
 6039  7637
 6042  8052
 6043  7603
 6045  7648
 6046  7746
 6047  7577
 6050  7573
 6053 18727
 6055  7597
 6056  7619
 6059  7537
 6060  7544
 6061  7639
 6062  7765
 6070  7357
 6078  7594
 6081  7625
 6082  7627
 6087  7650
 6095  7613
 6098  7701
 6103  7679
 6110  7718
 6112  7590
 6113  7712
 6114  7785
 6115  7782
 6117  7773
 6119  7719
 6120  7729
 6121  7713
 6123  7825
 6125  7819
 6126  7766
 6127  7800
 6129  7716
 6131  7769
 6135  7739
 6136  7805
 6142  7783
 6145  7789
 6147  7793
 6149  7789
 6150  7774
 6152  7795
 6158  7837
 6159  7775
 6162  7446
 6164  7865
 6166  7799
 6168  7832
 6169  7815
 6171  7787
 6174  7878
 6178  7905
 6180  8097
 6181  7824
 6182  7806
 6185  7809
 6191  7575
 6192  7922
 6194  7816
 6200  7629
 6201  7786
 6204  7937
 6212  7864
 6214  7853
 6217  7838
 6227  7847
 6228  8233
 6229  7848
 6235  8095
 6236  7956
 6238  8300
 6241  7822
 6243  7885
 6246  7956
 6247  7571
 6248  7868
 6254  7991
 6255  7881
 6256  8345
 6261  7956
 6265  7889
 6266  7888
 6267  7890
 6271  7899
 6273  7900
 6278  7927
 6279  7932
 6280  7901
 6282  7907
 6284  7948
 6285  8021
 6287  7916
 6289  7919
 6292  7980
 6294  7614
 6296  8557
 6299  7929
 6303  8003
 6305  8011
 6307  7892
 6310  7952
 6314  7941
 6316  7895
 6317  7666
 6318  7944
 6320  6847
 6323  8027
 6332  7943
 6334  7953
 6338  7951
 6341  7959
 6346  7938
 6352  8054
 6355  8068
 6358  8081
 6375  7994
 6377  7984
 6385  7977
 6391  7198
 6392  7993
 6396  7970
 6398  8015
 6400  8001
 6403  7317
 6407  8023
 6409  7458
 6411  7981
 6417  8123
 6418  8196
 6426  8042
 6427  8146
 6431  8053
 6433  8030
 6434  6662
 6435  7988
 6437  8002
 6438  8067
 6440  8059
 6443  8069
 6445  8031
 6449  8079
 6450  8071
 6451  8016
 6455  8097
 6457  8020
 6458  8084
 6467  8125
 6470  8150
 6472  8091
 6476  8324
 6477  8155
 6481  8260
 6485  8166
 6488  8260
 6491  8178
 6492  8181
 6494  7532
 6500  8189
 6512  8202
 6518  8056
 6520  8326
 6523  8221
 6527 16905
 6529  8334
 6535  8231
 6541  8237
 6548  8363
 6552  7946
 6554  6902
 6557  8366
 6560  8371
 6563  8365
 6566  8885
 6568  8292
 6569  8375
 6570  8387
 6575  8380
 6577  8280
 6580  8283
 6581  8330
 6582  8385
 6586  8396
 6587  8290
 6593  8266
 6602  8319
 6603  8321
 6606  8329
 6611  8336
 6614  8328
 6616  8327
 6619  8377
 6620  8389
 6621  8332
 6622  8376
 6623  5565
 6628  8353
 6631  8348
 6634  8372
 6643  8379
 6648  8508
 6650  8032
 6656  8429
 6659  8397
 6662  8398
 6667  8500
 6668  8412
 6670  8032
 6672  8422
 6676  8426
 6689  8537
 6690  8440
 6691  8441
 6694  8444
 6702  8482
 6704  8581
 6707  8459
 6708  8460
 6712  8465
 6713  8461
 6716  8474
 6719  8581
 6724  8454
 6726    48
 6727  8483
 6733  8466
 6740  8470
 6745  8487
 6749  8097
 6756  8337
 6761  8525
 6763  8580
 6774  8506
 6778  7398
 6781  8509
 6784  8515
 6792  8523
 6794  8522
 6798  8557
 6799  8529
 6800  8526
 6808  8540
 6810  8648
 6813  8547
 6818  8550
 6819  8409
 6838  8689
 6840  8661
 6841  8607
 6846  9478
 6848  8601
 6852  8663
 6854  8612
 6857  8583
 6860  8627
 6864  8758
 6868  8642
 6875  8646
 6883  8671
 6886  8668
 6887  8736
 6890  8787
 6892  8416
 6893  8674
 6896  8677
 6898  8738
 6899  8687
 6906  8854
 6908  8700
 6910  8704
 6917  8709
 6923  8718
 6929  8451
 6935  8718
 6937  8639
 6940  8500
 6946  8737
 6950  8732
 6952  8871
 6954  8742
 6967  8751
 6968  8830
 6969  8749
 6973  8755
 6975  8607
 6976  8763
 6979  8488
 6995  7025
 6995  8891
 6996  8843
 6999  8782
 7002  8783
 7005  8790
 7006  8788
 7009  8511
 7010  8849
 7012  8792
 7025  8807
 7032  8829
 7035  8991
 7036  8993
 7038  8833
 7043  8450
 7054  8995
 7057  7437
 7061  9005
 7063  8489
 7068  8859
 7069  8869
 7074  8899
 7082  8886
 7086  8895
 7098  8919
 7099  9047
 7101  8757
 7103  9054
 7104  8922
 7106  8507
 7110 12580
 7112  8936
 7114  8625
 7120  8943
 7123  9080
 7128  8616
 7129  8968
 7131  9102
 7134  9090
 7139  9099
 7140  9098
 7142  8979
 7146  8560
 7156  8543
 7160  9106
 7162  9125
 7164  9002
 7166  9132
 7167 12134
 7170  9119
 7171 19203
 7173  5626
 7173  9084
 7178  9094
 7181  8645
 7182  9138
 7183  9149
 7186  9024
 7187  9168
 7193  9186
 7194  9173
 7195  9181
 7196  9169
 7197  9178
 7198  9170
 7205  9272
 7210  9188
 7213  9177
 7214  9215
 7216  9037
 7219  9183
 7220  9224
 7222  9203
 7227  9219
 7229  9238
 7230  9239
 7232  9100
 7235  9104
 7237  9194
 7238  9193
 7240  9050
 7244  9202
 7245  9255
 7248  9253
 7249  9206
 7250  9056
 7251  9198
 7254  9227
 7255  9211
 7257  9217
 7259  9226
 7260  9129
 7266  9235
 7267  9221
 7269  9224
 7270  9207
 7271  8647
 7275  9262
 7278  9069
 7282  9036
 7288  9221
 7289  9234
 7291  9074
 7293  9270
 7295  9308
 7297  9077
 7298  8568
 7300  9231
 7301  9329
 7310  9302
 7312  9265
 7313  9082
 7317  9334
 7318  9325
 7322  9332
 7324  9171
 7326  9343
 7329  8735
 7330  9308
 7331  9279
 7335  9298
 7340  9143
 7348  9330
 7351  9242
 7352  9289
 7353  9338
 7357  9299
 7358  9368
 7359  9306
 7360  8574
 7362  9350
 7364  9296
 7365  9372
 7368  9294
 7369  9307
 7377  9107
 7379  9295
 7380  9312
 7382  9389
 7385  9386
 7387  9395
 7389  9282
 7397  9317
 7399  9314
 7401  9382
 7403  9359
 7404  9249
 7411  9319
 7412  9409
 7415  9374
 7417  9369
 7420  9408
 7423  9402
 7425  9415
 7427  8617
 7430  9303
 7434  9405
 7436  9428
 7438  9433
 7439  9429
 7450  9373
 7453  9281
 7456  9352
 7460  9432
 7469  9240
 7472  9344
 7478  9097
 7484  9473
 7485  9479
 7486  9480
 7486 17415
 7487  9481
 7488  9508
 7491  9474
 7494  9390
 7495  8900
 7497  8901
 7500  9463
 7501  8695
 7512  8882
 7514  9335
 7516  9397
 7518  9499
 7520  9489
 7532  9494
 7533  9510
 7536  9426
 7538  8949
 7539  9396
 7540  9513
 7542  9514
 7543  9521
 7546  9507
 7548 10153
 7549  9518
 7551  9431
 7553  8988
 7554  9517
 7556  9439
 7565  8973
 7567  9519
 7568  9530
 7571  9539
 7572  9532
 7575  8974
 7576  9457
 7584  9469
 7585  9549
 7590  9040
 7592  9483
 7595  9012
 7596  9491
 7597  9535
 7603  9491
 7606  9567
 7608  9559
 7611  9584
 7613  9577
 7615  9569
 7616  9520
 7619  9590
 7620  9525
 7621  9526
 7622  9587
 7623  9516
 7624  9575
 7628  9101
 7635  9599
 7639  9528
 7642  9502
 7646  9604
 7648  9548
 7651  9602
 7653  8987
 7654  9554
 7655  9540
 7659  9619
 7661  9555
 7665  9615
 7669  9458
 7672  9628
 7676  9556
 7679  9560
 7680  9563
 7681  9637
 7683  9647
 7686  9571
 7691  9649
 7695  9626
 7700  9538
 7703  9557
 7708  9260
 7711  9672
 7712  9596
 7713  9573
 7714  9674
 7717  9688
 7719  9685
 7720  9670
 7723  9413
 7724  9209
 7728  9598
 7729  9618
 7730  9692
 7733  9634
 7735  9713
 7737  9624
 7739  9699
 7745  9632
 7746  9633
 7748  9720
 7751  9732
 7756  9616
 7763  9621
 7764  9736
 7768  9364
 7769  9728
 7770  9741
 7774  9656
 7775  9648
 7778  9644
 7779  9650
 7781  9613
 7782  9740
 7784  9642
 7785  9737
 7788  9406
 7789  9680
 7791  9659
 7792  9757
 7794  9759
 7795  9668
 7796  9751
 7797  9669
 7802  9772
 7803  9677
 7804  9673
 7808  9544
 7810  9675
 7812  9335
 7823 18498
 7824  9801
 7827  9746
 7830  9795
 7831  9711
 7832  9706
 7835  9702
 7837  9719
 7838  9700
 7839  9798
 7840  9802
 7843  9676
 7844  9715
 7845  9729
 7847  9704
 7850  9715
 7850  9724
 7852  9709
 7853  9721
 7854  9723
 7857  9622
 7859  9808
 7860  9805
 7863  9735
 7866  9749
 7867  9840
 7870  9742
 7876  9758
 7877  9753
 7880  9771
 7886  9774
 7889  9769
 7899  9878
 7900  9865
 7906  9744
 7909  9873
 7911  9766
 7913  9856
 7915  9888
 7916  9768
 7919  9629
 7921  9849
 7922  9764
 7923  9813
 7925  9781
 7929  9780
 7933  9890
 7934  9800
 7935  9827
 7936  9909
 7939  9904
 7942  9920
 7947  9924
 7949  9915
 7950  9848
 7951  9836
 7954  9902
 7956  9927
 7957  9910
 7963  9914
 7964  9909
 7965  9935
 7968  9854
 7971  9819
 7974  9823
 7975  9824
 7977  9897
 7979  9876
 7980  9872
 7981  9842
 7983  9830
 7985  9806
 7986  9851
 7987  9960
 7989  9822
 7990  9908
 7998  9820
 7999  9976
 8000  9861
 8003  9683
 8005  9975
 8008  9828
 8010  9892
 8013  9864
 8020  9863
 8022 10011
 8033  9916
 8036 10003
 8037 10043
 8039 10012
 8043  9900
 8044  9930
 8047 10029
 8050 10028
 8051  9977
 8052 10061
 8057 10064
 8062 10032
 8063  9607
 8071  9939
 8072 10098
 8073 10049
 8076  9958
 8077 10071
 8079 10073
 8080 10104
 8088  2885
 8089 10122
 8095  9833
 8096  9903
 8097  9954
 8100 10094
 8101 10114
 8103 10075
 8104 10070
 8107 10118
 8108  9961
 8109 10095
 8113  9922
 8114 10037
 8116  9979
 8118 10108
 8119 10146
 8120 10080
 8121 10200
 8123 10089
 8127 10153
 8129 10087
 8133  9988
 8135  9995
 8136 10102
 8140 10072
 8141 10038
 8143 10086
 8146  9963
 8148 10062
 8150 10083
 8153 10044
 8158 10063
 8159 10092
 8163  9946
 8164 10103
 8169 10235
 8172 10021
 8173 10008
 8175 10123
 8176 10124
 8177 10240
 8179 10231
 8180 10233
 8181 10217
 8182  9982
 8183 10084
 8186 10081
 8187 10090
 8191 10025
 8192 10045
 8193 10191
 8195 10024
 8196 10229
 8197 10186
 8198 10109
 8201 10140
 8205 10263
 8209 10230
 8215 10152
 8218 10287
 8224 10279
 8226 10147
 8227 10185
 8229 10144
 8231 10039
 8236 10042
 8240 10183
 8247 10190
 8251 10251
 8254 10198
 8258 10266
 8259 10182
 8262 10249
 8264 10227
 8266 10274
 8268 10283
 8271 10136
 8273 10194
 8276 10249
 8284 10267
 8285 10149
 8286 10259
 8290 10309
 8292 10113
 8293 10338
 8295 10328
 8296 10238
 8298 10297
 8300 10280
 8301 10226
 8303 10211
 8304 10294
 8306 10305
 8307 10333
 8312 10286
 8315 10242
 8317 10228
 8318 10252
 8319 10268
 8320 10239
 8323 10296
 8325 10326
 8328 10306
 8329 10361
 8330 10295
 8331 10278
 8335 10216
 8338 10340
 8340 10344
 8347 10355
 8349 10368
 8352 10354
 8355 10385
 8358 10255
 8360 10391
 8363 10311
 8368 10386
 8369 10272
 8372 10396
 8375 10401
 8379 10413
 8380 10405
 8385 10293
 8388 10299
 8392 10298
 8393 10428
 8395 10388
 8396 10356
 8401 10315
 8402 10395
 8404 10324
 8405 10320
 8410 10375
 8411 10394
 8412 10440
 8415 10442
 8417 10445
 8419 10336
 8420 10435
 8421 10337
 8422 10381
 8425 10402
 8426 10374
 8428 10419
 8433 10390
 8436 10347
 8443 10350
 8450 10399
 8455 10446
 8457 10421
 8459 10365
 8462 10370
 8464 10382
 8468 10490
 8469 10474
 8470 10370
 8472 10478
 8476 10487
 8482 10448
 8484 10432
 8486 10389
 8489 10339
 8495  1991
 8500 10427
 8503 10506
 8507 10504
 8510 10459
 8513 10420
 8515 10483
 8518 10496
 8520 10515
 8522 10492
 8530 10509
 8531 10497
 8536 10444
 8537 10531
 8544 10456
 8549 10526
 8553 10472
 8556 10524
 8557 10481
 8562 10533
 8566 10544
 8573 10530
 8578 10538
 8590 10571
 8602 10527
 8607 10553
 8612 10554
 8614 10586
 8617 10541
 8618 10596
 8622 10592
 8623 10546
 8628 10593
 8629 10567
 8635 10615
 8636 10602
 8639 10594
 8640 10606
 8641 10601
 8646 10617
 8647 10603
 8652 10589
 8653 10561
 8672 10521
 8679 10630
 8685 10626
 8686 10621
 8691 10658
 8698 10660
 8701 10614
 8703 10619
 8705 10657
 8708 10647
 8714 10563
 8715 10644
 8716 10666
 8734 10667
 8735 10675
 8736 10576
 8738 10677
 8745 10653
 8746 10646
 8749 10689
 8749 12310
 8750 10678
 8752 10696
 8754 10662
 8756 10703
 8757 10680
 8758 10707
 8764 10714
 8766 10693
 8767 10695
 8770 10700
 8775 10705
 8776 10690
 8777 10712
 8779 10673
 8781 10732
 8784 10674
 8785 10721
 8786 10706
 8791 10713
 8794 10711
 8797 10708
 8799 10727
 8811 10755
 8815 10742
 8816 10729
 8819 10716
 8824 10774
 8834 10773
 8843 10764
 8850 10803
 8853 10802
 8854 10787
 8855 10783
 8857 10809
 8859 10814
 8862 10770
 8864 10785
 8869 10824
 8870 10818
 8872 10826
 8873 10816
 8875 10833
 8878 10758
 8879 10846
 8881 10811
 8886 10857
 8890 10839
 8891 10825
 8892 10749
 8895 10844
 8899 10871
 8901 10878
 8904 10756
 8905 10840
 8906 10808
 8908 10756
 8909 10880
 8910 10777
 8911 10854
 8912 10875
 8913 10853
 8914 10855
 8915 10859
 8916 10863
 8917 10910
 8919 10867
 8920 10832
 8921 10907
 8923 10779
 8926 10919
 8928 10908
 8931 10926
 8934 10904
 8937 10891
 8939 10933
 8941 10799
 8946 10913
 8947 10914
 8948 10798
 8949 10943
 8952 10928
 8956 10813
 8958 10921
 8961 10939
 8963 10938
 8967 10930
 8970 10820
 8971 10987
 8972 10947
 8974 10963
 8979 10966
 8983 10968
 8985 10842
 8986 10828
 8988 10948
 8989 10830
 8990 10975
 8991 10958
 8997 10957
 8998 10967
 8999 10960
 9000 10884
 9001 10852
 9002 10974
 9003 10976
 9005 10942
 9009 10954
 9010 11016
 9010 11017
 9013 11027
 9015 10984
 9019 10986
 9021 10993
 9026 10964
 9027 10997
 9029 11028
 9032 10925
 9034 11008
 9037 11058
 9039 10946
 9041 11025
 9042 10912
 9046 11053
 9048 11067
 9049 11042
 9051 11085
 9052 11043
 9053 11041
 9057 10972
 9062 11060
 9063 11066
 9064 10953
 9065 11038
 9067 11045
 9068 11034
 9072 10972
 9078 11054
 9079 11044
 9080 11101
 9082 11093
 9087 11110
 9089 11074
 9091 11068
 9093 11011
 9094 11155
 9095 11002
 9096 11004
 9097 11087
 9099 11108
 9103 11138
 9104 11120
 9106 11109
 9107 11122
 9110 11107
 9117 11135
 9121 11153
 9126 11096
 9127 11124
 9129 11199
 9131 11125
 9133 11142
 9135 11115
 9137 11009
 9138 11117
 9139 11196
 9140 11209
 9144 11214
 9147 11216
 9151 11061
 9153 11197
 9156  5606
 9160 11030
 9173 11281
 9174 11171
 9178 11121
 9180 11222
 9182 11098
 9186 11254
 9192 11119
 9193 11229
 9198 11205
 9199 11526
 9201 11131
 9207 11236
 9208 11200
 9211 11218
 9223 11326
 9225 11327
 9227 11257
 9230 11248
 9232 11288
 9234 11272
 9236 11251
 9238 11288
 9239 11310
 9240 11232
 9241 11259
 9245 11339
 9248 11279
 9250 11293
 9255 11261
 9257 11268
 9261 11258
 9262 11316
 9263 11265
 9267 11278
 9270 11273
 9271 11242
 9273 11277
 9276 11372
 9277 11341
 9281 11300
 9285 11345
 9290 11256
 9299 11412
 9303 11311
 9313 11260
 9316 11296
 9320 11379
 9325 11437
 9326 11351
 9327 11394
 9332 20509
 9334 11439
 9344 11387
 9347 11349
 9349 11450
 9353 11409
 9362 11427
 9366 11417
 9368 11501
 9373 11355
 9382 11363
 9391 11367
 9397 11546
 9400 11364
 9405 11503
 9411 11486
 9416 11371
 9420 11560
 9422 11547
 9426 11420
 9434 11534
 9435 11371
 9444 11448
 9446 11583
 9447 11502
 9448 11370
 9453 11519
 9454 11424
 9468 11577
 9469 11558
 9476 11500
 9477 11507
 9479 11331
 9486 11513
 9487 11383
 9490 11386
 9497 11642
 9498 11408
 9500 11611
 9506 11584
 9508 11499
 9509 11651
 9510 11666
 9517 11559
 9519 11578
 9523 11631
 9527 11441
 9528 11532
 9529 11443
 9530 11681
 9538 11664
 9539 11461
 9540 11618
 9541 11467
 9542 11430
 9547 11695
 9548 11580
 9550 11574
 9554 11588
 9556 11587
 9561 11624
 9565 11410
 9566 11731
 9570  2096
 9573 11684
 9575 11433
 9575 11468
 9576 11697
 9581 11702
 9582 11465
 9584 11404
 9587 11479
 9588 11416
 9591 11402
 9596 11658
 9597 11741
 9599 11446
 9604 11661
 9606 11373
 9612 11719
 9613 11421
 9624 11405
 9626 11730
 9628 11518
 9629 11768
 9632 11689
 9637 11767
 9638 11575
 9639 11517
 9642 11433
 9644 11698
 9645 11738
 9647 11762
 9652 11774
 9655 11601
 9657 11466
 9658 11550
 9677 11700
 9680 11798
 9684 11536
 9690 11763
 9691 11556
 9692 11742
 9693 11806
 9694 11766
 9696 11648
 9701 11477
 9704 11812
 9708 11455
 9709 11626
 9710 11764
 9715 11550
 9716 11769
 9718 11740
 9719 11665
 9723 11787
 9726 11665
 9728 11834
 9731 11512
 9733 11838
 9739 11617
 9743 11800
 9747 11832
 9749 11562
 9754 11530
 9759 11794
 9764 11835
 9769 11793
 9774 11847
 9776 11772
 9777 11824
 9780 11858
 9782 11814
 9784 11852
 9788 11868
 9789 11792
 9792 11788
 9807 11853
 9809 11855
 9814 11901
 9821 11883
 9826 11911
 9829 11909
 9831 11913
 9834 11933
 9837 11879
 9838 11923
 9839 11902
 9843 11906
 9845  1829
 9846 11898
 9848 11905
 9849 11870
 9850 11844
 9852 11903
 9861 11861
 9865 11929
 9867 11937
 9872 11980
 9876 11964
 9880 11944
 9882  3884
 9885 11949
 9888 11942
 9889 11962
 9892 11884
 9894 11970
 9896 11951
 9897 12018
 9899 11986
 9903 12027
 9906 12008
 9908 11973
 9916 11943
 9920 11979
 9925 11926
 9933 11984
 9935 11945
 9938 11994
 9943 12072
 9944 11955
 9953 11975
 9954 11948
 9957 12073
 9958 12034
 9959 12036
 9969 12055
 9971 12051
 9972 12011
 9973 12100
 9980 12003
 9984 12058
 9985 12115
 9987 11974
 9988 12069
 9993 12085
 9994 12143
10001 12094
10009 12049
10011  2564
10020 12038
10024 12118
10028 12171
10030 12132
10031 12076
10034 12135
10035 12176
10037 12039
10048 12040
10063 12086
10076 12104
10079 12065
10081 12212
10082 12043
10085 12167
10087 10339
10091 12219
10094 12088
10097 12182
10101 12232
10102 12173
10110 12097
10120 12192
10127 12126
10132 12189
10134 12124
10135 12223
10150 12228
10152 12163
10155 12252
10157 12240
10159 12095
10162 12277
10163 12172
10175 12156
10176 12180
10178 12248
10180 12226
10190 12263
10200 12260
10203 20314
10207 12211
10208 12271
10212 12227
10225 12321
10235 12214
10240 12259
10243 12255
10244 12379
10249 12253
10251 12280
10253 12298
10258 12305
10267 12273
10276 12415
10279 12406
10282 12452
10284 12267
10287 12339
10290 12514
10293 12269
10298 12399
10300 12328
10302 12475
10306 12420
10307 12389
10312 12229
10313 12189
10317 12290
10319 12358
10323 12433
10326 12290
10334 12414
10336 12245
10341 12314
10342 12216
10346 12308
10347 12540
10348 12573
10349 12304
10350 12441
10351 12331
10353 12325
10354 12320
10355 12309
10357 12317
10358 12351
10359 12553
10361 12326
10364 12388
10367 12590
10370 12517
10371 12366
10373 12592
10377 12492
10379 12346
10381 12405
10385 12344
10387 12550
10388 12384
10395 12458
10398 12518
10399 12468
10401 12632
10403 12545
10404 12360
10408 12374
10409 12457
10413 12477
10414 12641
10415 12483
10417 12533
10420 12642
10421 12638
10424 12486
10427 12508
10429 12459
10430 12495
10431 12506
10433 12490
10434 12439
10437 12491
10438 12497
10441 12666
10444 12446
10447 12407
10448 12627
10450 12542
10453  5335
10454 17656
10458 12532
10459 12435
10461 12692
10467 12556
10468 12544
10469 12704
10472 12672
10473 12672
10475 12559
10476 12564
10477 10038
10478 12564
10479 12675
10480 12659
10481 10048
10486 12488
10489 12512
10493 12585
10494 12577
10498 12740
10504 12481
10512 12715
10515 11435
10517 12617
10522 12702
10525 12463
10526 12735
10530 12614
10531 12575
10534 12640
10535 12610
10544 12694
10545 12599
10548 12612
10553 12663
10557 12588
10560 12598
10564 13930
10565 12603
10568 12805
10571 12804
10573 12673
10574 12717
10575 12651
10580 12697
10586 12566
10587 12778
10590 12695
10597 12658
10607 12660
10613 12762
10621 12674
10625 12839
10628 12689
10629 12826
10632 12744
10633 12801
10635 12743
10638 12742
10640 12696
10641 12708
10643 12843
10646 12784
10647 12644
10648 12779
10649 12711
10650 12738
10652 12714
10653 12798
10656 12794
10666  3104
10667 12866
10668 12852
10675 12802
10678 12942
10688 12885
10689 12986
10700 12819
10708 12956
10712 12821
10714 12814
10715 12872
10725 12855
10726 12891
10728 12841
10732 12780
10733 12924
10734 13030
10735 12922
10741 12974
10742 12911
10743 13071
10747 12862
10750 12883
10752 12892
10755 12928
10756 12984
10757 12877
10760 12888
10765 13102
10767 12948
10773 12893
10774 13111
10775 13103
10776 13013
10781 12910
10782 12890
10783 12842
10784 13044
10790 13136
10791 12919
10792 12939
10796 13128
10797 13036
10799 12915
10803 12912
10806 12955
10809 12932
10816 13003
10823 13020
10824 12937
10825 13188
10828 12950
10831 13189
10832 13201
10833 13206
10837 13211
10838 13235
10841 13177
10851 12935
10853 13018
10855 13245
10857 13063
10859 13226
10860 13185
10861 13261
10862 13058
10864 12931
10865 13017
10866 13257
10869 13242
10880 13166
10887 13085
10892 13272
10897 13073
10901 13130
10903 13118
10905 13153
10906 13305
10907 13345
10914 13301
10917 13387
10920 13254
10921 13115
10924 13409
10925 13069
10927 13090
10930 13416
10933 13429
10936 13430
10937 13361
10938 13140
10942 13183
10953 13394
10954 13449
10959 13159
10964 13160
10966 13460
10968 13184
10970 13106
10973 13181
10976 13180
10977 13342
10979 13175
10980 13191
10982 13331
10983 13441
10988 13249
10989 13278
10991 13221
10994 13533
10996 13292
10998 13309
10999 13277
11000 13263
11002 13270
11005 13108
11006 13124
11009 13316
11010 13563
11015 13220
11019 13233
11023 13299
11025 13576
11026 13413
11030 13241
11032 13424
11035 13343
11037 13297
11038 13145
11040 13348
11043 13202
11046 13389
11053 13334
11060 13562
11063 13217
11064 13511
11066 13382
11068 13486
11069 13332
11070 13304
11073 13525
11075 13419
11081 13325
11082 13461
11084 13379
11086 13435
11087 13320
11088 13531
11094 13516
11096 13227
11106 13380
11110 13116
11112 13407
11113 13687
11115 13142
11117 13691
11118 13548
11124 13285
11125 13572
11127 13150
11128 13720
11135 13444
11139 13448
11140 13482
11142 13490
11155 13295
11158 13500
11160 13371
11165 13573
11166 13077
11167 13494
11168 13770
11169 13527
11170 13781
11172 13784
11173 13481
11176 13538
11180 13462
11182 13501
11185 13091
11191 13495
11194 13569
11197 13138
11202 13543
11203 13541
11206 13540
11208 13611
11209 13721
11211 13831
11214 13559
11217 13564
11220 13805
11224 13445
11230 13635
11236 13396
11239 13869
11241 13549
11243 13669
11246 13806
11247 13551
11250 13567
11252 13618
11256 13690
11259 13810
11261 13616
11270 13637
11271 13832
11272 13681
11273 13838
11275 13728
11277  1019
11279 13610
11280 13946
11287 13607
11289 13959
11295 13631
11297 13629
11298 13978
11299 13881
11308 13786
11314 13896
11325 13738
11327 13924
11329 14018
11331 13760
11332 13645
11333 13811
11335 14026
11336 14039
11338 13574
11340 13949
11349 13574
11351 13981
11362  3388
11363 13982
11369 13731
11370 12233
11371 13915
11373 13679
11377 13735
11380 13680
11382 14138
11385 14013
11388 14046
11405  4152
11408 14166
11408 15583
11412 14163
11418 14065
11423 14084
11429 13736
11432 14110
11469 13709
11479 14162
11482 14835
11494 14255
11499 13748
11511 14328
11512  8540
11554 14397
11558 14856
11572 14811
11583 14856
11585 14217
11607 13840
11617 14856
11621 12757
11630 14507
11642 14904
11660 14963
11669 14430
11684 14973
11686 14928
11691 14975
11693 19246
11694 14551
11700 15007
11705 14475
11711 14502
11716 14469
11719 14494
11729 17237
11739 15906
11754 15092
11755 14603
11794 14567
11799 14581
11807 14646
11820 15128
11822 14627
11844 15224
11846 15234
11853 11096
11854 14639
11855 14676
11861 15242
11876 14737
11910 17056
11912 14592
11913 16605
11921 15330
11926 14870
11959 14808
11966   795
11973 15428
11986 15444
11997 14867
12003 14992
12016 15446
12028 14810
12031 15066
12036 15492
12046 14902
12050 14735
12068 15113
12071 15494
12083 15465
12099 15154
12107 14983
12108 15544
12110 15439
12115 15581
12122 15558
12151 15225
12162 15612
12177 15662
12195 15461
12208  6485
12208 15657
12214 15682
12236 15653
12240 15303
12243 15717
12275 15363
12279 15750
12285 15736
12307 15820
12315 15758
12316 15165
12330  5413
12380 15668
12387 15512
12414 15760
12436 15845
12464 15776
12470 15776
12478 15843
12485 15764
12497 15879
12501 15880
12506 15881
12514 16015
12527 16011
12593 16112
12610 16000
12613 15982
12627 16070
12653 16038
12709 16109
12720 16361
12722 16059
12742 16194
12750 16157
12768 16260
12779 16368
12781 16336
12808 16248
12810 16241
12813 15133
12823 16407
12839 15431
12856 16470
12861 16324
12867  6513
12871 16468
12883 16371
12890 16498
12894 16439
12918 18726
12920 16532
12928 16543
12930 16393
12948 16543
12948 16578
12961 16545
12977 16668
12982 16589
12993 16560
12996 16464
13012 16617
13021 16775
13026 16645
13048 16701
13063 16724
13076 16815
13083 16603
13087 16810
13096 16829
13097 16812
13103 16839
13105 16837
13127 16656
13133 16864
13142 16766
13145 16766
13154 16781
13168 16793
13169 16855
13240 16907
13243 16242
13278 16893
13280 16972
13289 16413
13302  7584
13346 17030
13364 17134
13366 17038
13382 16443
13405 17093
13449 17162
13457 17202
13476 16623
13482 17183
13487 17189
13491 17196
13512  7356
13516 17236
13571 17430
13597 17336
13598 17254
13601 17255
13610 17412
13620 16929
13632 17372
13673 17473
13696 17410
13702 17419
13733 17362
13747 17572
13749 17556
13754 17513
13769 17565
13835 17113
13839 17784
13840 17591
13845 17660
13854 17632
13855 17826
13867 17769
13868 17831
13893 17152
13918 17902
13954 17813
13962 17988
13979 17961
13984 17969
13989 17818
14001 17992
14005 17860
14013 17992
14021 17909
14023 18089
14030 17903
14031 18071
14037 18056
14048 18084
14054 18086
14071 18153
14077 18100
14081 18169
14087 18079
14106 18171
14108 18163
14142 18186
14171 18070
14192 18337
14210 18322
14223 18218
14226 18354
14270 18454
14272 18294
14304 18372
14319 18395
14362 18461
14400 18540
14406 18530
14409 16334
14439 18673
14467  4502
14495 18671
14508 18664
14508 18695
14523 16412
14538 19193
14543 18783
14582 18727
14582 18759
14610  5453
14660 19026
14765  3131
14776 19213
14810 19221
14819 19290
14821 16412
14832 19271
14845 19301
14863 19193
14878 19244
14880 19429
14883 19376
14897 14029
14902 19285
14906 19430
14911 19433
14923 19282
14939 19508
14959 19527
14971 19555
14985 19261
14997 19281
15017 19384
15020 19613
15025 19575
15027 19384
15036 19628
15047 19739
15072 19280
15093 12566
15101 19706
15112 18488
15117 19754
15189 19872
15229 19914
15276 19979
15284 10240
15294  8946
15322 19966
15329  5448
15338 20037
15420 10221
15421 18907
15473 18007
15484 20175
15493 20160
15537 20318
15554 20334
15573 16985
15588 20418
15788 15347
16079 17574
16151 19193
16233 17988
16329 17902
16369 10367
16520 15147
16522 18152
16576 18472
16643  1515
16755  2337
16775 15079
16829 14091
17024 16857
17059  3898
17121 15961
17150 16721
17177 18470
17178 15509
17193 18727
17237 16015
17344 19723
17569 17951
17610 16551
17654 17473
17656  4484
17738 18501
17812  4496
17848 18023
17854 16801
17888 20406
17896 15119
17902 20521
17927  3912
17963 19307
18072 19915
18099  2141
18145 19285
18170 13218
18264 16026
18274 15845
18301 16701
18366 11037
18436   429
18560  8960
18640  8987
18724 17962
18799 12822
18808 10456
19083 16412
19093  8643
19137 12724
19237 14438
19300 16115
19318  2872
19449 12744
19486 16543
19659  1770
19682 13496
19837  7111
19849 16100
20010  6867
20185  6631
20399 14161
20615 10824
20629  6589
20647   131
20712  2652
20717  8707
20769  8830
20835 15530
20850  6589
20952  5637
20963 18719
20976  7868
21051 13022
21090  2009
21247  1770
21301   790
21305  7494
21453 15845
21486  9628
21538 19535
21674 12320
21768 17169
21852 11609
21857  2959
21920 11099
21969 18337
21990  9737
22001 11185
22031 19284
22193 18726
22222  2141
22231  9612
22243 11055
22353  3380
22438  6668
22555  1865
22555  4502
22574 16489
22650 19182
22819  4774
22916 16575
23018 16273
23073 16420
23119 20288
23145 17515
23226 10314
23243  8875
23284 19604
23375 17412
23407  8875
23469 16397
23577  1562
23579 18759
23628  6157
23668 16412
23680   381
23725  4574
23910 17944
23924 19213
23957 11718
24019 20406
24056 19482
24073 14289
24142 13889
24243 19486
24283  4093
24294  2777
24407 16420
24411  5780
24443 16399
24451 14999
24464 11194
24535  3130
24537  7598
24547 13094
24803  4811
24896  6285
24981 14404
24989 15079
25037  9408
25170 19756
25188 19871
25348 19153
25349 15298
25357 10086
25453 18336
25573 16427
25612  2558
25638 16916
25823  6025
25938  1837
25992  1935
26042 13558
26067 17964
26095  2959
26112 20428
26189  8096
26228 19378
26230 20457
26241 20521
26250    36
26266 20473
26275   855
26278 20482
26292 20506
26295 20479
