   12  8634
   13 15421
   15 13858
   24 17415
   42    25
   65  4932
  101 16883
  174  5237
  196  7182
  211  4854
  212  8495
  213  8493
  228 16007
  243  5329
  259  4052
  268  4876
  271  5355
  277  5355
  281  5355
  291  5364
  303  4860
  312  5112
  314  4858
  317  3194
  320  5386
  342  4512
  373  3390
  400 14123
  432    22
  466  6298
  488  1399
  526  4340
  547   382
  559  1849
  598  5023
  624 11532
  679 17380
  731 12470
  742  5313
  743  5313
  745  4902
  777  3958
  778 12893
  801 10849
  830 13287
  836   186
  881 15213
  923   412
 1002  1749
 1010  5234
 1070  5242
 1079  5348
 1086  8276
 1110 17196
 1240 11153
 1256  5311
 1350  5359
 1446  5425
 1478 15427
 1530  3633
 1559  8079
 1724  5368
 1847  9617
 1850  5695
 1887  5579
 1904 14580
 1918  5634
 1992  5873
 2001  4584
 2053  5819
 2065  5822
 2076  2379
 2095  5935
 2106  5958
 2125  4084
 2142  5992
 2149  8075
 2151  5993
 2154  5876
 2158  5745
 2182  5888
 2187  5786
 2194  5803
 2219  5816
 2242  5826
 2252  5828
 2256  5922
 2267  5945
 2285  5981
 2325  5983
 2352  3379
 2363  6027
 2387  6051
 2390  5919
 2391  6050
 2396 10993
 2407 16017
 2408  6076
 2414  6081
 2420  6087
 2462  6114
 2469 15438
 2481  1849
 2483  7548
 2493  6457
 2512 16892
 2534  6299
 2535 12468
 2537  6318
 2608  6401
 2637  6260
 2650  9877
 2665  6429
 2681   186
 2693  6734
 2708  6278
 2721 16668
 2759  6235
 2775 12041
 2792  6324
 2807  6326
 2820  6224
 2823  6342
 2824  6343
 2829  6368
 2842  6276
 2867  6353
 2921  6300
 2934  6298
 2951  6416
 2971  6453
 3007  6328
 3028  6331
 3067  6355
 3086  6774
 3099  6491
 3125  6396
 3135  6632
 3144  6546
 3157  6413
 3185  6418
 3197  6555
 3203  6441
 3206  6591
 3209  6443
 3211  6436
 3215  9878
 3221  6787
 3235 15494
 3243  6618
 3249  6588
 3254  6459
 3256  6590
 3269  6595
 3271  6581
 3285  1946
 3291  6713
 3298  6626
 3306  6475
 3316  6713
 3322  6642
 3348  6492
 3356  6860
 3364  7947
 3371  5004
 3389  6518
 3397  6527
 3443  6908
 3492  6915
 3522  6586
 3529  6901
 3531  6794
 3550  6764
 3556  6736
 3599  6864
 3602  4996
 3606  6808
 3610  6831
 3613  6924
 3626  6852
 3627  6853
 3633  6732
 3642  6881
 3647  6882
 3653  6851
 3655  6838
 3665  6856
 3668  6918
 3672  6884
 3675  6917
 3676  7107
 3681 10892
 3689  1613
 3692  3837
 3696  1849
 3706  6907
 3710 15208
 3799   538
 3839  7036
 3864  7067
 3867 16857
 3892  7699
 3894  7078
 3897  7041
 3900 13842
 3916    45
 3920  7073
 3925  7084
 3941   269
 3971  7045
 3976  7115
 3979  7111
 3988  2923
 4010  7074
 4030  7093
 4032  7095
 4036  7094
 4046  7110
 4091  7211
 4097  7202
 4098  7203
 4100 15283
 4101  7135
 4109  3055
 4125  7252
 4126  7154
 4128  7254
 4134  4605
 4136  7254
 4141 16083
 4156  7160
 4187  9647
 4213  7281
 4217  7190
 4220  7208
 4222  7326
 4226  7270
 4237  7198
 4244  7334
 4254  7231
 4255  7236
 4258  7215
 4266  7237
 4268  7242
 4271  7301
 4306  7249
 4316  7251
 4328  7284
 4357  1954
 4368  7411
 4384  7300
 4389  7306
 4392  7413
 4424  7456
 4432  7340
 4444  2209
 4461  7389
 4466  7470
 4474  7475
 4482  7453
 4485  7460
 4520   289
 4542  7377
 4554  7398
 4570  7407
 4571  7385
 4573  7517
 4587  7516
 4621  7537
 4668 15440
 4711  9358
 4741  2950
 4768  7580
 4784  7674
 4789  7643
 4794  7648
 4795  7645
 4807  7655
 4809  7657
 4810  7673
 4823  7721
 4837  7716
 4854  7714
 4863  7639
 4869  7639
 4876  7723
 4882  7739
 4886  7742
 4902  7742
 4908  7865
 4913  7802
 4918  7781
 4920  7787
 4926  7797
 4933  7805
 4934  7091
 4943  7811
 4953  7827
 4959  7840
 4962  2786
 4967  7844
 4969  7723
 4971  7841
 4979  7753
 4981  7855
 4995  7723
 4998  5857
 5006  7873
 5020  7907
 5025  7893
 5027  7886
 5035  7908
 5049  7924
 5103  8054
 5112  8000
 5122  8042
 5131  7986
 5150  8123
 5171  8037
 5173 12963
 5189  8967
 5200  3141
 5220  8148
 5275  7932
 5285  7590
 5287  8096
 5338  8110
 5342  8139
 5349  8283
 5370  8015
 5387  8104
 5399  8043
 5441  8220
 5459  8089
 5480  8248
 5491  8360
 5516  8187
 5531  8507
 5546  8124
 5552  8204
 5558  9591
 5611 15498
 5620  8507
 5627  8271
 5633  2332
 5656  8538
 5662  7892
 5706 13912
 5722  8305
 5724  8417
 5729  2655
 5730  3487
 5737 14683
 5744  8618
 5764  8598
 5765  8350
 5812  8397
 5829  6268
 5847  6884
 5854  6938
 5873  8525
 5888  8333
 5910  8449
 5930  8479
 5942 16875
 5950  8352
 5972  8453
 5973  8377
 5979  8365
 5997  8407
 6000  8139
 6002  8688
 6008  8694
 6012  8443
 6018 12174
 6019  8529
 6040  8139
 6043  8466
 6046  8804
 6047  8454
 6087  8558
 6093  8139
 6103  8567
 6106  9003
 6115  8728
 6127  8900
 6142  8766
 6154  8503
 6158  8751
 6160  8919
 6168  8751
 6178  9116
 6181  8704
 6217  8649
 6236  9116
 6296  9353
 6330 15528
 6334 14104
 6339  8905
 6346  8640
 6351 11652
 6357  8139
 6358  9129
 6361  8985
 6362  9113
 6363  8788
 6373  8139
 6385  8680
 6418  1743
 6430  8517
 6433  8772
 6434  8967
 6489  9308
 6515  9461
 6551  7442
 6585  9127
 6589  1226
 6602  9296
 6603  9224
 6622  9160
 6661  9286
 6669  9312
 6699  3778
 6702  9258
 6713  9137
 6726  9150
 6727  9474
 6729  9476
 6758  8793
 6761  9304
 6763 14823
 6776  9130
 6781  9200
 6798  9353
 6800  9212
 6806  7894
 6821  9372
 6872  5608
 6887  4802
 6898  9380
 6946  9406
 7065   286
 7074  9398
 7078  7963
 7113  9444
 7140  9460
 7158  9507
 7159  9512
 7160  9514
 7169  8669
 7179 10299
 7183  9513
 7184  2006
 7227  9537
 7230  9544
 7233  4051
 7252  7215
 7257  3626
 7259  5862
 7280  7726
 7297  9847
 7317  9565
 7337  9571
 7356  9584
 7425  9625
 7430  4328
 7431  9617
 7435  4153
 7438  9605
 7449  8941
 7464  9644
 7482  9745
 7485  9663
 7486  9665
 7487  9666
 7488  9775
 7491  9655
 7501  4177
 7514  9683
 7518  9684
 7533  1878
 7540  9699
 7543  9705
 7546  9721
 7554  9740
 7567  9800
 7571  9728
 7587  9744
 7606  9769
 7608  9792
 7621  9853
 7624  9807
 7625  9856
 7635  9795
 7646  9802
 7665  9817
 7691  9840
 7698  9851
 7711  9869
 7713  9893
 7716  9875
 7719  9879
 7730  9885
 7735  9894
 7739  9897
 7748  9909
 7750  9966
 7758  9940
 7764  9921
 7770  9925
 7781  9863
 7785  9948
 7794  9942
 7799  8067
 7801 10002
 7802  9941
 7804  8034
 7824  9967
 7826  9968
 7831 10043
 7833 10028
 7838 10009
 7840  9975
 7845 10029
 7853 10034
 7873 10004
 7882 10015
 7883 10012
 7889 10057
 7893 10032
 7898 10027
 7899 10048
 7903  9226
 7904  9981
 7911  9956
 7915 10062
 7916  9987
 7922  9806
 7923 10105
 7925  7470
 7936 10125
 7942 10076
 7947 10086
 7954 10137
 7956 10088
 7965 10094
 7968 10132
 7975 10031
 7980 10154
 7983  9997
 7987 10115
 7989 10037
 7999 10117
 8002 10118
 8008 10039
 8023 10185
 8026 10147
 8067 10907
 8071 10242
 8079  3019
 8080 10182
 8093 10245
 8113 10111
 8116 10252
 8120  2937
 8122 10281
 8146 10148
 8150  4880
 8151 11147
 8158 10356
 8164  5089
 8218 10501
 8245 10531
 8268 10566
 8283 10569
 8286 10564
 8290 10598
 8293 10570
 8297 15372
 8300 10576
 8323 10601
 8330 10606
 8335 10268
 8340 10644
 8351 10632
 8358 10315
 8360 10648
 8366 10297
 8368 10663
 8369 10322
 8375 10672
 8395 10700
 8404 10385
 8405 10401
 8412 10696
 8419 10458
 8420 10706
 8428 10713
 8436 10433
 8449 10830
 8468 10734
 8487 10751
 8507 10756
 8510  9987
 8511  1497
 8513 10699
 8518 10768
 8530 10772
 8547 10785
 8562 10804
 8576 10808
 8629 10878
 8635 10887
 8636 10874
 8680 17194
 8701 10914
 8703 10958
 8745 11041
 8746 11012
 8757 11069
 8776 11086
 8791 11134
 8797 11129
 8802 11139
 8804 11114
 8816 11163
 8819 11147
 8822 11177
 8824 10916
 8829 10965
 8837 11186
 8849 13299
 8895 11017
 8899 10987
 8905 11019
 8928 11053
 8934 11050
 8936 11283
 8947 11073
 8963 11087
 8967 11090
 8974 11082
 8978 11298
 8979 11085
 8981 12372
 8985  6501
 8990 11109
 8991 11106
 8997 11123
 8998 11117
 8999 11133
 9001 11455
 9002 11120
 9003 11127
 9008 11324
 9009 11335
 9021 11148
 9025   186
 9029 11167
 9030 11165
 9041 11178
 9046 11209
 9053 11190
 9054 11196
 9064  9715
 9080 11237
 9103 11261
 9128 11275
 9129 11270
 9140 11276
 9144 11278
 9146  6673
 9147 11277
 9151 10175
 9171 11296
 9188 11301
 9189 11304
 9190  9715
 9195  9883
 9218 11314
 9222 11322
 9225 11321
 9229  9641
 9236 11469
 9239 11332
 9240 11229
 9245 11326
 9260 11475
 9269 11353
 9274 11355
 9275 11361
 9278 14978
 9284 11517
 9285 11383
 9291 11532
 9314 11410
 9334 11426
 9362 11461
 9368 11467
 9376 11654
 9380 11484
 9384 11502
 9385 11489
 9393 11655
 9405 11526
 9426 11683
 9433 11536
 9434 11543
 9444 11696
 9446 11540
 9468 11587
 9471 15344
 9494 11724
 9497 11600
 9499 11605
 9500 11616
 9502 11620
 9517 11756
 9519 11764
 9520 11641
 9522 11759
 9523 11642
 9546 11798
 9547 11687
 9562 11649
 9573 11703
 9577 11701
 9596 11846
 9598 11812
 9601 11861
 9603  4715
 9612 11716
 9614  3061
 9618 11722
 9628  9715
 9637 11738
 9643 11754
 9658  2091
 9665 11760
 9693 11787
 9694 11801
 9698 11782
 9700 11789
 9704 11796
 9707 11804
 9711 11794
 9737 11990
 9748 11905
 9757 11850
 9769 12024
 9776 11999
 9778 12012
 9780  2280
 9780 11871
 9788 11898
 9794  2562
 9805 11910
 9807 11929
 9809 11914
 9817 12022
 9820 12040
 9831 11964
 9841 12081
 9843 11982
 9846 12034
 9849 12089
 9852 12039
 9863 12010
 9866 12111
 9867 12011
 9868 12108
 9880 12029
 9882  7329
 9888 12077
 9897 12082
 9908 12060
 9920 12068
 9935 12155
 9936 12080
 9944 12152
 9946 12096
 9949 12100
 9953 12188
 9955 12168
 9959 12102
 9969 12112
 9972 12219
 9973 12122
 9976 12124
 9984 12132
 9988 12125
 9993 12143
10001 12144
10006 12157
10009 12260
10011 12161
10028 12182
10031 12293
10034 12189
10049 12285
10058 12291
10088 12290
10097 12241
10102 12245
10103 12248
10106 12338
10107 12342
10120 12262
10126 12271
10135 12286
10152 12394
10155 12277
10157 12310
10158 12315
10174 12330
10178 12327
10180 12444
10181 12418
10185 11051
10190 12347
10192  8831
10200 12351
10201 12446
10205 12463
10207 12440
10208 12358
10212 12435
10246 12398
10251 12510
10253 12527
10258 12524
10274 12423
10276 12450
10279 12448
10287 12575
10305 12508
10306 12445
10323 12469
10334 12480
10336 12409
10347 12490
10348 12504
10351 12576
10353 12571
10357 12556
10359 12496
10367 12522
10373 12535
10374 12656
10376 12658
10379 12587
10381 12644
10385 12602
10389 12669
10397 12622
10398 12539
10399 12675
10402 12642
10403 12537
10404 12615
10408 12618
10413 12680
10415 12691
10417 12627
10418 12574
10419 12478
10424 12695
10427 12711
10428 12581
10429 12677
10430 12700
10433 12693
10436 12718
10438 12700
10442 12730
10443 12596
10446 12590
10447 12648
10448 12617
10450 12761
10452 12665
10457 12709
10458 12740
10465 12635
10473 12637
10476 12784
10478 12784
10479 12636
10480 12643
10486 12764
10489 12742
10493 12805
10494 12799
10497 12789
10504 12766
10505 12809
10506 12664
10525 12588
10526 12698
10529 12842
10530 12826
10534 12849
10543 12825
10544 12712
10557 12817
10560 12823
10563 12837
10571 12797
10584 12867
10585 12802
10586 12713
10587 12804
10593 12846
10594 12858
10597 12881
10604 12810
10607 12871
10610 12856
10613 12890
10622 12186
10623 12897
10632 12950
10633 12923
10634 12959
10645 12965
10649 12931
10655 12945
10659 12903
10666 12957
10667 12936
10668 12969
10675 13000
10680 12956
10682 13021
10685 12999
10701 13060
10708 12971
10729 13039
10732 12905
10735 13130
10745 13026
10749 13048
10751 13093
10754 13103
10755 13145
10757 13083
10766 13094
10773 13112
10778 13144
10784 13079
10796 13109
10797 13067
10799 13138
10807 13211
10811 12989
10812 13230
10816 13243
10819 13205
10823 13253
10825 13160
10831 13167
10833 13179
10835 13216
10838 13202
10841 13194
10851 13053
10854 13276
10855 13213
10859 13208
10862 13312
10868 13317
10874 13265
10877 13251
10880 13223
10887 13353
10890 13315
10892 13277
10897 13344
10905 13405
10906 13284
10914 13286
10916 13318
10917 13326
10920 13288
10923 13392
10927 13366
10929 13376
10937 13314
10941 13365
10944 13363
10967 13460
10968 13431
10970 13402
10973 13432
10978 13451
10980 13437
10982 13441
10983 13396
10984  9539
10991 13464
10996 13512
10999 13500
11003 13462
11005 13281
11008 13502
11009 13543
11014 13486
11015 13478
11018 13478
11019 13480
11023 13540
11026 13528
11029 13477
11034 13264
11035 13573
11037 13535
11038 13264
11041 13545
11043 13491
11050 13479
11053 13583
11054 13610
11058 13587
11060 13517
11066 13605
11068 13591
11073 13516
11075 13625
11076 13557
11081 13568
11086 13644
11087 13566
11089 13640
11092 13653
11106 13603
11107 13712
11111 13616
11112 13619
11113 13657
11117 13613
11140 13718
11142 13716
11144 13637
11165 13810
11169 13769
11172 13728
11173 13719
11176 13791
11185 15788
11191 13730
11194 13804
11204 13773
11206 13786
11208 13859
11209 13729
11217 13813
11224 13549
11228 13852
11230 13887
11234 13783
11237 13864
11243 13856
11246 13799
11261 13885
11271 13849
11274 13882
11278 13956
11287 13865
11289 13901
11298 13922
11308 13938
11325 14018
11326 11875
11331 14036
11335 13971
11336 13962
11341 13935
11348 14012
11369 14035
11373 13976
11378 11308
11382 14052
11388 13998
11412 14079
11416 14090
11441 13854
11449  7798
11499 13939
11506 16090
11508 13954
11511 14224
11512  3364
11560 14193
11567 14272
11583 16793
11585 14216
11610 14271
11617 16793
11638 14321
11642 16793
11659 16793
11669 14308
11686  6787
11694 14362
11716 14346
11755 14397
11767   404
11794 14411
11807 14420
11821 14431
11822 14413
11854 14454
11899 14509
11903 12665
11905 14518
11913 14451
11955 14049
12028 14568
12068 14663
12079 11516
12344 14855
12519  4442
12624  5414
12677  4687
12768 16668
12925  4102
12949  2693
13087   234
13165  4306
13179 14920
13195 15599
13370 14170
13417  8330
13734  4375
13734 16701
13902 13773
14210  7948
14279 13818
14281  8069
14439 10831
14527 12558
14538 10030
14755  6092
14919 15514
14939 14703
15031 13062
15222  9529
15451 14211
15739 16560
15775 16051
15788  4495
16244 15197
16256 14829
16267 17187
16329  6387
16719  7569
16788 12485
16878  8700
16951 17257
17039 16622
17113  3721
17157  4890
17197  9269
17320  5065
17420 13878
17501 17080
17506 16607
17571  4653
17609 16607
17656 10923
17680 16847
17730 16675
17881  8984
17902  6521
17954  6122
17969 16882
17974  9718
17988 10792
18020  5609
18057  2860
18172  6112
18235 16476
18295 15655
18323  8790
18681  9472
18688 14239
18719  4107
18885 15069
18936 15284
18971  5770
19110  9534
19237  2010
19326 15496
19451   198
19530 15740
19560  2802
19629  8034
19710 16181
19863  1419
19877   601
19936  5148
20087 16723
20111 11246
20530 14006
20700  8685
20741 13954
20871 15748
20913 14912
20945 15966
20957 10854
20963  2463
21018  3679
21055 17297
21073   316
21088  4404
21121 13777
21248  3848
21283  7483
21343   958
21418  9169
21440  1780
21468  9640
21534  2974
21538  9684
21564 12037
21671  8315
21736  4376
21920  9607
22008  4121
22070  1895
22098  9490
22188  9622
22191  1675
22345 16154
22368 15255
22491  9617
22504   774
22588  6747
22645 10561
22829 17080
22881  1517
22973 10088
23080  7322
23087 13715
23101 15956
23284  8127
23448 15749
23454 16607
23470 17053
23476     2
23507 11931
23672 15792
23820 16684
23889 14439
23928    35
24008  4595
24026  1627
24082  8229
24083 13515
24122  2094
24148  4910
24159  7804
24264  9735
24381  9948
24394 14890
24441 16297
24498 11919
24533  2753
24542 16930
24596  9717
24645 10227
24717  9529
24778  9534
24839  6786
24865  8127
24963  9571
25025 11347
25157 14962
25191  8163
25205 17173
25252 16668
25311 11059
25323   103
25347  5884
25409  4273
25426  6521
25546 17294
25638 16002
25676  1613
25708  4528
25764  3442
25774  8453
26075 15693
26157 15421
26161  2190
26194  8630
26228  8261
26279 15829
26283 13820
26292    23
26297    15
