   15 16207
   20    16
   30   961
   53 14765
   65  5397
   67  5400
  106  2344
  174  5591
  196  1978
  216  5341
  254  5713
  256  5713
  275  5728
  292   953
  303  5363
  312  5574
  314  5368
  317  3509
  348  8080
  452   602
  472 17272
  481 14908
  505   136
  516  6535
  528  5466
  595  5596
  598  5521
  605   662
  618  5545
  632 11322
  667  8274
  742  5766
  743  5766
  748  5569
  772  5720
  830  5770
  856  5796
  894   402
  993  5264
 1010  5767
 1064  5795
 1079  5888
 1081  5793
 1129  5818
 1194 12989
 1219 15680
 1224  5962
 1236  5858
 1255  1658
 1256  5877
 1266  5986
 1311  6020
 1330  4990
 1360  5923
 1411  5959
 1438  5487
 1446  5980
 1508  6064
 1541  3473
 1617 12504
 1625  6107
 1631 10500
 1637  4494
 1656  3367
 1659  3371
 1718  8028
 1739  6075
 1742  6139
 1760  6082
 1766  8233
 1822  2089
 1855  9428
 1866  6118
 1872  6198
 1918  6145
 1985  6303
 2005  6272
 2023  5314
 2053  6321
 2101  7804
 2139  4117
 2161  6441
 2162  6371
 2163  6329
 2182  6491
 2194  6374
 2219  6406
 2227 11579
 2242  6433
 2246  6590
 2256  6554
 2283  6587
 2298  6694
 2324  6311
 2334  6623
 2342  6547
 2359  6657
 2387  6715
 2390  6602
 2418  6759
 2476  6677
 2483  8559
 2532  6764
 2534  6979
 2538  5609
 2603  6874
 2608  7022
 2635  6496
 2639  6980
 2641  7058
 2643  6903
 2725  6960
 2759  6991
 2792  7098
 2807  7120
 2832  7050
 2839 13955
 2842  7063
 2867  7166
 2890  7091
 2934  7133
 2951  7221
 2953  7146
 2970 16638
 2971  7208
 2983  5885
 2987  7230
 3007  7182
 3028  7008
 3032  7196
 3034  7268
 3036  7269
 3045  7125
 3067  7213
 3083  5820
 3098  7245
 3125  7238
 3130 17244
 3135  7337
 3139  7338
 3144  7314
 3151  7260
 3157  7261
 3185  7283
 3197  7383
 3199  7277
 3201  7288
 3203  7292
 3206  7341
 3211  7272
 3243  7407
 3248  7466
 3269  7448
 3275  7446
 3281  6258
 3295  7534
 3298  7452
 3299  7339
 3302  9544
 3316  7481
 3335  7470
 3338  7461
 3342  7475
 3348  7361
 3353  7471
 3369  7487
 3383 16318
 3389  7372
 3391  7510
 3397  7378
 3412  7657
 3413  7389
 3448  7601
 3453  6182
 3476  7614
 3500  8637
 3509  7638
 3529  7758
 3549  7751
 3553  7541
 3556  7507
 3581  7998
 3599  7776
 3603  7720
 3605 12788
 3606  7783
 3610  7707
 3613  7801
 3622  7710
 3627  7742
 3630  7782
 3633  7711
 3642  7767
 3647  7805
 3653  7802
 3661  6914
 3665  7828
 3668  7819
 3671  7821
 3672  7825
 3703  7856
 3704  7856
 3723  7869
 3736  7885
 3749  7862
 3755  7929
 3761  3371
 3874  6457
 3878  7884
 3881  7891
 3882  7891
 3898  7912
 3929  7943
 3948  7986
 3953  7985
 3953  8085
 3976  7976
 3979  7972
 3999  9690
 4025  8005
 4030  8088
 4032  8097
 4036  8110
 4045  3499
 4072  3247
 4081  8105
 4086  8274
 4091  8047
 4094  8162
 4098  8036
 4101  8158
 4125  3613
 4128  8171
 4132  8183
 4134  4709
 4136  8171
 4146  8185
 4156  8248
 4169  8264
 4173   476
 4187 11046
 4192  8280
 4206  8252
 4214   629
 4217  8297
 4220  8309
 4226  8102
 4227    57
 4234  8310
 4237  8314
 4240  8277
 4254  8338
 4254  8344
 4255  8346
 4271  8133
 4297  8380
 4301  2052
 4306  8373
 4316  8382
 4328  8399
 4339  8413
 4361  8427
 4368  8395
 4375  2768
 4389  8447
 4432  8467
 4461  8487
 4466  8442
 4485  8485
 4489  8431
 4542  8513
 4554  8518
 4555  8538
 4570  8520
 4571  8524
 4572  8516
 4575  8544
 4578  8559
 4587  8497
 4605  8574
 4606  8574
 4608 12950
 4631  8550
 4632  1507
 4637  8783
 4652  8539
 4656  5243
 4665  8547
 4720  8573
 4728  1839
 4745  5904
 4760  2333
 4768  8770
 4783  8782
 4794  8779
 4807  8781
 4809  8777
 4822  8779
 4823  8727
 4837  8785
 4838  8822
 4844  8786
 4869  8778
 4873  8830
 4881  8762
 4886  8822
 4900  8828
 4902  8822
 4913  8773
 4920  8888
 4922  8853
 4929  8848
 4933  8819
 4934  8082
 4936  8791
 4942  8902
 4944  8840
 4952  3584
 4956  8798
 4959  8818
 4962  8881
 4966  8890
 4969  8881
 4979  8913
 4987  8825
 4989  8810
 4993  8639
 4995  8861
 5006  8889
 5011  8111
 5019  8966
 5020  9119
 5027  9091
 5037 10611
 5049  8973
 5085  8860
 5087  9011
 5089  9019
 5090  9078
 5096  9328
 5101 11058
 5112  9079
 5116  6504
 5122  9121
 5131  9030
 5152  8329
 5159  8809
 5171  9068
 5189 10144
 5190  8350
 5197  9543
 5211  8948
 5220  9106
 5225  8956
 5231  8390
 5234  6039
 5235  8997
 5239  8721
 5242  8917
 5262  9188
 5267  8101
 5297  8069
 5300 12255
 5309  8450
 5316  5971
 5330 12667
 5331 10291
 5338  9080
 5342  9650
 5343  9026
 5358  9672
 5361  3484
 5391  9651
 5399  8993
 5419  8990
 5423  8970
 5449   481
 5458  9364
 5459  9058
 5472  9230
 5473  9382
 5477   528
 5480  9408
 5486  9528
 5512  9860
 5514 10701
 5516  9258
 5525  9450
 5528  9246
 5536  9860
 5546  9105
 5548  9540
 5561  9860
 5577 10336
 5579  9163
 5604  9521
 5605  9577
 5615  9206
 5627  9372
 5628  9220
 5632  9597
 5634  9247
 5637 10131
 5656  9610
 5676  9264
 5683  9528
 5696  9642
 5722  9387
 5724  9612
 5726  9649
 5730 10015
 5771 13252
 5798 10082
 5799 10036
 5801  3841
 5812  9518
 5816  9728
 5821  8612
 5828  1700
 5829  6934
 5854  9585
 5858 16896
 5864  9568
 5873  9718
 5875 10442
 5877  9716
 5881  9549
 5888  9401
 5908  9622
 5924  8726
 5932  9418
 5943  9749
 5950  9456
 5966  9817
 5973  9466
 5978  9673
 5979  9434
 6002  9784
 6003  9003
 6005  9857
 6031 10473
 6043  9601
 6059  9041
 6060  9046
 6069  9490
 6078  9652
 6087  9689
 6093  9650
 6097  9694
 6102  9796
 6103  9707
 6106 10137
 6111  9100
 6115  9950
 6117  9936
 6120  9731
 6127 10112
 6129  9688
 6133  9897
 6142 10062
 6145  9967
 6149  9967
 6158  9958
 6168  9958
 6169  9949
 6181  9923
 6191  8365
 6201  9178
 6236 10198
 6241  9216
 6246 10198
 6261 10198
 6263  9906
 6279 10035
 6292 10008
 6316  9291
 6319  9298
 6339  9435
 6346  9750
 6351 10039
 6357  9650
 6359 10705
 6362 10499
 6373  9650
 6396  9339
 6398 10588
 6401  9999
 6407 10111
 6429  9765
 6431 17410
 6437  9765
 6438 10128
 6442  9840
 6445  9847
 6451  9385
 6468     0
 6469 10680
 6472  9442
 6476 10697
 6485 10065
 6492 10069
 6514 10653
 6520 10754
 6534 10254
 6558 10745
 6560 10764
 6566 10716
 6570 10775
 6571 10716
 6577 10306
 6579 18662
 6602 10348
 6603 10318
 6619 10360
 6622 10362
 6648  2972
 6656 10396
 6678  5706
 6686  9056
 6692 10456
 6695 10416
 6702 10446
 6703 10442
 6711 12206
 6726 10311
 6727 10544
 6733  9685
 6761 10522
 6763 10808
 6772 10583
 6775  9721
 6776  9991
 6778 10160
 6779 10337
 6794 10346
 6800 10345
 6806  8934
 6821 10596
 6839 18103
 6866 10674
 6880 10651
 6889 10503
 6891 10652
 6893 10662
 6898 10642
 6924 10745
 6960 10716
 6996 10810
 7010 10787
 7015 10162
 7022 18399
 7023 17565
 7040 10090
 7043  7037
 7059 10829
 7074 10510
 7103 10877
 7113 10889
 7123 10897
 7130 10832
 7140 10916
 7143 10976
 7162 10927
 7165 10909
 7169 10099
 7183 10934
 7193 17510
 7224 10797
 7227 10952
 7230 10979
 7231 10981
 7232 10924
 7236 10983
 7245 10988
 7297 10922
 7320 11308
 7337 11033
 7340 10855
 7365 11053
 7374 11074
 7383   690
 7385 11080
 7418 11082
 7425 11071
 7431 11085
 7438 11091
 7439 11090
 7460 11086
 7472 10267
 7478  9146
 7480 11100
 7482 10944
 7485 11130
 7486 11131
 7487 11132
 7498 11117
 7514 10861
 7518 11145
 7533  1512
 7533 11154
 7539 10880
 7540 11151
 7543 11162
 7546 11134
 7555 10313
 7566 11172
 7567 11196
 7568 11164
 7571 11195
 7582 10798
 7587 11185
 7596 11062
 7600 11211
 7603 11062
 7608 11208
 7616 10352
 7619 11240
 7621 11136
 7622 11248
 7625 11137
 7635 11236
 7638 11098
 7646 11259
 7648 10374
 7659 11270
 7670 11269
 7681 11294
 7692 11310
 7698 11314
 7711 11344
 7713 11102
 7716 11370
 7719 11358
 7728  7811
 7732  6738
 7739 11363
 7745 11223
 7748 11384
 7750 11354
 7763 11143
 7764 11392
 7775 11226
 7777 11202
 7781 11043
 7789 10539
 7793 11431
 7800 11414
 7804 11228
 7805 11264
 7806 11235
 7812 10861
 7824 11462
 7830 11453
 7831 11311
 7839 11449
 7840 11463
 7845 11326
 7853 11307
 7859 11465
 7860 11460
 7861 11482
 7863 11315
 7873 11481
 7874 11355
 7877 11330
 7878 11478
 7882 11495
 7899 11509
 7900 11505
 7904 11183
 7915 11536
 7916 11184
 7922 11122
 7923 11430
 7935 11427
 7942 11575
 7954 11573
 7956 11586
 7965 11597
 7968 11442
 7974 11247
 7975 11233
 7977 10765
 7980 11457
 7983  8085
 7988 11477
 7989 11220
 7990 10773
 8022 11691
 8023 11487
 8026 11676
 8038  7890
 8044 11551
 8057 11713
 8066 11751
 8072 11737
 8080 11737
 8093 11528
 8112 11291
 8113 11374
 8116 11535
 8122 11642
 8140 10917
 8143  9225
 8146 11417
 8158 11721
 8164  5564
 8182 11421
 8238  4705
 8257 11824
 8268 12096
 8278 17316
 8283 12119
 8286 12061
 8290 12112
 8292 11446
 8293 12147
 8294 11483
 8295 12128
 8300 12043
 8304 12084
 8310 11500
 8323 12069
 8330 12058
 8335 11523
 8338 12124
 8340 12131
 8344 11549
 8347 12159
 8351 12172
 8358 11577
 8360 12200
 8368 12189
 8372 12195
 8375 12198
 8377 11603
 8378 12136
 8385 11622
 8386 11539
 8392 11595
 8395 12184
 8396 12088
 8399  3841
 8404 11635
 8405 11665
 8408 11665
 8412 12234
 8420 12228
 8428 12207
 8449 12239
 8457 12186
 8468 12269
 8472 16067
 8487 12281
 8507 12274
 8513 12091
 8518 12266
 8522 12261
 8523 13989
 8530 12280
 8547 12271
 8549 12290
 8557 12238
 8563 12291
 8566 12307
 8585 18465
 8589 12317
 8590 12330
 8594 12273
 8597  8564
 8601 12328
 8603 12347
 8613 12336
 8629 12320
 8631  3333
 8632 12377
 8652 12322
 8701 12316
 8703 12363
 8740 12344
 8745 12408
 8746 12367
 8776 12504
 8791 12570
 8797 12546
 8812 12609
 8816 12590
 8819 12516
 8824 12402
 8825  9527
 8840  8308
 8852 12601
 8875 12442
 8876 12473
 8879 12474
 8883 12655
 8895 12493
 8899 12498
 8912 12511
 8918 12538
 8920 12642
 8926 12558
 8928 12559
 8929 12761
 8934 12543
 8942 12765
 8961 12602
 8963 12582
 8964 12725
 8967 12574
 8974 12606
 8976 12732
 8978 12732
 8979 12608
 8983 12628
 8987 12135
 8990 12631
 8991 12611
 8996 12756
 9001 12876
 9002 12616
 9003 12619
 9005  5226
 9010 12649
 9013 12653
 9023  1682
 9030 12681
 9033 12835
 9037 12682
 9046 12703
 9049 12674
 9051 12707
 9053 12678
 9054 12676
 9063 12695
 9076 12781
 9080 12729
 9094 12762
 9100 12748
 9103 12759
 9128 12797
 9129 12814
 9133  1805
 9139 12804
 9140 12816
 9144 12822
 9147 12820
 9153 12916
 9186 12848
 9218 12890
 9222 12913
 9223 12948
 9225 12965
 9234 13071
 9236 13021
 9239 12935
 9245 12988
 9252 13060
 9257 13034
 9260 12981
 9262 13039
 9269 12964
 9270 13041
 9274 13028
 9275 13030
 9276 13038
 9277 13005
 9284 13017
 9285 13018
 9290 12363
 9292 13009
 9298 13080
 9310 13110
 9314 13056
 9315 13170
 9317 13054
 9321 13130
 9322 13075
 9325 13118
 9334 13122
 9342 13086
 9374 13226
 9380 13183
 9382 13175
 9384 13162
 9385 13202
 9388 13252
 9393 13235
 9394 13250
 9396 13201
 9426 13248
 9429 13253
 9433 13233
 9438 13208
 9444 13273
 9446 13240
 9447 13340
 9454 13234
 9463 13259
 9468 13251
 9476 13313
 9477 13317
 9486 13335
 9497 13298
 9500 13287
 9502 13286
 9517 13378
 9523 13295
 9536 13345
 9546 13445
 9548 13390
 9562 13088
 9592 13502
 9596 13504
 9612 13428
 9617 13558
 9626 13447
 9629 13508
 9632 13560
 9637 13518
 9645 13475
 9647 13517
 9654 13540
 9661 13598
 9668 13500
 9685 13520
 9687 13552
 9693 13580
 9694 13523
 9704 13597
 9709 13568
 9711 13534
 9718 13617
 9720 13604
 9724 13559
 9729 13543
 9730 13561
 9731  2186
 9747 13628
 9748 13627
 9769 13726
 9774 13663
 9780 13657
 9782 13668
 9789 13715
 9792 13690
 9809 13658
 9817 13685
 9820 13718
 9831 13728
 9837 12296
 9846 13758
 9848 13723
 9849 13799
 9850 13788
 9857 13773
 9867 13760
 9880 13772
 9885 13784
 9889 10042
 9892 13789
 9897 13850
 9908 13814
 9935 13885
 9945 13923
 9953 13927
 9954 13873
 9959 13878
 9962 13956
 9969 13897
 9972 13981
 9989 13930
 9993 13937
10001 13941
10006 13972
10009 14026
10020 14005
10024 13992
10033 14003
10040 14083
10041 14059
10043 14066
10049 14040
10058 14013
10066 14075
10067 14027
10070 14001
10076 14114
10088 14110
10094 14050
10097 14085
10102 14082
10119 14158
10123 12364
10127 14137
10130 14209
10131 14245
10133 14139
10135 14149
10136 14214
10142 14155
10143 14170
10157 14179
10160 14199
10162 14249
10180 14320
10181 14247
10183 14293
10190 14240
10193 14236
10200 14241
10201 14311
10202 14340
10203 14316
10205 14350
10207 14281
10208 14254
10212 14334
10222 14326
10226 14268
10240 14379
10241 14346
10244 14369
10251 14416
10258 14451
10261 14377
10270 14301
10276 14437
10279 14399
10280 14445
10286 14431
10287 14490
10289 14382
10293 14367
10297 14391
10300 14464
10301 14464
10305 14355
10306 14409
10307 14384
10315 14375
10323 14423
10324 14359
10334 14427
10336 14157
10348 14568
10351 14440
10353 14430
10355 14407
10356  3537
10362 14502
10364 14562
10370 14495
10376 14612
10381 14578
10385 14456
10388 14529
10395 14626
10398 14522
10403 14534
10404 14466
10408 14487
10410 14642
10413 14632
10416 14643
10417 14611
10418 14554
10424 14629
10428 14564
10429 14617
10433 14647
10437 14652
10438 14660
10440 14520
10447 14535
10448 14666
10450 14728
10458 14689
10465 14681
10468  6722
10472 14697
10473 14697
10475 14735
10476 14753
10478 14753
10479 14699
10486 14625
10505 14783
10507 14776
10524 14766
10525 14421
10530 14810
10538 14817
10543 14793
10544 14743
10548 14804
10557 14758
10563 14875
10564   129
10568 14924
10571 14930
10573 14893
10577 14851
10582 14886
10585 14881
10586 14584
10587 14887
10594 14821
10607 14843
10622  6478
10632 14971
10633 14985
10643 14965
10646 15025
10647 14616
10649 14915
10655 14936
10656 15037
10658 14937
10667 14998
10668 15042
10675 15038
10679 15000
10684 14733
10701 15150
10712 15039
10714 15022
10715 15148
10720 14991
10729 15065
10732 14842
10733 15230
10734 15199
10735 15241
10745 15246
10750 15129
10751 15132
10755 15235
10757 15117
10760 15135
10766 15120
10773 15143
10781 15178
10784 15248
10791 15197
10796 15347
10797 15231
10799 15170
10812 15323
10813 15210
10816 15345
10819 15268
10825 15402
10827 15370
10833 15418
10838 15439
10839 15332
10841 15405
10844 15281
10847 15435
10849  1347
10850 15396
10851 15046
10854 15349
10855 15464
10856 15343
10857 15473
10859 15438
10860 15415
10862 15440
10874 15322
10880 15393
10882 15326
10887 15524
10895 15368
10897 15472
10906 15571
10908 15562
10909 15382
10914 15580
10916 15404
10917 15671
10929 15491
10932 15510
10933 15708
10941 15461
10943 15684
10944 15442
10950 15126
10956 15581
10959 15578
10980 15604
10982 15712
10987 15631
10994 15852
10996 15759
11005 15303
11006 15314
11008 15777
11009 15781
11015 15616
11019 15621
11022 15825
11023 15756
11026 15815
11028 15309
11029 15816
11030 15618
11034 15280
11035 15812
11037 15745
11038 15280
11042 15679
11043 15614
11053 15790
11054 15888
11057 15772
11060 15911
11066 15859
11068 15910
11070 15724
11075 15906
11076 15732
11087 15741
11099  1780
11103 15798
11104 15784
11115 18095
11124 15420
11125 15939
11135 15904
11140 15978
11165 16097
11168 16161
11169 16030
11173 15961
11176 16056
11192 15928
11197  5365
11206 16039
11211 16236
11217 16077
11224 15702
11237 16130
11239 16307
11246 16204
11252 16159
11271 16257
11272 16265
11274 16360
11287 16096
11298 16450
11326 16243
11331 16396
11335 16478
11336 16495
11341 16165
11363 16453
11369 16336
11373 16218
11382 16614
11388 16479
11401 16367
11408  9368
11411 16648
11412 16644
11416 16653
11451 16730
11452 18436
11459 16101
11462 16514
11470 16121
11471 11695
11476   671
11480 18733
11487 16555
11494 16705
11497 16581
11499 16146
11508 16152
11544  2870
11560 16678
11573 16696
11622  4136
11630 18476
11647 17265
11669 16849
11686  7495
11705 16867
11716 16887
11738 16918
11755 16980
11791 13711
11794 16964
11822 16978
11854 17011
11912 16987
11916 16974
11918 11821
11948 17114
11959 17133
11979 17115
12031 17284
12046 17212
12164 17372
12208  8954
12240  5825
12254  6269
12344 17544
12356 18459
12385  4390
12624  5791
12657 15552
12800  1342
12824  4412
12922 14766
13103  4909
13234 12721
13402  2913
13513  8044
13685  3722
13700 11207
13784  7937
13790  7476
14193 11418
14237  3209
14384    62
14903 14961
15021   242
15112 18254
15153 18001
15294  2988
15346 10101
15447 10808
15480 15748
15542 11090
15670 16783
15709 16258
15844 17629
15870  7117
16682   146
17000 15146
17071   898
17200 17654
17489  2329
17600  8120
17643  1930
17648 18733
17654  1155
17720 18063
17783  4232
17896  1123
17954  6824
17988  4701
18131 14928
18140 12099
18218 16364
18244 18678
18277  2124
18277  5910
18302 14950
18331  5661
18396 17531
18436  3964
18479  3465
18501 10828
18850  8588
18871 11679
18934  9050
18998  9385
19057 11089
19123 16637
19135  8965
19147 18138
19239  3370
19274  1888
19282  9498
19323    80
19416  9544
19437 16834
19451   237
19530 17377
19554 10267
19560  2737
19575  4664
19629 14505
19687   619
19712 12800
19851  2009
19863  1347
19957 18087
19968 18087
19994  7052
20046  9665
20048 14154
20066  1613
20084 18423
20132  1596
20293  2163
20392 16310
20399 16648
20569  5514
20705 16514
20957 16152
21006  9894
21018  3767
21019  9082
21048  3505
21082  5824
21261  9730
21538 11145
21573  5656
21644 17937
21668 13526
21671  9369
21739  3470
21753 14166
21959   842
21996  1764
22032  1795
22118  9428
22143 18129
22221  8134
22345 16104
22504   551
22515  1213
22659   777
22726  9604
22741 18733
22770  8285
22825  9420
22829 18733
22844  5795
22973 11586
23012  7971
23082 11596
23229  4356
23284  7117
23304 10542
23369 15328
23439  4583
23460 18137
23479 18713
23500  1123
23505 11723
23591  6449
23638 11808
23716 12284
23757  5836
23805   953
23835 14856
23941 17377
23999  2163
24022 18244
24146  1208
24192  4088
24283 12036
24362 16988
24445  5495
24465  9690
24523 16017
24630   956
24652  8463
24812  1930
24857  2324
25094 11085
25106  3458
25191  9427
25235 16775
25244 14298
25257  6375
25315 14765
25350 17974
25370 11067
25383  1351
25499  6849
25544 17358
25600 10225
25703 12148
25823 11952
25850 15832
25888  2716
25938  5206
25942   920
26075  7117
26194 18713
26201    15
26212 17557
26241 18720
26250    41
26279 18151
26284 11778
26290    41
26292    45
26302 12322
