    5    16
   19    14
   27  4086
   40 27854
   56  1819
   67 20374
   91 13302
  105  2613
  135  5722
  148  5717
  162 26125
  173  5817
  200  2371
  209  3056
  225  5671
  360  8507
  385  9520
  418  2386
  560  7069
  607  1329
  653 14036
  774 23020
  788  8335
  855  5104
  898  3358
  915  6269
  946 26484
  953  8339
  963  1476
  989 27524
 1029  6041
 1095  7606
 1172  6424
 1218  6837
 1245  7698
 1288 16721
 1322  7606
 1344  8954
 1378  8436
 1384  8600
 1420 27524
 1422  7430
 1458 14884
 1470  7927
 1475  7606
 1475  8439
 1518  8439
 1575  8168
 1592  3270
 1632  7927
 1687  8168
 1710  2364
 1738  7927
 1910  5020
 1912 19911
 1916 13293
 1928  1432
 2069  4902
 2076  3204
 2103 10870
 2193  8429
 2209 25203
 2229 26929
 2250  1245
 2261  4086
 2264 21524
 2282   319
 2285  8242
 2304  5373
 2328  4679
 2396 25663
 2442   280
 2498  4683
 2514  5801
 2537  5331
 2560  1834
 2667  3718
 2705  1820
 2716  2793
 2754  2935
 2811 21481
 2816 21481
 2854  3126
 2864 11101
 2865  2674
 2866  3168
 2883  8004
 2949  2894
 2956  3306
 2976  1780
 3015  8339
 3028  3496
 3033  3556
 3046 27854
 3064  3640
 3067  3651
 3070  3656
 3076  3139
 3117  3782
 3125  3790
 3135    67
 3151  5104
 3169  3260
 3195  3956
 3199  3358
 3232  3475
 3248  6824
 3264  3677
 3280  4292
 3292  6500
 3326  4407
 3334  4225
 3357 12726
 3372  4565
 3372  7147
 3428  4085
 3431 27606
 3532  4441
 3590  8411
 3659  7643
 3827  7126
 3855  4771
 3914  4582
 3977 22700
 3989 27821
 4003 21151
 4091  5437
 4100  5885
 4187 22189
 4242  4652
 4283  4728
 4289  4743
 4291  4740
 4316  4781
 4317  4786
 4321  4791
 4338  4802
 4349  4836
 4352  4827
 4354  4852
 4357  4845
 4362  4847
 4365  4868
 4368  4866
 4377   638
 4400  1845
 4441  5012
 4442  8614
 4469  4086
 4631 10501
 4719  5065
 4764 22117
 4804  8614
 4895  4922
 4923 21139
 4950 26360
 4965  1724
 4967  4964
 4984  5377
 5002  5415
 5015 23138
 5025  5449
 5025 27395
 5026  5452
 5047  7772
 5057  5490
 5059   956
 5063  5457
 5068  5502
 5073  5528
 5086  4803
 5088  5541
 5089  5541
 5092  4803
 5101  5553
 5103  5504
 5121  5698
 5126  5585
 5128 22541
 5151  5547
 5171 16285
 5186  5628
 5206  5644
 5210  5601
 5214  5597
 5231  5977
 5241  5620
 5268  5630
 5281  5669
 5321  7442
 5327  6766
 5370  5520
 5394  5573
 5400  5510
 5426   483
 5471  8866
 5576  3795
 5579  6326
 5641  7226
 5674  5906
 5791  6339
 5833  5649
 5858  5762
 5867 24801
 5879  3984
 5891  7354
 5938 17545
 6004  6513
 6012  2066
 6034   597
 6110 26777
 6131  6532
 6170  3877
 6191  6104
 6243  7288
 6284  6321
 6299  6905
 6300  6642
 6352 26399
 6381  6451
 6386  6798
 6419  5907
 6446  6719
 6452  6539
 6494  5065
 6496 14965
 6546  6491
 6627  2004
 6642  5732
 6649  4974
 6787  5085
 6788  5756
 6799 23814
 6807  7038
 6814  6334
 6819  6931
 6828  6307
 6849  6486
 6862  6486
 6890  7069
 6895 14077
 6929  4803
 6947  6523
 6950  5962
 6963  5838
 6963  6746
 6989  6988
 6993  6637
 7007 26222
 7066 23794
 7073  5693
 7121  7076
 7136 20518
 7141 14662
 7148  5911
 7161   848
 7232  7548
 7248  7603
 7281  7630
 7282  7613
 7335  7571
 7336  7657
 7337  7619
 7347  7646
 7358  7675
 7383  7677
 7406  7708
 7407  7681
 7412  7557
 7433  7705
 7475  7619
 7481  7582
 7491  7733
 7495  7707
 7499  7742
 7587  7726
 7595  7802
 7642  7851
 7655  7784
 7684  7746
 7688  4232
 7706  7933
 7722  7612
 7723  7903
 7733  7943
 7754  5140
 7762  7874
 7777  7325
 7799  5373
 7804  7325
 7806  5323
 7862  7928
 7864  2977
 7881  7926
 7929  4839
 7936  5092
 7979  5928
 8013  8009
 8049  7833
 8158  7914
 8167  7914
 8201 27493
 8274  4855
 8286  8074
 8317  8027
 8320  8041
 8323  8056
 8360  3061
 8394 16876
 8421  8062
 8436 22039
 8464  8668
 8468  8668
 8509  8683
 8510  8686
 8512  7006
 8514  1274
 8560  2967
 8575  8124
 8670 16671
 8672  8779
 8734   827
 8837 21509
 8855  9894
 8921  7425
 8943  8909
 8995 25762
 9007 23030
 9041  8766
 9053 12825
 9065  6468
 9096 26662
 9129  8761
 9135 27804
 9155 15102
 9306  9118
 9434  9316
 9440 21513
 9528  4461
 9540  9384
 9553  9457
 9574  8906
 9579  8906
 9585  1826
 9652  8946
 9665  5465
 9675  8995
 9684  8946
 9728  9007
 9752  4507
 9772 18365
 9774  9064
 9775  9653
 9859 23622
 9865  9110
 9958  3923
10013  9426
10090  9286
10107  8697
10312 18935
10313  9500
10335  6568
10423  9633
10435   319
10471  6637
10505 17214
10592  4312
10616  5928
10639  6821
10809  3097
10838  6675
10845 11383
10871  1029
10916  3461
10919 25235
10943  2420
10984 20125
11062 13704
11141 20765
11154  4652
11237  4708
11295 10695
11454  5452
11562 26222
11567  7619
11690  2117
11766  5274
11811 18604
11836 10826
11879 16977
11912  8254
11914  1205
11921 26322
11987 26054
11988    16
12100  5073
12192 22541
12201 27436
12205  2581
12252  5481
12305 15551
12318  8932
12408  9100
12417  8436
12530 16630
12611  2427
12708  1542
12710  8006
12712  1598
12791  8612
12793   303
12846  8378
12881  1618
12974  1148
13005 26322
13085  5981
13094 26802
13149 14194
13153  9792
13265 27411
13273  7606
13307 15593
13365  1598
13432  1819
13438 14978
13486 24487
13574 12484
13665  2430
13666  6785
13748  5008
13770 27575
13799 26955
13812 22379
13844  2456
13972  8485
14083  1518
14088  1236
14153  4749
14171  1548
14182 22925
14187  1548
14216 18416
14228 22379
14237 22949
14305 11387
14431  5962
14552 15593
14638  4387
14972 15751
14988  4669
15041 27376
15110 11407
15195 25101
15223 15647
15250 27306
15327 26143
15376   898
15544 25536
15598  9407
15654 14132
15672 26591
15710 22577
15739 18892
15898 24205
16062  6523
16241 20590
16248 26428
16339 19533
16342 27383
16367 18676
16480 16760
16705 18668
16710 19241
16743  1664
16842 18361
16881 22124
17056 12325
17089  7826
17126 15576
17319 17539
17402 20329
17512 16359
17874 12498
18039 26824
18045 22948
18276 27793
18296 16627
18298     4
18326    16
