    7     1
   28 27359
   35     2
   40     5
   93  5424
  182  7082
  220 10249
  319  6526
  458  9245
  497 19986
  607 15210
  898  2163
  953   483
  953 15723
 1024  8526
 1065 16850
 1130  4683
 1219  7147
 1238 10160
 1285 18202
 1312  3032
 1322 24129
 1346  6231
 1378 10063
 1446 24258
 1494 22338
 1579 17835
 1584  1456
 1680 22118
 1687 16409
 1706 18529
 1708 10290
 1736 10290
 1755 19619
 1809   788
 1855 10175
 1883 23860
 1913 10795
 2009  3652
 2180  8720
 2192   483
 2197  5664
 2254  3472
 2264  3009
 2327 25978
 2355  9318
 2369  4766
 2409 10037
 2423  7888
 2476  5506
 2555 16952
 2562   301
 2570   942
 2586 21336
 2590   156
 2601  4466
 2610 19877
 2703  5600
 2705   550
 2714  4766
 2742 10317
 2754  1516
 2840   982
 2852 26635
 2854  1765
 2864 12921
 2865  1366
 2866  1814
 2929  1896
 2976   488
 2980  1661
 3011 23458
 3067  2319
 3076  1916
 3080  1891
 3138  2075
 3153  2611
 3171  8706
 3173  1214
 3195  2716
 3199  2163
 3202   982
 3245  5084
 3251  9823
 3253 25556
 3264  2571
 3280  9721
 3297  2690
 3308  2742
 3334  3202
 3403  8262
 3532 26512
 3542  8607
 3576 10572
 3632  3160
 3640 13809
 3644 19310
 3651 25188
 3666  3103
 3676 27232
 3895 15218
 3989 20824
 4018  2226
 4068 15306
 4174  3753
 4204  4194
 4208  3845
 4224  3861
 4234  3641
 4256  4327
 4276  4449
 4277  4383
 4282  4027
 4283  4521
 4287  4523
 4289  4550
 4308  4633
 4316  4646
 4339  4230
 4354  4765
 4362  4759
 4368  4794
 4372  4814
 4435  4719
 4442 10249
 4479  9135
 4701  9245
 4703  2233
 4705  5205
 4728  4676
 4770  1411
 4794 27376
 4796  4791
 4883  9528
 4897  7472
 4920  5053
 4949  7426
 4984  5530
 4987  5536
 4990  9178
 5002  5590
 5015  5513
 5021  5225
 5028  5634
 5057  5681
 5063  5611
 5071  5592
 5073  5713
 5082  5388
 5097 13220
 5101  5746
 5102  5745
 5104  5723
 5151  5708
 5156  5765
 5174  9178
 5206  5842
 5210  5798
 5214  5797
 5225  5787
 5235  5587
 5241  7138
 5248  5862
 5268  5787
 5312 18501
 5321  7892
 5323  7899
 5327 20471
 5330  5867
 5334  6044
 5357  5755
 5394  5815
 5411  5873
 5430  5835
 5431  5768
 5569  6225
 5578  8799
 5610  8434
 5647  8562
 5843 23335
 5858  6091
 5861  6201
 5900   162
 5937  6891
 5949  6351
 5954  7832
 5987 25642
 6002 22404
 6049  7137
 6068  5871
 6070  7138
 6080  8500
 6088  7165
 6187  8689
 6199  7135
 6300  7257
 6352  7506
 6362  6068
 6370  7364
 6379  7596
 6381  7097
 6382  7095
 6386  7534
 6403  7490
 6432  7545
 6437  7408
 6446  7419
 6519  7031
 6535  7241
 6543  7255
 6546  7228
 6547  7370
 6550  7276
 6560  7357
 6585  7877
 6594 16029
 6596 16029
 6597  7241
 6608  7111
 6771  7133
 6840 18273
 6849 14066
 6857  7152
 6893  7336
 6917  7872
 6935  7818
 6943  7268
 6947  7485
 6963  7671
 6968  7441
 6989  7957
 7003  9766
 7006  6403
 7009  8160
 7030 17283
 7084  9247
 7093  5016
 7124  7368
 7126  7807
 7161 17189
 7187  8817
 7193  8816
 7195  8819
 7202  8774
 7214  8196
 7232  8789
 7233  8846
 7236  8849
 7237  8860
 7246  8825
 7248  8863
 7254  8806
 7256 16621
 7260 26000
 7282  8880
 7297  8844
 7315  8913
 7317  8924
 7324  8870
 7337  8897
 7355  8967
 7357  8973
 7360  8879
 7368  8983
 7381  9006
 7383  8975
 7387  9001
 7403  8812
 7406  9029
 7407  8976
 7412  8838
 7433  9024
 7462  9052
 7467  8963
 7483 13176
 7485  8656
 7491  9075
 7499  9092
 7521  9103
 7533  9119
 7554  9127
 7558  8178
 7566  8801
 7570  9130
 7573  9141
 7587  9087
 7589  8201
 7592  9190
 7595  9159
 7598  9161
 7614  9184
 7616  9175
 7633  9205
 7635  5009
 7642  9212
 7652  9256
 7655  9153
 7663  8903
 7668  9243
 7681  8962
 7699  9319
 7706  9344
 7722  8925
 7727  8955
 7733  9370
 7743  9377
 7747  9381
 7760  9391
 7762  9181
 7767  9392
 7768  9170
 7770  9195
 7831 20752
 7862  9286
 7881  9291
 7901  5621
 7923  2031
 7959 24170
 7965  9784
 7993 15723
 8051  9458
 8148  5227
 8170 15287
 8172  9367
 8180  7861
 8194  9373
 8207  9390
 8215  9406
 8240 25209
 8244  9501
 8246  9418
 8261  9515
 8275  3878
 8303  9577
 8313  9555
 8320  9557
 8323  9559
 8326  9520
 8333  9520
 8355  9531
 8360  9631
 8383 20870
 8387  5097
 8397   651
 8464 10239
 8466 10240
 8468 10239
 8483 10257
 8490  9649
 8493 10262
 8494 10297
 8504 10275
 8508 10277
 8509 10277
 8510 10282
 8516 10260
 8596 10351
 8616 23448
 8620 10377
 8621 10372
 8623 10365
 8655 10394
 8657 10391
 8665 12879
 8714 10408
 8772 18591
 8780 20318
 8785 10449
 8797 10452
 8802 10456
 8842 10441
 8892 10491
 8900 10511
 8905 10323
 8908 10323
 8943 10577
 8978 10330
 8999 10551
 9020 10567
 9041 10413
 9050 10419
 9060  9738
 9080  1469
 9087 10418
 9106 10090
 9129 10446
 9138 10564
 9140 10647
 9166 10671
 9182 18968
 9190 10225
 9198 11726
 9201 10483
 9215 10696
 9257 10512
 9306 10796
 9434 10972
 9453 10676
 9456 11080
 9481 10652
 9483 22768
 9487 10910
 9497 11136
 9525 10694
 9530 10681
 9535 10988
 9540 11018
 9553 11162
 9564 10699
 9567 11247
 9580 11289
 9650 10768
 9651 10726
 9652 10708
 9655 10714
 9670 10755
 9684 10708
 9686 10793
 9691 10811
 9725 23672
 9728 10779
 9759 10825
 9779 11043
 9791 11369
 9819 11196
 9830 10890
 9865 10895
 9870 10899
 9954 11915
 9973 11804
10014 12026
10054 24555
10090 11138
10180 11417
10187 11498
10230 11260
10247 11342
10269 11821
10326 11295
10423 11620
10451 11779
10462 20028
10497 11641
10507 23801
10509 11745
10521  3089
10645  7257
10704 12949
10827 18513
10859 13266
10903 21323
10920 19934
10924  4867
10940 13504
10958  3626
10976  3626
10976 18399
10986  6365
11000 10714
11045 23648
11077 24384
11238 11117
11246 21307
11332 23997
11454 17173
11486  9664
11559 27459
11562 25642
11596 18516
11609  6017
11698 10208
11727 24977
11790 25198
11886 26196
11898  5225
11931  1202
11943 26700
11949 10990
11952 11952
11992 23180
11995  5511
12031 27405
12038 16409
12057 24344
12074 20867
12109  3687
12119 23815
12192 13184
12266   334
12296 19100
12302 12210
12320 19389
12561 10925
12630 19864
12672  3626
12727 20191
12748  5455
12765   334
12807 12588
12815 18858
12817  4867
12846  9963
12850  5460
12867 12210
12871  5275
12897  8164
12921 12210
12925 20748
12955 24719
12966  3017
13201 19100
13217  5929
13236  6288
13290  5181
13354 17835
13372  4463
13616 10221
13641 19511
13713  9533
13794 19511
13816  9356
13839 10030
13847 23116
13849  7076
13850 15193
13875 23812
13907 17068
13930   488
13934 25578
13954 20591
14027 27449
14070  6553
14115  9918
14165 22975
14172  1509
14228  8336
14285 10385
14330 19511
14436 17507
14446  5455
14576 19511
14610  3281
14686 15779
14691  5929
14702  4719
14711  1136
14803 24344
14928 23927
14979  1327
15041  5380
15095  9528
15266 12192
15509 18897
15523  5441
15545 12508
15563  5621
15596   878
15664 22990
15809 21617
15873 11356
15920 25083
16062  7485
16195 26455
16501 26100
16700  4665
16705 23785
16756  5939
16778 25747
17056 13647
17187 24138
17240 14666
17262   455
17268 20730
17554 24869
17642 20878
17658  9420
17686  1163
17734  3676
17911  4665
17932  2188
18032 26590
18083 27449
18214 26878
18236 19877
18260 27365
18296     1
18304 17385
18329 27432
18330   672
18336 27372
18342 27365
