   10 11435
   18 20509
   21    21
   34    26
   34    42
   39    30
   40    43
   49 19486
   56 12566
   66   164
   72   174
  102  6162
  118   552
  151   623
  162    15
  209  5676
  223    12
  292  2558
  338  8908
  347  7250
  377   164
  417   204
  436   233
  462 10083
  475   552
  484  7960
  487 11858
  512   623
  537  5475
  568   174
  607  8158
  611    20
  612    24
  615 10075
  622  1767
  641    62
  666 10683
  668   105
  675    84
  697   114
  699 10587
  702   141
  704   140
  717   164
  723 20313
  748   204
  755  1332
  756   183
  770   203
  774 10106
  781   226
  786   213
  787   221
  791   239
  793   215
  794   227
  795   219
  796   242
  798   243
  803   229
  807   552
  829   289
  833   288
  844   321
  848   310
  855   268
  868   139
  876   281
  888    97
  899   128
  905   383
  906   373
  909   163
  912   164
  912   410
  913   124
  919   376
  938   412
  950  7057
  950 10356
  968   185
  973   400
  975   150
  977   148
  982   202
  988   451
  997   223
 1003   212
 1008   337
 1010   262
 1013   419
 1022   211
 1027    91
 1030   362
 1037   422
 1042   552
 1047   497
 1070   298
 1072   463
 1073   465
 1078   355
 1080   581
 1082   417
 1085   475
 1089   392
 1097   365
 1098   504
 1104   586
 1105  1169
 1106  2880
 1107   586
 1118   518
 1120   441
 1121   503
 1122   312
 1126   458
 1130  1311
 1135   530
 1136   336
 1137   623
 1163   539
 1166   605
 1175   396
 1178  1040
 1183   591
 1187   655
 1198   689
 1199   690
 1200   613
 1201   375
 1204   638
 1205   642
 1208   529
 1218   646
 1221   572
 1222   658
 1224   464
 1230   432
 1232   654
 1233   706
 1237   666
 1249   755
 1251  3813
 1252   728
 1253   614
 1262   683
 1264   667
 1273   714
 1275   693
 1276   714
 1285   617
 1289   129
 1296   628
 1300   686
 1301   661
 1308   783
 1310   841
 1311   587
 1321   766
 1322   753
 1329   779
 1332   781
 1335   710
 1344  2799
 1356   752
 1358   825
 1363   745
 1364   607
 1370   718
 1374   855
 1379   921
 1389   128
 1393   887
 1404   713
 1406   720
 1425   817
 1427   964
 1429   973
 1436  4571
 1442   941
 1443  1169
 1449   854
 1461   919
 1463   935
 1466   819
 1468   973
 1479   857
 1481   993
 1487  1018
 1488  1009
 1491  1198
 1498  1071
 1502  1018
 1513  1104
 1515  1045
 1526  1156
 1527  1012
 1532  1021
 1549  1156
 1551   942
 1556  1118
 1567  1105
 1579  1116
 1585   992
 1592   997
 1593   760
 1615  1219
 1623  1240
 1626  1184
 1628  1032
 1632  1049
 1634  1149
 1638  1196
 1643  1201
 1652  1164
 1653  1243
 1654  1242
 1656  1239
 1661  1168
 1664  1193
 1689  1204
 1704  1234
 1709  1231
 1725  1266
 1727  1024
 1728  1222
 1738  1236
 1741  1194
 1748  9789
 1756  1679
 1760  1281
 1762  1287
 1766  1310
 1767   677
 1768  1349
 1772  1322
 1775  2834
 1794  1272
 1799  1328
 1810  1335
 1810  1346
 1811  1329
 1813  1339
 1816  1369
 1820  1367
 1822  1258
 1830  2790
 1831  1282
 1836  1407
 1836  1424
 1849  1306
 1854  1378
 1855  1414
 1857  1417
 1863  1406
 1879  1439
 1885  1453
 1896  1471
 1926  1542
 1941  1555
 1945  1568
 1961  4551
 1971  1585
 1975  1592
 1979  1570
 1985  1550
 1992  1590
 2001  1612
 2007  1619
 2020  1648
 2024  1616
 2025  1629
 2032  1638
 2037  1660
 2041  1661
 2043  1675
 2045  1649
 2046  1675
 2051  1664
 2052  1680
 2058  1690
 2066  1694
 2071  1688
 2073  1689
 2075  1699
 2081  1697
 2082  1700
 2083  1712
 2088  6710
 2089  1725
 2094  1744
 2097  1730
 2099  1735
 2101  1741
 2107  1742
 2108  1828
 2111  1733
 2116  1747
 2121  1749
 2123  1756
 2124  1754
 2132  1763
 2147  1835
 2151  1829
 2152  1772
 2154  1777
 2157  1785
 2162  1794
 2165  1824
 2173  1821
 2178  1880
 2183  1817
 2188  1826
 2202  1884
 2208  1884
 2209  1830
 2210  1848
 2212  1856
 2214 11616
 2216  1908
 2218  1875
 2223  1902
 2226  1851
 2228  1862
 2230  1879
 2231  1867
 2235  1887
 2236  1950
 2239  1913
 2240  1947
 2242  2059
 2247  1957
 2250  1963
 2252  1907
 2254  1984
 2258  5219
 2262  1982
 2264  1990
 2269  1949
 2275  1915
 2277  1986
 2278  1917
 2283  1986
 2286  1966
 2287  1973
 2290  1975
 2291  1926
 2292  1926
 2293  1940
 2297  1941
 2299  1979
 2302  5306
 2306  1980
 2307  2004
 2309  1961
 2315  2025
 2317  2003
 2319  7216
 2328  2011
 2333  1988
 2336  2036
 2339  2040
 2343  2101
 2346  2018
 2347  2035
 2351  2007
 2353  2080
 2355  2020
 2358  2080
 2359  5210
 2361  2012
 2362  2039
 2367  2028
 2368  2084
 2371  2022
 2373  2033
 2376  2122
 2377  2076
 2387  2088
 2388  2230
 2389  2088
 2398  2053
 2399  2139
 2404  3197
 2406  2097
 2407  2097
 2409  2104
 2412  2060
 2417  2074
 2419  2109
 2420  2161
 2421  2146
 2423  2114
 2425  2146
 2426  2144
 2427  2135
 2431  2190
 2436  2208
 2441  2172
 2447  2180
 2455  2185
 2457  2247
 2464  2125
 2468  2154
 2469  2234
 2471  2235
 2473  2246
 2476 10140
 2479  2230
 2489  2159
 2498  2200
 2502  2615
 2503  2265
 2505  2335
 2509  2291
 2511  2306
 2512  2291
 2513  2232
 2514  2237
 2517  2315
 2524  2376
 2528  2278
 2529  2281
 2531  2420
 2536  2419
 2540  2312
 2543  2430
 2544  2374
 2546  2381
 2552  2380
 2553  7994
 2560  2368
 2569  2355
 2570  2488
 2573  2417
 2583  2490
 2586  2435
 2590  2429
 2592  2452
 2594  2502
 2595  2378
 2598  2421
 2601  2827
 2607  2528
 2608  9070
 2613  2513
 2634  2473
 2636  2496
 2637  2514
 2638  2547
 2641  3462
 2642  2539
 2643  2555
 2645  2541
 2657  2509
 2661  2480
 2667  2516
 2671  2527
 2675  2520
 2677  2515
 2681 16810
 2693  2508
 2698  2508
 2699  2527
 2705  2532
 2715  2561
 2716  2628
 2723  5304
 2725  2554
 2733  7334
 2741 16888
 2750  2670
 2751  2665
 2754  2699
 2755  2606
 2756  2623
 2765  2737
 2783  2634
 2786  2652
 2790  2796
 2791  2736
 2792  2736
 2804  5054
 2805  2707
 2806  2673
 2810  2753
 2825  2659
 2829  2781
 2830  2783
 2832  2668
 2842  2770
 2843  2142
 2847  2799
 2854  2916
 2864  2823
 2865  2849
 2866  2927
 2871  2827
 2875  2887
 2887  2913
 2897  3595
 2908  2922
 2922  2984
 2937  2955
 2942  2955
 2943  2994
 2949  2964
 2951  3003
 2959  2951
 2969  3046
 2970  3035
 2973  4002
 2980  2992
 2991  2966
 3006  2999
 3009  3112
 3013  3117
 3014  3028
 3015  3043
 3018  3013
 3019  3009
 3020  3010
 3021  3009
 3025  3030
 3027  3040
 3028  3139
 3029  3038
 3033  3148
 3040  3052
 3041  3162
 3048  3206
 3050  3068
 3051  3073
 3052  3074
 3056  3048
 3057  3100
 3058  3123
 3060  3198
 3064  3217
 3067  3220
 3070  3236
 3071  9422
 3076  3192
 3077  3251
 3086  3149
 3096  3224
 3100  2562
 3105  3336
 3117  3314
 3125  3330
 3144  3310
 3148  3298
 3149  3275
 3152  3308
 3153  3377
 3154  3283
 3157  3237
 3158  3304
 3159  3291
 3162  3377
 3169  3353
 3174  9195
 3177  3400
 3179  3336
 3182  3304
 3185  3342
 3193  3378
 3199  3396
 3202  3389
 3203  3635
 3204  9109
 3206  3393
 3207  3388
 3211  3403
 3224  3412
 3231  3426
 3232  3443
 3239  3492
 3244  3441
 3246  3442
 3254  3445
 3257  3445
 3264  3491
 3270  3615
 3275  3515
 3280  3592
 3293  3569
 3294  3677
 3295  3571
 3305  3579
 3311  3148
 3318  3683
 3320  1748
 3325  3673
 3326  3678
 3328  3661
 3334  3702
 3351  3726
 3368  3689
 3378  3742
 3398  3763
 3399  3720
 3406  5054
 3425  3744
 3434  3794
 3437  3793
 3458  3823
 3459  3760
 3478  3854
 3484  3835
 3485  3846
 3505  3856
 3511  3887
 3523  3837
 3524  3834
 3538  3892
 3549  3866
 3550  3919
 3559  3929
 3565  3944
 3570  3881
 3574  3983
 3579  3956
 3582  3940
 3584  3933
 3592  3949
 3596  3995
 3602  3970
 3614  3984
 3615  3984
 3619  3990
 3634  3999
 3635  4003
 3639  4022
 3644  4005
 3645  4017
 3649  8415
 3650  4009
 3656  4061
 3663  4004
 3664  4051
 3666  5740
 3674  4015
 3675  4112
 3683  4033
 3693  4070
 3695  4047
 3695  5740
 3706  4071
 3708  4091
 3710  4084
 3716  4073
 3723  4113
 3749  4118
 3750  5371
 3761  4123
 3765  1128
 3765  1497
 3766  4220
 3776    52
 3800   680
 3825  4163
 3828  4169
 3829  4172
 3839  4186
 3842  4189
 3845  4190
 3848  4951
 3852  5640
 3854  4228
 3864  4242
 3869 10182
 3874  4254
 3878  3861
 3880  4215
 3882  4226
 3907  4235
 3915  4199
 3951 17735
 3955  4505
 3971  4265
 3981  4250
 4001  4261
 4005  3769
 4006  4322
 4016  4515
 4032  4319
 4040  4316
 4041  4314
 4042  5588
 4044  4305
 4053  4311
 4055  4393
 4072  2025
 4078  4232
 4087  4432
 4096  4446
 4102  4452
 4104  5373
 4108  4348
 4111  4400
 4118  4462
 4130  4501
 4135  4426
 4146  4454
 4153  4516
 4163  4538
 4167  4548
 4168  4449
 4172  4439
 4173  4459
 4174  4497
 4194  4525
 4201  4530
 4208  4545
 4210  4489
 4212  4539
 4214  4487
 4215  4553
 4220  4609
 4224  4564
 4226  2517
 4227  4514
 4228  4518
 4230  4634
 4231  4568
 4233  4520
 4234  4499
 4239  4581
 4244  4590
 4251  4597
 4253  4617
 4259  4668
 4260  4669
 4265  4570
 4266  4675
 4275  4708
 4276  4709
 4277  4704
 4278  4745
 4279  4710
 4282  4672
 4283  4739
 4287  4746
 4291  4757
 4302  4779
 4305  4732
 4308  4804
 4310  4837
 4316  4824
 4317  4829
 4324  4791
 4330  4782
 4331  4853
 4332  4791
 4338 10281
 4340  4911
 4351  4901
 4352  4907
 4354  4928
 4356  4849
 4361  4844
 4362  4937
 4365  4955
 4368  4964
 4369  4866
 4382  4993
 4383  4982
 4388  4980
 4392  4990
 4393  4913
 4394  4897
 4395  4902
 4401 10135
 4402  4917
 4406  5018
 4407  4919
 4413  5032
 4415  4938
 4424  4949
 4431  4854
 4436  4973
 4443  4983
 4444  4981
 4449  4984
 4459  5108
 4465  5037
 4470  5057
 4477  5044
 4479  5059
 4481  5143
 4487  5012
 4488  5138
 4497  5053
 4506  5061
 4509  7409
 4517  5069
 4522  1817
 4529 16664
 4530  5148
 4539  5098
 4543  7458
 4548  5250
 4555 13231
 4559  5162
 4572  5240
 4578  1922
 4584  5160
 4590  5151
 4596  5270
 4598  5179
 4600  5201
 4602    54
 4605  5213
 4609  5184
 4611  5190
 4612  5121
 4613  5219
 4617  5146
 4621  5209
 4626  5292
 4631  5172
 4632  5211
 4634  1973
 4641  3945
 4649  5237
 4650  5192
 4651  5216
 4652  5258
 4659  2098
 4660  6895
 4665  5204
 4669  5223
 4670  5683
 4672  5350
 4676  5288
 4677  5269
 4683  5293
 4684  5291
 4685  5288
 4693  3929
 4694  5260
 4696  1996
 4696  5306
 4701  2230
 4703  5294
 4705  5301
 4707  5263
 4709  5279
 4715  5202
 4716  5263
 4717  5281
 4719  5322
 4724  5337
 4725  5337
 4728  5342
 4734  5353
 4745  5333
 4755  5324
 4762  5319
 4770  5374
 4771  5364
 4775  5366
 4778  5339
 4779  5326
 4786  2063
 4788  5382
 4795  5388
 4796  5384
 4802  5357
 4810  5397
 4828  5411
 4830  5401
 4833  2149
 4842  2114
 4846  5426
 4848  5410
 4864  5425
 4889  5851
 4902  5475
 4907  5488
 4908  7755
 4912  8450
 4920  5457
 4943  5528
 4955  5541
 4956 16451
 4961  5536
 4963  5544
 4969  5534
 4984  5581
 4985  5575
 4987  5584
 4991  5592
 5001  5475
 5002  5607
 5006  5586
 5016  5626
 5020  5553
 5025  5637
 5026  5639
 5028  5644
 5030  5620
 5044  5634
 5051  5648
 5057  5687
 5063  5688
 5063  8526
 5068  5708
 5071  5686
 5073  5725
 5077  5662
 5081  5659
 5082  5672
 5085  5655
 5086  5682
 5088  5757
 5089  5757
 5093  5674
 5097  5682
 5101  5772
 5104  5764
 5114  6217
 5121  5713
 5126  5802
 5127  6924
 5128  5727
 5138  5804
 5140  5747
 5146  5817
 5151  5801
 5152  5811
 5156  5818
 5172  5843
 5178  5762
 5180  5763
 5181  5774
 5183  5771
 5185  6289
 5186  5862
 5192  5780
 5197  5795
 5199  5796
 5206  5885
 5207  5888
 5210  5873
 5211  5878
 5222  5808
 5223  6376
 5225  5895
 5235  5810
 5237  5839
 5238  5875
 5240  5824
 5243  5819
 5248  5914
 5249  5831
 5250  5856
 5252  5847
 5261  5869
 5268  5895
 5276  5886
 5281  5941
 5285  5901
 5312  5974
 5319  5955
 5328  5996
 5340  5935
 5343  5954
 5344  5952
 5345  3753
 5347  5976
 5348  6047
 5349  5971
 5353  5968
 5357  5972
 5366  5964
 5390  5984
 5395  6077
 5404 10622
 5412  6013
 5414  6049
 5426  6056
 5459  6089
 5468  5274
 5473  6068
 5477  6088
 5478  6086
 5509  6172
 5513  6129
 5517  6148
 5521  6127
 5524  6103
 5527  6159
 5528 12956
 5538  7575
 5539  6163
 5543 13474
 5548  6167
 5549  6165
 5553  6158
 5555  6179
 5558  6191
 5562  6043
 5565  6202
 5581  6199
 5586  6218
 5589  2038
 5592  7575
 5596  6238
 5599  6224
 5600  6249
 5601  6252
 5619  6251
 5621  6259
 5628  6275
 5633  6272
 5635  6277
 5636  6305
 5638  6324
 5641  6292
 5643  6294
 5645  6278
 5648  6317
 5653  6318
 5656  6303
 5667  6350
 5669  6338
 5670  6337
 5672  6339
 5675  6348
 5679  6344
 5689  6352
 5691  6367
 5694  6365
 5698  6381
 5704  6392
 5708  6386
 5709  6433
 5713  6390
 5719  6358
 5721  6401
 5727  6415
 5733  6419
 5734  6423
 5737  6432
 5738  6431
 5742  6450
 5746  6451
 5747  6450
 5748  6442
 5751  6452
 5752  6469
 5760  6459
 5761  6462
 5766  6542
 5771  6481
 5776  6488
 5777  6485
 5779  6491
 5780  6493
 5784  6500
 5787  6498
 5788  6499
 5794  6492
 5799  6505
 5800  6514
 5802  6346
 5809  6522
 5810  6524
 5825  6565
 5827  6557
 5831  6528
 5835  4116
 5836  6693
 5845  6572
 5852  6636
 5853  6723
 5858  6601
 5860  6655
 5861  6616
 5872  6678
 5880  6584
 5886  6685
 5887  6683
 5891  7472
 5894  6592
 5895  6593
 5898  6594
 5900  8684
 5904  9748
 5905  6607
 5908  9748
 5910  8094
 5914  6727
 5917  7537
 5920  7544
 5925  6620
 5928  6830
 5931  6763
 5932  6773
 5937  6861
 5943  6795
 5952  6637
 5955  6691
 5959  6842
 5964 17142
 5973  6711
 5979  7786
 5989  6745
 5992  6930
 5997  6741
 6003  6755
 6007  6753
 6013  6940
 6014  6770
 6017  6766
 6022  7045
 6025  6776
 6030  6790
 6032  6807
 6036  7108
 6040  6705
 6042  6989
 6044  6993
 6046  6988
 6049  7080
 6052  7895
 6056  6827
 6063  6850
 6068  6849
 6069  7040
 6070  7122
 6074  7036
 6075  6891
 6088  7163
 6094  7087
 6100  7110
 6110  7131
 6115  8020
 6116  6933
 6118  7145
 6124  6942
 6127  6944
 6130  6941
 6131  6934
 6134  6973
 6135  7167
 6142 11590
 6149  6977
 6151  6982
 6152  7001
 6155  7212
 6156  7187
 6157  6976
 6165  6984
 6178  7014
 6185  7137
 6186  7259
 6197  7059
 6209  9097
 6214  7289
 6216  7285
 6220  7052
 6226  7001
 6230  7309
 6237  7404
 6239  7308
 6242  7077
 6244  7322
 6245  8207
 6247  7416
 6262 20416
 6269  8266
 6273  7373
 6276  7499
 6277  7368
 6280  7106
 6281  7361
 6284  7290
 6291  7153
 6293  7138
 6296  7394
 6303  7512
 6306  7429
 6308  7187
 6312  7534
 6316  7371
 6330  7578
 6337  7548
 6347  7484
 6349  7569
 6352  7560
 6355  7577
 6372  7257
 6373  7603
 6378  7252
 6379  7613
 6381  7464
 6383  7267
 6386  7594
 6391  7568
 6396  7597
 6398  7608
 6400  7516
 6403  7685
 6404  7585
 6406  7580
 6413  7716
 6418  7310
 6420  6917
 6421  7654
 6432  7801
 6446  7679
 6449  7385
 6453  7374
 6455  7685
 6463  7383
 6465  7841
 6466  7495
 6480  7775
 6483  7619
 6485  7477
 6498  7809
 6502  7734
 6508  7773
 6512  7480
 6530  7838
 6543  7782
 6546  7783
 6547  7824
 6552  7938
 6557  7805
 6559  7815
 6560  7800
 6566  7964
 6569  7701
 6572  7889
 6573  7832
 6580  7901
 6584  7584
 6585  7977
 6588  8776
 6595  8002
 6597  7980
 6599  7599
 6602  7929
 6604  7885
 6606  8123
 6608  7766
 6618  7944
 6621  8030
 6622  7825
 6649  6859
 6652  7989
 6665  7995
 6666  7980
 6670  7769
 6677  7903
 6681  8429
 6687  8026
 6690  8146
 6693  7793
 6697  8069
 6703  8059
 6705  7811
 6708 13116
 6714  8084
 6732  8125
 6739  8661
 6744  8166
 6747  6662
 6750  8181
 6752  8174
 6774  7909
 6784  8231
 6796  8023
 6798  7925
 6799  7955
 6804  7969
 6814  7905
 6819  8067
 6824  8081
 6825  7990
 6826  7992
 6835  8313
 6837  8310
 6840  7050
 6847  8327
 6848  8005
 6850  8327
 6858  8347
 6859  8348
 6865  8347
 6869  8010
 6882  7626
 6884  8397
 6893  8098
 6894  8412
 6895  8398
 6908  8426
 6911  8418
 6917  8376
 6918  8440
 6920  8433
 6923  9520
 6925  8432
 6929 10044
 6935  8385
 6943  8461
 6944  8218
 6947  8324
 6951  8280
 6954  8429
 6963  8321
 6964  8324
 6967  8495
 6971  8245
 6972  8513
 6975  8239
 6976  8254
 6979  8345
 6980  8363
 6983  8522
 6985  8526
 6989  8482
 6992  7831
 6993  8281
 7003  9634
 7009  8540
 7014  8648
 7021  8312
 7022  8298
 7025  8375
 7030  8387
 7031  8525
 7035  8420
 7045  8891
 7048  8656
 7055  8459
 7083  8687
 7088  8738
 7101  8718
 7104 16412
 7119  8523
 7126  8515
 7131  8737
 7141  8755
 7144  8483
 7146  8469
 7149  8487
 7154  8471
 7165  9098
 7166  8899
 7167  9090
 7176  2332
 7181  8790
 7187  9125
 7193  9136
 7194  8807
 7202  9103
 7206  8627
 7210  9149
 7223  8866
 7226  8547
 7231  9897
 7232  9138
 7233  9238
 7234  8853
 7237  9255
 7239  8633
 7240  9219
 7243  8830
 7244  9906
 7249  9908
 7254  9177
 7263  9334
 7267 16222
 7273  9325
 7280  8712
 7281  9375
 7282  9357
 7287  8662
 7291  8945
 7296  5637
 7297  9342
 7301  9398
 7313  8743
 7315  9417
 7316  9302
 7321  9428
 7336 18082
 7337  9372
 7346  9414
 7354  9474
 7355  9479
 7357  9480
 7358  9481
 7360  9432
 7363 12979
 7368  9499
 7381  9521
 7384  9089
 7387  9514
 7396  8860
 7402  9515
 7406  9539
 7407  9508
 7411  9518
 7412  9463
 7413  9507
 7415  8845
 7420  9100
 7424  9530
 7433  9549
 7446  9508
 7450  8923
 7453  8916
 7456  8943
 7458  8936
 7460 10473
 7462  9578
 7463  9587
 7471  9591
 7472  9400
 7475 20510
 7476  9619
 7477  8966
 7486  9559
 7490  8939
 7491  9604
 7495  9575
 7496  5014
 7514  9431
 7520  9602
 7521  9637
 7522  9439
 7536  9491
 7545  9491
 7547  9688
 7554  9672
 7559  9046
 7560  9690
 7562  9077
 7569  9069
 7574  9066
 7577  9073
 7587  9670
 7588  9699
 7589  9087
 7590  9528
 7592  9732
 7598  9720
 7607  9122
 7616  9736
 7622  9156
 7626  6180
 7633  9759
 7637  9613
 7640  9737
 7648  9751
 7649  9596
 7651  9593
 7654  9609
 7655  9776
 7658  9618
 7664  9644
 7667  9632
 7668  9808
 7673  9645
 7678  9650
 7682  9673
 7683  9870
 7684  9766
 7686  9744
 7691  9668
 7695  5931
 7697  9677
 7699  9878
 7701  9687
 7706  9888
 7707  9780
 7708  9700
 7710  9706
 7712  9709
 7713  9722
 7714  9715
 7716  9729
 7718  5964
 7719  9873
 7722  9711
 7725  9721
 7728  9747
 7732  9701
 7735  9735
 7737  9742
 7738  5981
 7741  9953
 7742  9924
 7743  9927
 7744  9753
 7750  9758
 7757  9947
 7760  9960
 7762  9824
 7768  9822
 7770  9828
 7776  9890
 7777  9917
 7779  9909
 7782 10019
 7783 10011
 7787  9902
 7792  9902
 7801  9812
 7802  9827
 7817 10061
 7819  9852
 7821 10116
 7827 10105
 7828  9859
 7833 10130
 7834  9854
 7837 11055
 7848  9872
 7851  9816
 7851  9855
 7862  9922
 7873 15427
 7876 19411
 7881  9963
 7885  9855
 7887  9886
 7897  9856
 7903  3455
 7912  5105
 7920  9944
 7926  9930
 7934 10231
 7936 10056
 7949  9993
 7958 10112
 7979 10035
 7989 10244
 7993   177
 7994 10186
 8001  5358
 8008 10044
 8024 10553
 8034 10136
 8046 10158
 8049 10123
 8050 10310
 8053 10255
 8054 10128
 8068 10183
 8082 10298
 8087 10594
 8093 10251
 8098 10328
 8099 10283
 8107 10238
 8110 10320
 8111 10245
 8126 10309
 8127 10273
 8133 10343
 8136 10312
 8144 10336
 8146 10294
 8147  8745
 8148 10358
 8158 10296
 8162 10340
 8167 10295
 8168 10344
 8172 10352
 8175 10633
 8179 10386
 8184 10644
 8186 10268
 8194 10356
 8203 11947
 8204 10435
 8207 10388
 8215 10374
 8217 10381
 8219 10419
 8225 10446
 8226 10490
 8229 17012
 8230 10487
 8240 10489
 8244 10504
 8246 10448
 8249 10423
 8251 10537
 8258 10544
 8261 10526
 8264 10459
 8271 10533
 8281 10523
 8285 10432
 8286 10571
 8288  5328
 8292 10560
 8303 10590
 8317 10541
 8319 10615
 8320 10592
 8323 10593
 8327 10567
 8352 10468
 8355 10589
 8369 10608
 8371 10614
 8376 10822
 8381 10833
 8382 19992
 8397 10674
 8414 10871
 8419 10814
 8426 10839
 8432 10847
 8434 10844
 8439 10653
 8441 10923
 8445 10861
 8450 10875
 8452 10662
 8455 10853
 8459 10908
 8460 10908
 8460 10915
 8462 10684
 8464 10904
 8468 10904
 8470 10690
 8472 10963
 8475 10719
 8476 10966
 8483 10938
 8484 10921
 8490 10713
 8494 10975
 8499 10708
 8504 10958
 8506 11016
 8508 10967
 8509 10967
 8513 10976
 8514 10985
 8515 10926
 8516 10960
 8522 10729
 8530 10993
 8531 10745
 8537 11028
 8542 11085
 8555  2528
 8558 11067
 8569 11060
 8573 11066
 8574 10832
 8575 10758
 8579 11155
 8583 11101
 8584 11043
 8590 11839
 8594 11110
 8596 11138
 8603 11170
 8613 11093
 8615 11202
 8620 11224
 8621 11214
 8623 11216
 8625 10889
 8626 11132
 8635 11920
 8636 11326
 8645 10942
 8647 11327
 8651 10762
 8655 11289
 8656 11339
 8660 11222
 8672 11310
 8683 11024
 8688 11109
 8700   108
 8714 11345
 8716 10972
 8718 11437
 8727 11439
 8746 11401
 8751 11236
 8776 11272
 8785 11473
 8790 11279
 8793 11486
 8795 11293
 8797 11496
 8802 11503
 8804 20125
 8805 11268
 8811 11583
 8813 11121
 8815 11242
 8826 11595
 8835 11301
 8842 11519
 8845 11322
 8847 11271
 8850 11642
 8852 11642
 8855 11579
 8856 11417
 8871 11651
 8882 11365
 8892 11631
 8895 11558
 8897 11695
 8899 11696
 8900 11664
 8906 11731
 8909 11407
 8919 11419
 8925 11420
 8929 11741
 8937 11428
 8939 11683
 8940  2945
 8941 11448
 8943 11748
 8946 11424
 8947 11307
 8951 11767
 8955 11176
 8961 11507
 8962 11500
 8970 11725
 8971 11499
 8974 11806
 8976 11796
 8977 11812
 8983 11578
 8988 11559
 8994 11823
 8995 11838
 8997 11532
 8998 11551
 8999 11763
 9006 11787
 9010 11603
 9011 11567
 9012 11574
 9014 11580
 9015 11840
 9018 11840
 9019 11587
 9024 11858
 9029 11802
 9039 11764
 9041 11648
 9043 11630
 9050 11665
 9053  6631
 9054 11371
 9061 11855
 9066 11799
 9067 11451
 9070 11434
 9081 11980
 9087 11740
 9089 11410
 9094 11905
 9097 11410
 9121 11929
 9122 11446
 9125 11772
 9128 11783
 9129 11793
 9132 12018
 9136 11788
 9137 11792
 9138 11898
 9139 11956
 9140 11944
 9144 11517
 9147 11903
 9152 11970
 9166 11973
 9181 11979
 9190 11626
 9192 11556
 9198 11877
 9200 11815
 9201 11870
 9202 12073
 9205 12037
 9209 11854
 9215 12036
 9229 12127
 9230 11997
 9239 12085
 9241 11884
 9243 11912
 9245 12094
 9253 12179
 9257 11940
 9261  2564
 9262 11926
 9271 12135
 9290 11975
 9293 11948
 9300 12168
 9301 12167
 9304 12011
 9306 12182
 9319 12003
 9321 12119
 9325 12173
 9327 11996
 9333 12192
 9341 12332
 9344 12054
 9347 12252
 9352 12059
 9355 12038
 9377 12086
 9379 12247
 9383 12263
 9385 12329
 9386 12093
 9393 12354
 9395 12101
 9402 12105
 9406 12321
 9412  3430
 9416 12126
 9434 12415
 9439 12147
 9444 12406
 9445 12172
 9453 12177
 9456 12509
 9459 12399
 9460 12399
 9461 12224
 9463 12540
 9467 12433
 9468 12573
 9473 12389
 9482 12211
 9483 12420
 9486 12213
 9487 12414
 9491 12632
 9493 12218
 9494 12592
 9510 12666
 9513 12517
 9523 12492
 9525 12305
 9527 12239
 9531 12245
 9534 12298
 9535 12518
 9536 12545
 9546 12692
 9549 12339
 9551 12568
 9552 12715
 9553 12627
 9556 12269
 9557 12576
 9561 12672
 9564 12328
 9578 10481
 9582 12324
 9584 12286
 9592 12533
 9593 12325
 9595 12284
 9596 12331
 9599 12320
 9600 12356
 9601 12292
 9608 12351
 9610 12309
 9611  7716
 9613 12401
 9617 12735
 9618 12366
 9621 12346
 9622 12427
 9632 12458
 9633 12368
 9634 12350
 9636 12710
 9638 12468
 9639 12344
 9645 12374
 9646 12457
 9650 12477
 9652 12360
 9653 12482
 9655 12365
 9656 12483
 9657 12385
 9661 12490
 9663 12694
 9666 12506
 9668 12486
 9670 12459
 9673 12508
 9677 12439
 9681 12446
 9683 12754
 9684 12373
 9686 12542
 9689 12761
 9691 12463
 9695 12449
 9699 12778
 9700 12532
 9716 12564
 9718 12565
 9722 12578
 9724 12521
 9728 12488
 9736 12577
 9737 12756
 9744 12717
 9745 12920
 9750 12613
 9751 12610
 9756 12614
 9759 12566
 9760 12640
 9763 12751
 9767 12599
 9772 12588
 9776 12707
 9779 12762
 9780 12775
 9781 12681
 9784 12652
 9791 12873
 9792 12866
 9796 12801
 9797 12660
 9799 12658
 9802 12646
 9805 12648
 9807 13028
 9808 12693
 9809 12677
 9812 12674
 9814 12688
 9816 12685
 9819 12852
 9830 12744
 9831 12742
 9834 12708
 9842 12711
 9843 12790
 9845 18907
 9847 12798
 9851 12974
 9858 12764
 9860 12961
 9866 12938
 9873 12780
 9874 13128
 9884 12767
 9888 12755
 9889 12832
 9895 12803
 9900 13188
 9902 13044
 9909 13201
 9910 12887
 9913 12872
 9914 12823
 9915 13206
 9918 12900
 9921 13235
 9923 12842
 9929 12844
 9930 12787
 9931 12855
 9938 12837
 9939 12922
 9940 12924
 9942 12891
 9946 12904
 9951 13261
 9952 12929
 9954 13226
 9955 12859
 9958 13275
 9968 12928
 9969 12883
 9979 12877
 9983 12888
 9989 12882
 9995 12886
 9997 13306
 9999 12893
10005 12910
10008 12919
10010 13166
10013 12935
10014 13324
10015 13305
10017 12915
10018 12962
10019 13301
10023 13004
10024 13387
10027 12912
10034 13429
10041 13126
10042 12993
10045 12937
10050 13397
10067 13395
10071 12980
10075 13063
10077 13022
10086 13018
10087 13441
10088 13058
10090 13026
10093 13537
10095 13050
10104 13095
10112 13085
10122 13073
10126 14018
10133 13342
10135 13153
10140 13067
10144 13097
10149 13105
10156 13165
10158 13109
10159 13113
10167 13090
10168 13331
10174 13108
10175 13112
10180 13108
10180 13124
10185 13183
10194 13562
10199 13659
10202 13159
10203 13093
10212 13160
10215 13687
10217 13691
10224 13588
10228 13224
10230 13106
10232 13187
10238 13413
10239 13243
10240 13191
10243 13215
10247 13209
10248 13221
10251 13722
10256 13270
10263 13739
10266 13745
10269 13486
10272 13300
10275 13770
10279 13781
10280 13233
10281 13285
10284 13220
10286 13784
10287 13572
10292 13765
10295 13228
10305 13282
10307 13327
10310 13414
10313 13318
10315 13824
10316 13266
10318 13334
10322 13831
10323 13695
10326 13202
10333 13386
10339 13328
10343 19181
10344 13304
10345 13382
10347 13325
10351 13326
10353 13419
10358 13379
10361  4844
10362 13806
10365 13373
10366 13380
10376 13407
10382 13946
10387 13712
10389 13960
10393 13458
10395 13468
10396 13445
10406 13482
10407 13438
10408 13470
10409 13522
10419 13573
10423 13527
10424 13481
10425 14026
10428 13538
10429 13501
10430 15102
10431 13495
10437 13569
10448 13543
10450 13611
10451 13519
10454 13540
10460 13564
10463 13560
10464 14097
10465 13521
10476 13635
10479 13981
10484 13549
10485 14046
10487 13915
10489 13580
10497 13567
10498 13656
10500 13786
10503 14161
10504 14166
10509 13618
10511 13579
10519 14205
10520 13794
10522 13637
10527 13684
10530 13610
10531 13607
10532 13647
10537 13638
10538 14084
10543 13673
10546 14263
10567 13646
10571 14288
10576 13617
10594 14162
10595 13654
10599 13747
10600 13760
10605 13645
10607 13685
10616 10035
10626 11160
10635 13711
10637 13679
10642 13701
10644 14394
10646 13769
10648 13689
10660 13835
10677 13777
10704 14217
10729 14430
10737 14502
10763 13827
10766  9203
10770 14469
10790 14517
10796 14589
10820 14646
10826 14627
10829 14567
10835 14676
10859 14509
10888 14592
10896 14808
10897 14763
10912 15066
10927 15113
10928 14897
10943 15154
10946 14983
10984 15079
10986  7112
10987  5250
11004  8385
11110  8834
11196   218
11264 12712
11348  8778
11391  6809
11402 18152
11425 20521
11426 14185
11437  1984
11442  4371
11485 10100
11501   270
11515  2337
11622 10262
11662 10461
11665  1120
11670 19893
11766  2767
11822  4486
11850  3753
11885 13295
11890  1549
12003  5740
12009  1265
12076  7483
12120  2966
12142 13746
12236    63
12310 10565
12343  9530
12375 20354
12385 11055
12385 15119
12479 14945
12554  2966
12613 16801
12690  7235
12773  7406
12802 16420
12820  3096
12955 20308
12967 15266
12987 17473
12992 14391
13057  2966
13085  2369
13109 14877
13340 13142
13365  2141
13528 12022
13563 20484
13602 11405
13779  7149
13889 10762
13929    36
13942   803
13954 19890
13985 17282
13986  5686
13992 17660
14027 18727
14141 19178
14216 18726
14240  7149
14257  2135
14344  4812
14375 19294
14505  2959
14525   419
14538  7149
14570 13888
14643  4307
14715 10953
14734  1695
14834  1457
14923  9080
15012 16593
15130  2278
15495  2959
15551 13143
15745 20019
15783 18220
15794 17735
15875 17269
16020  2759
16060  1518
16200 15999
16339 20521
16408 12517
16430  8674
16628 19320
16670 10898
16720 20369
16732 18999
16832 11473
16838 15734
16943 14145
17141  3095
17294 17729
17345 18023
17455  2833
17458 16054
17557  8162
17693    52
17817  3242
17850 10902
17903  3930
17939 17729
17943 18336
17966 16804
18083 18727
18197 17711
18236 11055
18265 20428
18271  1986
18281 20484
18286 20484
18287 20473
18291 19147
18293 20528
18299 16593
18305 20532
18324 18727
18336 20532
