    2    13
   11  8841
   18 14874
   21 13858
   25     2
   33    28
   34 17403
   35    51
   36  2892
   40    23
   48  2951
   49    26
   50  2984
   52    95
   57  2970
   59  9003
   66  3502
   74  2990
   75  2999
   98  3028
  109  3048
  110  3033
  112  3043
  114  3046
  118  3090
  119  3064
  123  3037
  127  3070
  129  2799
  131  3085
  142  2953
  143  3076
  148  2819
  152  3110
  154  7193
  165  3123
  166  2889
  180  3140
  200  3132
  201  3165
  202  2749
  217  3168
  220 10193
  224  3160
  225  2860
  235  2975
  237  3176
  238  2975
  239  3187
  243  3030
  251  3193
  259  1849
  259  8495
  261  3216
  265  3236
  270  3213
  274  3245
  275  3081
  276  3244
  280  3203
  282  3234
  289  3047
  291  3237
  293  3295
  299  3232
  300  2832
  303  3074
  304  3231
  307  3068
  316  3272
  321  2840
  325  3284
  331  3267
  339  3321
  347  3274
  352  2995
  357  3281
  358  3309
  364  3313
  366  3327
  367  3314
  370  3332
  374  2882
  377  3502
  382  3300
  383  2839
  384 14738
  386  3345
  392  3342
  393  3386
  394  3331
  395  2851
  398  3115
  402  9003
  404  2997
  407 10961
  409  3129
  412  3375
  414  3009
  417  3842
  418  3135
  421  3011
  424  3010
  434  3086
  440  3063
  442  3052
  444  3401
  445  3395
  449  3376
  452  3394
  453  3419
  458  3383
  462  3382
  466  3418
  472  2941
  475  2805
  475  3729
  476 10967
  480  8069
  485  3417
  497  3437
  505  3227
  510  3145
  514  3443
  515  3151
  519  3142
  527  3456
  533  3455
  534  3339
  542  3475
  549  3192
  551  3186
  554  3472
  556  3202
  560  3477
  563  3105
  564  3479
  576  3483
  577  3491
  581  3273
  583  3282
  591  2981
  593  3480
  600  2998
  602  3509
  603  3517
  604  3320
  605  3373
  609  3508
  611  3513
  612  3521
  617  3014
  621  3366
  622  7086
  624  2862
  625  2317
  636  3348
  650  3191
  654  9721
  655  3545
  656  3239
  662  3059
  668  3568
  669  3561
  675  3571
  676  3262
  679  2598
  681  3254
  687 15043
  692  3341
  697  3580
  702  3591
  704  3593
  719  3567
  724  3581
  730  3586
  734  3139
  736  3613
  742  3163
  743  3621
  746  3174
  748  3230
  759 17315
  766  3608
  770  4375
  774  3154
  776  4765
  782  3489
  784  3206
  787  3662
  793  3669
  794  3657
  795  3670
  796  3683
  799  3505
  803  3675
  807  2958
  816  3524
  826 17003
  827  3195
  830  3557
  832  3690
  833  3708
  844  3731
  845  3537
  848  3727
  856  3734
  858  3783
  863  3399
  868  3235
  874  3541
  877  3541
  879  3577
  883  3476
  894  3563
  895  3573
  896  3316
  898  9721
  915  3781
  919  3764
  922  3584
  929  3319
  935  3777
  940  7557
  958  3798
  961  3299
  965  3842
  972  3485
  974  7180
  988  3818
 1007  3631
 1009  3328
 1019  3884
 1020  3866
 1022  3685
 1024  8298
 1037  3816
 1040  3685
 1047  3872
 1051  3713
 1061  3870
 1071  3850
 1073  3863
 1074  3937
 1079  3459
 1084  3859
 1094  3899
 1098  3892
 1104  3932
 1105  3755
 1107  3932
 1122  3697
 1130  3950
 1140  3939
 1142  3714
 1152  3724
 1155 15455
 1183  3974
 1187  4020
 1195  3779
 1198  4044
 1216  3745
 1221  3813
 1226  3970
 1232  4027
 1238  3514
 1240  4059
 1242  3852
 1243  3782
 1249  4089
 1250  3469
 1252  4055
 1256  3447
 1274  3685
 1276  4058
 1278  3875
 1280  2937
 1285  3893
 1290  4120
 1291  3928
 1294  3806
 1298  3812
 1299  3907
 1302  7165
 1306  3891
 1314  4026
 1326  3846
 1335  3978
 1337  3813
 1349  3904
 1350  4196
 1353  4192
 1361  4053
 1364  3814
 1365  8724
 1370  3935
 1371  3879
 1406  3905
 1434  4257
 1439  4090
 1445  4057
 1449  4066
 1452  4090
 1455  3813
 1457  4147
 1461  4199
 1463  4144
 1467  4021
 1478  4172
 1479  4028
 1485  4213
 1500  3633
 1503  3951
 1512  4067
 1515  4242
 1529  4209
 1534  4147
 1537  3806
 1549  4329
 1550  3715
 1553  4001
 1558  3596
 1567  4259
 1568  4258
 1575  4347
 1585  3699
 1602  4460
 1617  3770
 1618  3806
 1623  4310
 1633  4230
 1647  3740
 1648  4325
 1652  4269
 1654  4375
 1655  3740
 1671  3707
 1678  3572
 1687  4248
 1697  3945
 1704  4317
 1709  4090
 1716  4275
 1719  4275
 1736  4377
 1738  4290
 1742  3807
 1762  3641
 1802  3920
 1803  7347
 1806  3710
 1810  3652
 1813  4223
 1835  4449
 1849  4160
 1863  4308
 1897  3748
 1900  3980
 1917  4515
 1928 16837
 1931 15465
 1945  4578
 1952  3828
 1975  3912
 2001  4061
 2004 14048
 2011 16365
 2013 11731
 2019  4483
 2026  4268
 2027  4332
 2033  4514
 2035  4245
 2040  4529
 2043  4167
 2044  4118
 2052  4184
 2058  4237
 2066  4367
 2072  4383
 2075  4378
 2083  4392
 2089  4324
 2092  4435
 2093  4437
 2097  4339
 2103  4465
 2116  4462
 2117  4379
 2121  4472
 2123  4433
 2126  4491
 2127  4542
 2130  4543
 2138  4557
 2139  4425
 2142  4536
 2143  4489
 2144  4592
 2147  6687
 2152  4531
 2162  4541
 2163  4540
 2166  4549
 2173  4509
 2187  4574
 2188  4597
 2198   240
 2208  4668
 2211 15827
 2212  4652
 2213  4629
 2215  4678
 2216  4705
 2218  4661
 2230  4608
 2231  4657
 2234  4733
 2236  4711
 2239  4708
 2245  4656
 2247  4914
 2252  4713
 2258  6794
 2260  4721
 2261  4798
 2262  4740
 2264  4830
 2269  4738
 2272  4670
 2273  4695
 2275  4700
 2276  4639
 2277  4818
 2280  4669
 2281  4777
 2283  4818
 2284 14812
 2292  4683
 2293  4696
 2294  4756
 2297  4720
 2302  4765
 2304  4736
 2306  4811
 2307  4766
 2315  4774
 2317  4801
 2318  4798
 2322  4825
 2328  4816
 2334  4815
 2335  4750
 2338  4712
 2339  4803
 2341  4949
 2343  4914
 2346  4832
 2347  4861
 2348  4852
 2353  4897
 2355  4848
 2358  4897
 2362  4837
 2372  4846
 2376  4931
 2398  4842
 2406  4916
 2407  4916
 2407  6731
 2416  4823
 2419  4820
 2427  4957
 2436  4998
 2441  4859
 2443  5004
 2447  4991
 2454  4849
 2464  4869
 2469  5016
 2471  5015
 2475  4887
 2476  4890
 2484  5021
 2487 10327
 2491 10950
 2503  4980
 2509  5068
 2509 10389
 2511  5080
 2514  4909
 2519  5096
 2525  4934
 2526 14064
 2528  4932
 2536  4860
 2543  4858
 2546  5133
 2554  4882
 2569  7252
 2570  4905
 2580  5116
 2581   241
 2584  5003
 2590  5128
 2591  4924
 2594  4927
 2598  4984
 2601  5022
 2633  5044
 2635  5113
 2637  4967
 2653  4935
 2657  5199
 2670  6457
 2671  5224
 2675  5220
 2677  5192
 2683  5013
 2691  2420
 2695  5092
 2699  5224
 2714  5064
 2716  5023
 2725  5237
 2754  5036
 2755  5271
 2762 10005
 2765  5082
 2776  5288
 2785  5191
 2791 11330
 2792 11330
 2794  5143
 2800  5104
 2806  5284
 2807  5114
 2810 11303
 2811 16238
 2816 16238
 2829  5349
 2830  5349
 2834  5355
 2836 17331
 2842  5343
 2847  5371
 2854  5156
 2864  5352
 2866  5169
 2869  5208
 2871  5022
 2871  5385
 2881 11946
 2882  5221
 2922  5204
 2924 14313
 2931  5203
 2937  5313
 2949  5253
 2951  5219
 2953  2506
 2956  5234
 2959  5435
 2968  5459
 2980  5266
 2995  5275
 3003  5465
 3019  5467
 3020  5473
 3021  5467
 3025  5495
 3026  9557
 3027  5491
 3028  5286
 3029  5498
 3031 16068
 3036  5321
 3038  5323
 3042  5508
 3058  5348
 3060  5287
 3064  5305
 3065  5389
 3067  5301
 3070  5311
 3071  5333
 3105  5518
 3117  5359
 3132  5387
 3148  5463
 3151 10938
 3157  5496
 3162  5434
 3169  5504
 3179  5593
 3185  5566
 3198  5502
 3199  5523
 3208 10166
 3211  5525
 3215  5509
 3218  5656
 3229  5489
 3231  5632
 3267  5587
 3284  5611
 3293  5621
 3295  5626
 3305  5627
 3319  5597
 3327  5584
 3328  5610
 3346  9163
 3347  5679
 3352  5634
 3355  5628
 3365  5617
 3375  5693
 3378  5623
 3398  5653
 3401  5148
 3404  5662
 3406  9004
 3417  5683
 3421  5060
 3430  5694
 3454  5705
 3463  5762
 3464  5747
 3467  5703
 3469  5709
 3473  5708
 3478  5713
 3480  5723
 3484  5777
 3485  5781
 3486  5733
 3488  5778
 3490  5773
 3497  5776
 3511  5745
 3538  5822
 3543  5798
 3547  3141
 3550  5786
 3551  5831
 3553  5803
 3565  5816
 3567  5814
 3570  5873
 3573  5852
 3575  5862
 3579  5826
 3584  5850
 3590  5907
 3592  5908
 3595  5876
 3596  5839
 3602  5931
 3607  5918
 3616  5888
 3633  5984
 3639  5982
 3645  5958
 3650  5957
 3654  5926
 3663  5922
 3664  5993
 3666  5992
 3671  5994
 3674  5912
 3675  5921
 3676  6014
 3678  6026
 3687  5945
 3688  6038
 3693  5919
 3706  5975
 3710  5978
 3723  6049
 3726  5983
 3729 13792
 3736  6010
 3740  6034
 3744  5997
 3747  6008
 3748  6022
 3750  6999
 3760  6020
 3774  6037
 3776 11534
 3782  6042
 3784  4104
 3790  6065
 3795  6047
 3806  6080
 3810  6064
 3825  6078
 3828  6081
 3829  6086
 3838  6088
 3848  6114
 3858  6115
 3872  6137
 3874  6093
 3897  6146
 3907  6122
 3914   784
 3915  6197
 3915  6227
 3938  6165
 3955  6192
 3956  6151
 3958  6196
 3967  6183
 3971  6195
 3981  6186
 4005  6204
 4006  6184
 4015  6219
 4019  6223
 4027  6188
 4031  6231
 4041  6239
 4053  6280
 4087  6224
 4090  6260
 4102  6235
 4103 15142
 4118  6278
 4122  6269
 4135  6332
 4148  6296
 4163  6276
 4178  1677
 4200  6382
 4201  6324
 4209  6326
 4212  6322
 4214  6395
 4220  6298
 4224  6343
 4232  6307
 4251  6357
 4252  6370
 4254  6353
 4259  6328
 4266  6345
 4276  6355
 4278  6375
 4279  6360
 4282  6416
 4291  6396
 4293  6453
 4302  6413
 4310  6436
 4315  6442
 4316  6441
 4317  6443
 4321  6445
 4335  6510
 4338  6459
 4339  6514
 4340  6474
 4349  6475
 4351  6475
 4352  6479
 4353  6547
 4354  6484
 4355  6487
 4356  6632
 4361  6546
 4362  6492
 4372  6497
 4373  6495
 4380  6518
 4382  6511
 4383  6525
 4388  6527
 4389  6519
 4391  6529
 4392  6532
 4393  6591
 4396  6534
 4400  6581
 4401  6583
 4402  6588
 4403  6584
 4405  6539
 4406  6536
 4414  6595
 4415  6597
 4417  6551
 4420  6564
 4421  6618
 4424 13199
 4431  6717
 4434  6589
 4435  6611
 4436  6626
 4439  6620
 4442  6637
 4443  6629
 4452  6645
 4455  6639
 4459  6609
 4467  6665
 4470  6667
 4478  6672
 4479  6673
 4487  6727
 4497  6713
 4499  6691
 4503  6694
 4506  6678
 4507  6676
 4508  6700
 4512  6693
 4522  6695
 4524  6704
 4525  6720
 4533  6787
 4535  6705
 4538  6722
 4539  6714
 4541  6724
 4544  6731
 4547  6725
 4548  6729
 4552  6742
 4555  6735
 4559  6741
 4566  6738
 4572  6711
 4573  6746
 4574  6739
 4577  6748
 4580  6743
 4585  6740
 4587  6754
 4591  6751
 4596  6732
 4598  6766
 4599  6769
 4603  6773
 4604  6819
 4605  6767
 4609  6764
 4612  6833
 4613  6794
 4622  6799
 4623  6827
 4624  6824
 4631  6839
 4632  6791
 4634  6812
 4638  6823
 4640  6815
 4652  6808
 4659  6871
 4660  6268
 4661  6875
 4662  6877
 4665  6876
 4677  6832
 4681  6830
 4683  6831
 4684  6821
 4691  6880
 4701  6900
 4704  6838
 4705  6858
 4707  6913
 4709  6896
 4712  6915
 4715  6919
 4716  6913
 4719  6851
 4724  6856
 4728  6881
 4734  6861
 4736  6861
 4745  6882
 4760  6951
 4762  6954
 4771  6921
 4775  6918
 4778  6967
 4779  6961
 4781  6926
 4786  6965
 4788  6907
 4795  6905
 4796  6933
 4807  6931
 4810  6945
 4814  6958
 4822  6982
 4833  6979
 4846  6985
 4864  7007
 4884  7018
 4895  7036
 4920  7067
 4926  7078
 4931  7066
 4932  7035
 4934  7065
 4943  7049
 4945  7085
 4961  7103
 4963  7101
 4966  7104
 4975  7071
 4976  7111
 4981  7096
 4982  7115
 4984  7089
 4987  7093
 4991  7094
 4998  7136
 5000  7143
 5002  7109
 5007  7158
 5010  7121
 5026  7128
 5028  7135
 5047  7290
 5053  7186
 5057  7160
 5063  7203
 5071  7211
 5073  7177
 5075  7195
 5077  7214
 5078  7205
 5081  7225
 5082  7201
 5083  7213
 5086  7207
 5088  7190
 5089  7190
 5101  7198
 5102  7199
 5104  7208
 5114  7091
 5115  7260
 5121  7252
 5122  7254
 5123  7235
 5124  7247
 5126  7215
 5135  7265
 5140  7276
 5144  7287
 5151  7270
 5152  7281
 5156  7237
 5157 10078
 5169  7292
 5172  7245
 5186  7258
 5196  7268
 5198  7277
 5207  7301
 5210  7284
 5214  7288
 5215  6439
 5222  7326
 5223  7148
 5230  9629
 5235  7341
 5237  7332
 5241  7331
 5242  7347
 5247  7349
 5248  7306
 5249  7352
 5250  7345
 5252  7346
 5253  6466
 5254  6470
 5256  7348
 5257  6468
 5266  6483
 5268  8711
 5276  7364
 5281  7340
 5285  7374
 5294  7387
 5297  7388
 5303  7380
 5307  6531
 5308  7391
 5312  7426
 5315  7401
 5319  7378
 5323  7219
 5325 16355
 5328  7389
 5331  7382
 5334  7377
 5343  7411
 5346  7394
 5348  7385
 5349  7436
 5353  7437
 5355  7428
 5356  7450
 5357  7448
 5358  7443
 5359  7444
 5365  7396
 5369  7458
 5370  7456
 5371  7457
 5374  7455
 5380 13291
 5382  6604
 5393  7465
 5394  7460
 5397  7418
 5399  7439
 5400  7470
 5405  7429
 5414  7461
 5421  7483
 5422  7482
 5424  7489
 5431  7491
 5443  7486
 5450 14686
 5455  7543
 5457  7472
 5465  7485
 5482  7496
 5485  7509
 5487  7517
 5490  7526
 5493  7514
 5496  2010
 5498  7513
 5504  7521
 5509  7525
 5513  7533
 5521  7537
 5524  7548
 5526  7543
 5527  7542
 5529  7547
 5532  7550
 5539  7554
 5549  7553
 5553  7556
 5555  7560
 5556  7559
 5559  7564
 5564  7565
 5572  7579
 5582  7600
 5583  7602
 5586  7595
 5596  7610
 5617  7643
 5618  7628
 5619  7644
 5628  7655
 5633  7663
 5635  7673
 5639  7659
 5645  7686
 5646  7691
 5647  7695
 5649  7697
 5651  7706
 5653  7716
 5656  7721
 5661  7677
 5667  7722
 5672  7734
 5674  7739
 5677  7742
 5678  7703
 5679  7749
 5681  7750
 5684  7746
 5684  7765
 5689  7760
 5694  7767
 5698  7786
 5699  7770
 5707  7773
 5708  7781
 5709  7776
 5711  7802
 5713  7787
 5715  7791
 5721  7805
 5728  7819
 5730  7822
 5732  7745
 5735  7805
 5737  7827
 5738  7826
 5747  7836
 5749  7841
 5750  7838
 5756  7813
 5757 17135
 5759  7850
 5760  7855
 5771  7873
 5773  7566
 5774  7874
 5777  7879
 5779  7886
 5780  7881
 5784  7882
 5787  7888
 5788  7889
 5789  7891
 5792  7893
 5793  7914
 5794  7907
 5797  7894
 5799  7901
 5804  7910
 5806  7929
 5807  7911
 5809  7916
 5810  7924
 5812  7927
 5816  7961
 5817  7938
 5819  7942
 5820  7944
 5823  7952
 5824  7884
 5827  7959
 5833  7962
 5836  7897
 5839  7980
 5845  7974
 5849  7972
 5853  7930
 5854  7932
 5857  7967
 5858  8000
 5861  7986
 5875  7983
 5880  8053
 5887  7995
 5889  8042
 5890  8056
 5892  8067
 5894  8066
 5897  8037
 5898  8072
 5903  8002
 5910  8967
 5911  8025
 5912  8085
 5915 14305
 5923  8046
 5925  8103
 5937  8043
 5943  8080
 5952  8132
 5954  8156
 5955  8096
 5965  8095
 5969  8089
 5977  8150
 5984  8122
 5987 17020
 6007  8185
 6012  4004
 6013  8154
 6022  8124
 6030  8208
 6036  8138
 6045  8187
 6049  8164
 6051  8223
 6058  8229
 6063  8233
 6070  8180
 6073  8245
 6075  8240
 6078  8182
 6079  8199
 6087  8260
 6096  8268
 6110  8246
 6112  8250
 6116  8284
 6124  8298
 6131  8345
 6132  8307
 6136  8271
 6155  8289
 6156  8331
 6157  8334
 6170  3497
 6182  8357
 6183  8287
 6197  8368
 6198  8372
 6206  8321
 6216  8332
 6217  8597
 6220  8390
 6226  8392
 6229  8334
 6239  8350
 6241  8348
 6247  8333
 6248  8362
 6252  8496
 6255  8987
 6257  8370
 6265  8440
 6272  8451
 6276  8352
 6277  8382
 6284  8417
 6285  8389
 6287  8459
 6291  3018
 6296  8396
 6299  8365
 6300  8404
 6303  8377
 6305  8522
 6308  8331
 6311  8488
 6312  8379
 6316  8456
 6319  8502
 6323  8422
 6324  8418
 6326  8340
 6328  8492
 6329  8437
 6330  8423
 6333  8403
 6335  8441
 6346  8444
 6348  8400
 6352  8414
 6352  8443
 6354  8407
 6355  8434
 6360  8526
 6361  8465
 6362  7894
 6365  8538
 6370  8490
 6373  8466
 6374  8547
 6379  8452
 6381  8525
 6403  8596
 6409  8511
 6412  8568
 6413  8550
 6416  8576
 6417  9040
 6418  8594
 6429  8558
 6432  8577
 6446  8567
 6448  8987
 6451  8570
 6462  8574
 6467  8644
 6473  8650
 6474  9193
 6478  8470
 6495  8696
 6496  9022
 6498  8620
 6508  8677
 6512  8713
 6514  8694
 6519  8698
 6530  8649
 6540  8743
 6541  8740
 6543  8728
 6546  8766
 6547  8704
 6550  8812
 6551  8670
 6552  8640
 6553  8685
 6560  8900
 6573  8751
 6585  8680
 6586  8884
 6592  8723
 6594  8630
 6596  8630
 6599  8805
 6604  8720
 6609 16857
 6613  8753
 6614  8749
 6621  8772
 6622  8904
 6624  8763
 6632  8764
 6635  8815
 6647  8927
 6648  8860
 6649  8110
 6656  8927
 6670  8893
 6677 15701
 6678  8830
 6695  8990
 6698  8919
 6702  8932
 6703  8863
 6706  8882
 6713  8669
 6714  8888
 6727  8908
 6732  8914
 6742  8922
 6747  8967
 6752  3498
 6762  8987
 6764  8985
 6772  9004
 6785  9068
 6790  9006
 6798  9116
 6799  9012
 6803  9102
 6806  1157
 6814  9116
 6824  9129
 6828  9065
 6829  9003
 6847  9017
 6849  9074
 6850  9017
 6862  9074
 6869  9064
 6874 16272
 6879 16511
 6889  9725
 6903  9069
 6904  9131
 6906  9066
 6915  9089
 6916  9159
 6917  9160
 6919  9271
 6920  9003
 6920  9088
 6930  9104
 6943  9137
 6944  9197
 6951  9202
 6952  9197
 6956  9237
 6963  9224
 6967  9178
 6969  9248
 6970  9360
 6978  9263
 6985  9212
 6989  9258
 6992  9267
 6993  9264
 6999  9288
 7003  9028
 7004  9288
 7019  9300
 7021  9323
 7022  9317
 7024  9296
 7025  9416
 7031  9304
 7032  9255
 7039  9346
 7048  9279
 7055  9356
 7058  9276
 7061  9310
 7068  9372
 7084  9668
 7086  3186
 7088  9380
 7127  9718
 7131  9406
 7141  9414
 7144  9474
 7145  9226
 7148  9465
 7157  9486
 7164  9486
 7168  9430
 7182  9448
 7193  9501
 7202  9507
 7205  9514
 7210  9513
 7233  9538
 7236  9543
 7237  9545
 7238  9541
 7246  9550
 7249  9331
 7259  9653
 7261  9561
 7273  9568
 7274  9571
 7280  9576
 7281  9584
 7282  9582
 7283  9502
 7299  8750
 7301  9588
 7309  9397
 7314  9632
 7315  9615
 7316  9635
 7321  9622
 7328  9633
 7335  9629
 7336  9640
 7341  8801
 7346  9645
 7347  9644
 7349  9613
 7354  9655
 7355  9663
 7357  9665
 7358  9665
 7358  9666
 7360  9664
 7365 16872
 7368  9684
 7369  9678
 7371  9646
 7375  9470
 7381  9705
 7383  9698
 7385  9706
 7394  9718
 7406  9728
 7407  9775
 7412  9741
 7413  9721
 7414  9716
 7420  9687
 7424  9732
 7428  8931
 7434  9744
 7446  9775
 7448  9805
 7450  9755
 7456  9752
 7462  9781
 7471  9786
 7477  9770
 7481  9800
 7485  9753
 7486  9792
 7489  9801
 7494  9789
 7495  9807
 7499  9813
 7505  9778
 7511  9817
 7514  9783
 7519  9841
 7520  9832
 7521  9834
 7522  9797
 7530  9851
 7539  6839
 7554  9869
 7560  9875
 7568  9856
 7569  9854
 7573  9879
 7575  9864
 7587  9896
 7588  9897
 7590  9857
 7593  9868
 7595  9906
 7598  9909
 7600  9874
 7601  9882
 7605  9888
 7614  9925
 7616  9921
 7622  9901
 7627  9900
 7633  9942
 7634  9941
 7637  9863
 7640  9948
 7642  9955
 7652  9970
 7654  9943
 7655  9971
 7658  9945
 7663  9939
 7667  7388
 7668  9998
 7670  9957
 7681 10002
 7682  9974
 7684  9956
 7689  9986
 7694  1700
 7696 10049
 7699 10048
 7701 10000
 7706 10062
 7708 10009
 7710 10011
 7712  7413
 7716 10029
 7717 10067
 7722 10043
 7723  9987
 7724  9973
 7725 10034
 7727 10022
 7732 10053
 7733 10076
 7735 10038
 7736 10078
 7737 10040
 7738 10047
 7742 10086
 7743 10088
 7744 10051
 7748 10091
 7753 10057
 7754 10104
 7757 10109
 7760 10115
 7762 10031
 7767 10117
 7768 10037
 7770 10039
 7777 10139
 7778 10135
 7779 10125
 7781 10055
 7786 10129
 7787 10137
 7788 10146
 7790 10105
 7791 10147
 7792 10137
 7793 10155
 7796 10107
 7798 10108
 7802 10110
 7803 10159
 7806 10174
 7810 10120
 7811 10133
 7828 10131
 7834 10132
 7844 11831
 7848 10154
 7851 10190
 7853 10210
 7862 10111
 7872 10180
 7874 10149
 7876 10224
 7877 10185
 7881 10148
 7882  9987
 7886 10262
 7887 10197
 7894 10199
 7897 10243
 7908 10279
 7909 10275
 7913 10287
 7917 10276
 7919 10230
 7924 10231
 7925 10247
 7926 10246
 7930 10320
 7936 10173
 7938 10253
 7940 10316
 7941 10249
 7948 10338
 7949 10274
 7952 10250
 7955 10281
 7959 10272
 7960 10397
 7961 10379
 7962 10289
 7964 10380
 7965 10396
 7969 10286
 7971 10359
 7979 10323
 7981 10388
 7982 10366
 7983 10336
 7988 10313
 7989 10371
 7990 10305
 7994 10376
 7996 10400
 7997 10303
 8000 10425
 8004 10354
 8006 10302
 8009 10443
 8012 10308
 8015 10319
 8016 10331
 8021 10404
 8025 10342
 8027 10747
 8028 10474
 8029 10444
 8034 10317
 8035 10348
 8036 10410
 8041 10494
 8044  4463
 8049 10459
 8053 10315
 8054 10455
 8056 10387
 8057 10463
 8058 10362
 8061 10418
 8067 10409
 8074 10468
 8075 10470
 8076 10446
 8077 10473
 8084 10524
 8085 10360
 8086 10477
 8087 10367
 8092 10385
 8093 10549
 8098 10582
 8099 10566
 8101 10526
 8102 10572
 8103 10393
 8104 10502
 8105 10499
 8106 10550
 8108 10369
 8110 10401
 8112 10407
 8114 10523
 8115 10532
 8121 10564
 8125 16098
 8126 10598
 8127 10428
 8129 10399
 8132 10610
 8133 10429
 8133 10433
 8134 10540
 8136 10604
 8142 10556
 8143 10583
 8144 10458
 8146 10600
 8148 10445
 8149 10467
 8151 10639
 8154 10591
 8158 10601
 8159 10481
 8160 10465
 8161 10503
 8163 10618
 8167 10606
 8168 10644
 8176 10602
 8179 10663
 8181 10675
 8182 10629
 8189 10557
 8192 10647
 8193 10655
 8195 10674
 8198 10682
 8199 10567
 8202 10691
 8204 10706
 8205 10627
 8207 10700
 8208 10685
 8210 10607
 8218 10637
 8219 10713
 8222 10726
 8225 10717
 8226 10734
 8232 10678
 8233 10668
 8238 10677
 8240 10750
 8244 10756
 8246 10736
 8249 10699
 8258 10793
 8273 10757
 8276 10761
 8285 10776
 8288 10767
 8290 10819
 8295 10771
 8297 10121
 8301 10837
 8303 10848
 8306 10776
 8316 10807
 8318 10818
 8319 10887
 8320 10864
 8321 10822
 8322 12628
 8326 10861
 8327 10878
 8330 10858
 8333 10861
 8334 10836
 8349 10859
 8351 10889
 8355 10910
 8358 10859
 8365 10916
 8366 10918
 8369 10927
 8371 10914
 8372 10930
 8374 10934
 8376 10933
 8377  8066
 8381 10941
 8386 10951
 8387 10958
 8394 11091
 8395 10969
 8411 10964
 8414 10987
 8421 11012
 8424 11000
 8426 11004
 8434 11017
 8440 11016
 8444 11031
 8445 11025
 8450 11022
 8452 11051
 8459 11053
 8460 11053
 8464 11050
 8468 11050
 8470 11086
 8471 11052
 8472 11082
 8475 10965
 8476 11085
 8483 11087
 8486 11088
 8490 11134
 8492 11090
 8493 11091
 8494 11109
 8499 11129
 8502 11139
 8504 11106
 8506 11122
 8508 11117
 8509 11117
 8510 11120
 8511 11113
 8515 11170
 8516 11133
 8520 11150
 8522 11163
 8524 11171
 8526 11061
 8528 11165
 8530 11148
 8536 11184
 8537 11167
 8540 11173
 8549 11178
 8556 11194
 8557 11189
 8558 11203
 8560 11206
 8564 11210
 8570 11218
 8574 11230
 8575 11232
 8578 11241
 8583 11237
 8584 11189
 8585 11235
 8596 11261
 8597  4321
 8619 11275
 8621 11278
 8623 11277
 8626 11289
 8629 11298
 8632 11307
 8638 11306
 8641 11304
 8647 11321
 8656 11337
 8657 11314
 8672 11332
 8683 11330
 8687 11353
 8712 11404
 8713 11381
 8714 11383
 8719 11363
 8727 11426
 8735 11408
 8738 11448
 8757 11489
 8764 11455
 8771 11485
 8776 11487
 8779 11544
 8781 11469
 8783 11479
 8784 11529
 8785 11502
 8788 11516
 8789 11536
 8792 11458
 8797 11518
 8802 11526
 8805 11499
 8810 11528
 8813 11470
 8822 11535
 8824 11590
 8825 11541
 8833 11542
 8835 11537
 8845 11557
 8846 11549
 8847 11510
 8848 11554
 8850 11600
 8852 11600
 8853 11605
 8855 11585
 8858 11587
 8866 11635
 8867 11635
 8868 11598
 8869 11629
 8871 11624
 8880 11573
 8882 11608
 8892 11642
 8897 11687
 8898 11662
 8900 11671
 8905 11655
 8906 11693
 8908 11655
 8909 11661
 8911 11658
 8916 11650
 8919 11676
 8925 11683
 8929 11711
 8934 11615
 8936 11692
 8940 11637
 8941 11696
 8943 11723
 8946 11690
 8951 11738
 8953 11697
 8955 11672
 8957 11748
 8958 11709
 8966  4347
 8969 11782
 8970 11740
 8974 11787
 8976 11781
 8977 11796
 8978 11724
 8980 11760
 8982 11791
 8983 11764
 8988 11756
 8992 11759
 8993 11777
 8994 11818
 9000 11828
 9006 11805
 9010 11798
 9012 11772
 9013 11816
 9018 11850
 9019 11786
 9021 11813
 9024 11871
 9025 11847
 9034 11863
 9038 11870
 9039 11873
 9049 11897
 9053  2706
 9056 11905
 9058 11957
 9064 11929
 9065 11852
 9066 11939
 9071 11950
 9075 11958
 9083 11959
 9084 11956
 9106 11896
 9116 11911
 9121 12016
 9125 11999
 9129 12024
 9132 12082
 9137 12020
 9138 12034
 9139 12038
 9140 12029
 9147 12039
 9150 12037
 9151 12043
 9156 11955
 9166 12060
 9173 11923
 9175 11923
 9176 12040
 9181 12068
 9185 12077
 9187 12079
 9190 12019
 9191 12076
 9198 12092
 9205 12100
 9215 12102
 9216 10870
 9231 12114
 9235 12136
 9237 12140
 9239 12143
 9241 12104
 9243 12135
 9244 12177
 9245 12144
 9251 12157
 9252  7846
 9257 12149
 9261 12161
 9267 12170
 9268 12156
 9271 12189
 9273 12164
 9281 12169
 9284 12152
 9293 12171
 9300 12228
 9306 12241
 9315 12210
 9320  8406
 9320 12278
 9321 12247
 9325 12245
 9327 12217
 9333 12262
 9337 12271
 9343 12314
 9344 12255
 9345 12260
 9347 12277
 9348 12249
 9352 12268
 9355 12256
 9359 12299
 9364 12293
 9365 12259
 9370 12257
 9374 12285
 9375 12298
 9378 12287
 9379 12330
 9383 12347
 9386 12313
 9392 12308
 9395 12323
 9396 12291
 9402 12326
 9403 12408
 9404 12342
 9407 12318
 9409 12346
 9411 12411
 9415 12389
 9418 12397
 9427 12354
 9432 12415
 9433 12365
 9437 12394
 9439 12378
 9442 12400
 9444 12448
 9453 12339
 9456 12479
 9460 12451
 9462 12461
 9463 12490
 9467 12469
 9472 12412
 9473 12458
 9477 12496
 9482 12440
 9483 12445
 9487 12480
 9493 12379
 9494 12535
 9500 12509
 9510 12577
 9517 12531
 9523 12514
 9524 12494
 9525 12524
 9530 12510
 9531 12409
 9534 12527
 9535 12539
 9536 12537
 9540 12574
 9548 12552
 9549 12575
 9551 12581
 9553 12617
 9554 12492
 9557 12590
 9559 12536
 9561 12637
 9565 15249
 9566 12508
 9568 12532
 9575 12635
 9576 12579
 9577 12599
 9580 12647
 9581 12616
 9582 12478
 9591 12544
 9592 12627
 9593 12571
 9595 12533
 9596 12576
 9597 12559
 9598 12549
 9599 12561
 9601 12555
 9602 12554
 9604 12597
 9608 12595
 9609 12572
 9610 12570
 9611 12553
 9617 12698
 9618 12611
 9620 14451
 9621 12587
 9622 12651
 9624 12658
 9625 12644
 9630 12626
 9634 12598
 9638 12675
 9639 12602
 9641 12683
 9642 12642
 9643 12638
 9645 12618
 9650 12680
 9652 12615
 9655 12620
 9656 12691
 9658 12695
 9661 12693
 9668 12695
 9670 12677
 9673 12711
 9675 12730
 9676 12659
 9678 12697
 9682 12775
 9684 12615
 9686 12761
 9688 12665
 9691 12588
 9696 12671
 9699 12804
 9700 12740
 9701 12709
 9707 12723
 9710 12760
 9715 12701
 9716 12784
 9718 12779
 9719 12815
 9720 12803
 9723 12733
 9726 12862
 9727 12773
 9728 12764
 9730 12833
 9731 12805
 9736 12799
 9737 12810
 9740 12789
 9749 12821
 9751 12818
 9752 12878
 9756 12826
 9759 12713
 9760 12849
 9762 12993
 9767 12832
 9770 12813
 9772 12817
 9774 12792
 9776 12883
 9778 12861
 9779 12890
 9785  9534
 9789 12867
 9792 12936
 9794 12858
 9796 12923
 9799 12881
 9812 12886
 9816 12902
 9817 12918
 9819 12969
 9830 12950
 9831 12948
 9837 12965
 9842 12931
 9843 12980
 9856 13088
 9858 12967
 9864 13028
 9869 13025
 9873  2741
 9874 13109
 9876 13134
 9878 13021
 9884 12979
 9885 13056
 9889 13033
 9893 13054
 9894 12938
 9897 13060
 9902 13079
 9906 13095
 9911 13014
 9913 13070
 9915 13179
 9921 13202
 9923 12970
 9929 13039
 9930 13003
 9931 13057
 9939 13130
 9940 13120
 9945 13213
 9948 13080
 9950 13111
 9952 13147
 9954 13208
 9955 13058
 9958 13241
 9959 13139
 9974 13103
 9975 13093
 9978 13075
 9979 13083
 9980 13090
 9982 13087
 9983 13096
 9989 13094
 9994 13294
 9997 13280
 9999 13112
10001 13163
10006 13174
10007 13177
10009 13144
10010 13223
10011 13287
10013 13053
10014 13289
10015 13284
10017 13138
10018 13190
10019 13286
10023 13234
10024 13326
10027 13137
10030 13211
10032 13170
10036 13243
10044 13230
10047 13176
10052 13327
10053 13332
10063 13037
10065 13250
10071 13219
10072 13319
10076 13391
10077 13267
10087 13396
10088 13312
10090 13276
10094 13317
10095 13302
10097 13290
10099 13265
10107 13255
10108 13335
10112 13353
10121 13328
10122 13344
10123 12836
10130 13297
10134 13356
10135 13405
10140 13337
10146 13419
10155 13352
10156 13420
10159 13392
10167 13366
10168 13441
10170 13376
10174 13281
10175 13398
10178  9863
10182 13360
10183 13363
10187 13264
10191 13476
10194 13517
10199 13596
10202 13417
10210 13436
10211 13502
10215 13657
10216 13497
10217 13613
10220 13415
10225 13432
10230 13402
10234 13430
10238 13528
10240 13437
10242 13655
10243 13456
10245 13501
10247 13470
10248 13464
10263 13683
10266 13695
10269 13591
10270 13486
10280 13480
10283 13489
10284 13478
10292 13726
10294 13604
10295 13483
10298 13545
10303 13559
10304 13573
10305 13514
10310 13611
10315 13771
10316 13508
10317 13576
10318 13583
10320 13539
10322 13777
10326 13491
10333 13602
10339 13563
10345 13605
10347 13557
10351 13568
10353 13625
10354 13620
10357 13644
10358 13606
10360 13590
10361 13589
10364 13621
10366 13603
10367 13712
10371 13731
10374 13652
10376 13619
10378  2154
10387 13754
10389 13904
10392 13849
10393 13679
10394  7009
10395 13693
10396 13549
10399 13764
10406 13718
10409 13748
10410 13751
10413 13707
10415 13781
10416 13688
10423 13769
10424 13719
10425 13971
10428 13791
10430 13848
10431 13730
10433 13827
10446 13878
10450 13859
10451 13634
10454 13786
10460 13813
10464 14027
10474 13715
10476 13887
10478 13852
10481 13916
10483 13646
10489 13658
10492 13809
10495 13937
10496 13869
10497 13828
10500 13938
10501 13740
10504 14082
10505 13671
10510 13802
10511 13840
10512 13774
10517 13942
10521 13702
10527 13956
10528 13767
10531 13865
10532 13928
10538 14062
10543 13950
10545 13875
10547 13795
10553 13967
10556 13987
10558 13699
10571 14178
10573 14171
10576 13894
10577 13891
10581 13749
10585 13753
10589 14024
10596 13943
10600 14036
10605 13919
10608 13935
10617 14012
10637 13976
10639 13898
10642 14009
10645 14105
10648 13990
10652 14059
10654 14169
10655 14165
10658 14133
10659  2362
10660 14138
10663 14055
10665 14134
10666 14074
10675 14017
10680 14023
10681 13905
10682 14271
10688 14039
10689 14077
10693 14160
10694 14086
10704 14216
10705 13951
10706 14029
10710 13961
10716 14047
10724 14056
10727 13999
10729 14308
10734 14112
10736 14260
10740 14094
10767 14123
10768 14291
10770 14346
10777 14397
10779 14186
10785 14158
10815 14333
10817 14209
10818 10583
10826 14413
10829 14411
10841 14183
10843  7798
10853 14484
10859 14415
10864 14511
10868 14509
10872 14428
10879 14442
10881 14551
10896 14553
10897 14542
10900 14482
10910 14502
10920 14091
10924 15514
10926 14568
10927 14663
10928 14598
10930 14609
10931 14525
10936 14297
10955 14632
10958   784
10959 14602
10962 14722
10977 14732
11006 14738
11025 16234
11042 14835
11097 14890
11141 16068
11174 15051
11179 15027
11187 15054
11203  4860
11224 15059
11267 15072
11277 15047
11299 15231
11301 15237
11304 15278
11333 15230
11334 15349
11344 15118
11352  3980
11363 15198
11366  9848
11380 15353
11390 15417
11398 15569
11419 15448
11435 15313
11438 15475
11442 15315
11452 15522
11454  7128
11462 15502
11464 15522
11484 15530
11489 15508
11494 15531
11496 15495
11498 15532
11512  6457
11514 15488
11520  6352
11528 15497
11537 15595
11541 15583
11547 15573
11562 16565
11572 15664
11582 15501
11588 15513
11608  6012
11619 15560
11631 15557
11632 15732
11640 15572
11644 15811
11653 15589
11665 15885
11684 15667
11698 15914
11702 15899
11708 15988
11711  9762
11713 10928
11716 15855
11719 15877
11724   503
11725 15896
11727 15878
11734 15956
11737 15975
11737 15993
11743 15718
11745 15957
11749 16020
11752 15729
11753 15936
11756 15910
11758 15736
11764 15740
11778 15873
11787 15879
11789 15873
11794 17254
11797 16093
11800 15768
11807 15940
11808 16058
11810 15838
11810 15866
11811 15968
11818 16051
11822 15867
11828 15846
11829 16060
11841 15919
11870 16045
11875 16043
11883 16097
11893 16220
11895 16161
11897 16109
11908 16087
11931 16094
11943 16307
11969 16172
11971 14008
11975  4276
11988 17415
12010 16335
12050 16221
12062  7295
12064  9364
12074 16945
12075  8879
12076  8708
12094    46
12105 16528
12118 16255
12139 13785
12140  4561
12149 16276
12180 16502
12205 16176
12233 16570
12240 16853
12241 16261
12252    80
12262 16591
12277 14921
12285 14973
12291 16608
12296 15878
12311 16852
12330 16645
12343  9732
12346 16912
12355 16809
12367 16549
12370 16916
12394 16630
12412 16315
12415  1372
12417 17278
12418 16649
12441 17311
12446 16643
12448 16633
12461 17022
12462 16657
12467 16319
12468 17052
12481 16711
12482 16525
12503 16922
12506 16756
12508 16855
12513 16810
12525 17014
12533 16162
12542 17286
12550 16364
12560 17158
12565 16635
12576 16977
12577 16668
12593 16852
12594 16852
12602 16808
12611  8414
12611 14313
12627 16809
12644 15930
12647 17246
12650 17096
12656  5459
12658 16572
12659 16581
12665 17044
12679 17124
12686 17052
12689 17057
12701 16669
12714 17284
12730 17391
12746 17014
12754  2110
12778 17233
12797 10183
12798 15812
12802 15993
12825 16911
12827 16079
12846 15867
12848 17104
12852 16210
12880 17106
12906 16922
12931 16043
12948 16875
12951 17173
12956  5729
13065   289
13201 14183
13214 16668
13223  2598
13232 17420
13261 16580
13328 15914
13340 15856
13342  8121
13346 15956
13348 15975
13351 15773
13360 15956
13372  5018
13431 16014
13442 15923
13454  9534
13471 16727
13486 16043
13516 12893
13519  7161
13620  4375
13641 16377
13677  5950
13693  7209
13714  7008
13794 16377
13812 17254
13856 17353
13934 14972
13943 15754
13967  7806
13972   548
13972  4652
13974 16043
14080  7806
14213 16753
14228 17254
14291  3162
14510 15898
14520  7806
14552 17382
14623 16377
14643 17232
14655 13298
14662  7806
14925 16203
15050 10030
15162 10112
15195  1030
15198  5871
15327 11631
15358 17382
15501  9944
15543 13298
15613 13773
15826  5148
15868 16985
15987  9610
16019   711
16132 14190
16200  4225
16282 12073
16293 15614
16426 16097
16490  4793
16494 16760
16496 16344
16503 13995
16649  7441
16710    33
16792 17098
16839 16462
16858  5557
16882 13633
17015 16999
17023 15600
17201 12558
17298  7311
17497    90
17568 13050
17741  2130
17846  5222
17979 11686
18069  9529
18158 13792
18168 12836
18268 17405
18326  2052
18330 15421
