    8    62
   10    38
   11    33
   15    44
  383 16735
  425  6275
  602 11507
  623 18105
  645  2206
  801  2828
  903  2906
  923  9551
  961  3058
  967  3084
 1032  2993
 1084  3037
 1094  2908
 1123  2911
 1153  5307
 1157  2963
 1160  2976
 1175  3543
 1186  6805
 1189 19237
 1207  3164
 1222  3148
 1224  4765
 1239 14435
 1262  9344
 1274  3033
 1307  7904
 1351  3135
 1367  3304
 1408  3133
 1429  3172
 1447  3935
 1455 10111
 1605 15058
 1643  3381
 1680 11705
 1733  3591
 1755  3596
 1781 11313
 1794  6823
 1809 18763
 1886 10927
 1910  4487
 1912 13092
 1955 12799
 2041  3167
 2116   113
 2175  6204
 2199 14272
 2224  3889
 2320  6589
 2388  3838
 2460 13511
 2483  3664
 2492  3462
 2529 17781
 2534  3499
 2540  3424
 2546  3358
 2559  3460
 2564 12153
 2581  3412
 2762 12212
 2802  3552
 2829  3854
 2890  3857
 2891 15187
 2909  3545
 2934 12431
 2948  3558
 3005  2069
 3025  3681
 3140  8388
 3148  3738
 3152  4065
 3164  4106
 3187  4140
 3191  4730
 3213  3766
 3225 20063
 3249  4082
 3250 17892
 3270  3820
 3375  3782
 3412  3823
 3468  3927
 3476  4192
 3499  3876
 3511    53
 3519  3938
 3557  4361
 3558  4268
 3614  4024
 3617  4290
 3624  4394
 3664  4296
 3674  1394
 3679  4429
 3683  4064
 3754  4344
 3765 12806
 3779 19930
 3784  4020
 3795  4123
 3844  4083
 3872  4068
 3924  4455
 3934  4162
 3958  4113
 3960  4406
 4018  4151
 4021  4787
 4027  4237
 4028  4237
 4059  4482
 4128  4197
 4134  4212
 4153  4230
 4162  4420
 4163  4553
 4208  4511
 4223  5752
 4327  4303
 4341  4322
 4370  4338
 4379  4309
 4410  4373
 4419  4674
 4428  4376
 4538  4386
 4569  4698
 4571 12828
 4580  4435
 4613 20193
 4649  4784
 4680  4734
 4739  4780
 4787  3213
 4789  3792
 4852  4548
 4858 10732
 4870  4963
 4917  9325
 4921  4611
 4935  4595
 4959  6569
 4972  5163
 4984  4649
 5021 10363
 5033  5729
 5069  6191
 5084  4682
 5084 18916
 5123 16137
 5144  4726
 5149  1749
 5173  5752
 5183  4756
 5239  3364
 5298  5886
 5344  5823
 5434  5690
 5464  5719
 5524  5734
 5534  5733
 5537  3288
 5551  6379
 5554  2841
 5561  5795
 5566  5976
 5573  5763
 5578 10203
 5582  6405
 5591  5785
 5604  6413
 5617  5789
 5628  4047
 5663  5844
 5664  5843
 5670 18895
 5673  5852
 5680  5851
 5681  5864
 5747  5923
 5749  7520
 5758  5912
 5763  5934
 5765  5942
 5766  5943
 5771  5950
 5775  5941
 5778  5952
 5784  5962
 5785  5974
 5790  5966
 5832  6519
 5857  6513
 5864   573
 5899  6532
 5902  6535
 5920 13985
 5928 17736
 5958  6574
 6028  4833
 6088  6337
 6201 13484
 6202  3873
 6219 14392
 6241  1392
 6275 12000
 6295  3025
 6308 13326
 6374 16731
 6380 12546
 6386 12265
 6390  7146
 6437  7083
 6446    51
 6455  6677
 6494  6901
 6499  6609
 6508  6632
 6517  6637
 6526  6905
 6546  6655
 6557  6654
 6565  6735
 6574  6667
 6584  6720
 6590  6695
 6593  6695
 6594  6704
 6596  6693
 6598  6974
 6605  6928
 6607  6793
 6615  6755
 6638  6731
 6652  6750
 6657  6744
 6671  6753
 6678  7031
 6679  7047
 6689  6776
 6690  7036
 6691  6776
 6697  6785
 6698  7016
 6700  6656
 6702  6829
 6709  6782
 6710  6831
 6715  7003
 6717  6835
 6723  6837
 6725  6834
 6745  6817
 6747  7041
 6763  6888
 6767  6881
 6772  7088
 6781  6861
 6799  6870
 6800  7004
 6813  6898
 6814  7144
 6821 16907
 6826  3375
 6877  6964
 6920 12538
 6937  7470
 6947 12417
 7045  7734
 7117  8265
 7118  8296
 7123  8006
 7129  9474
 7136  8577
 7155  7785
 7220  8341
 7221  8341
 7259  8427
 7281  9772
 7349  5163
 7351  8992
 7353  8552
 7420  3212
 7436  7971
 7469 19930
 7485  2828
 7501  8120
 7513   173
 7547  8762
 7562 18340
 7590  9214
 7614  8256
 7736  8837
 7741  8980
 7742  8426
 7744  7869
 7755 12931
 7759 10710
 7766  8709
 7782  7895
 7811  7926
 7816  9272
 7844  7961
 7872  7977
 7883  8425
 7889  8734
 7891 10399
 7952 14259
 7955  7671
 7962  8055
 7977  6958
 7982  9238
 8008  8562
 8053  8661
 8062  8701
 8075 11304
 8086  9603
 8095  9283
 8114  8408
 8120 12151
 8129  8463
 8140  8539
 8162 18963
 8192 11020
 8193  9554
 8277  6970
 8320  9415
 8357  5423
 8390 18010
 8394 10399
 8402  9836
 8414  8878
 8417  9848
 8421  8927
 8424  9817
 8486 18941
 8490  9037
 8539  6611
 8573  4796
 8605  9884
 8618  2376
 8622  9865
 8649  8902
 8707  8027
 8762 13010
 8793  4274
 8922 10170
 8936  6625
 8958 10184
 8975  6905
 8982  9871
 8992  9973
 8993  9816
 9008  9977
 9009 10054
 9010  9974
 9021 10083
 9033 10076
 9035 10101
 9038 10102
 9071 10171
 9080 10196
 9084 10455
 9095  3967
 9096 10221
 9109 10228
 9126 10252
 9137 10263
 9150 10865
 9152 10295
 9167 10327
 9207  2855
 9222 10476
 9228 10404
 9229 10419
 9242 10456
 9260 10480
 9261 10473
 9267 10693
 9272 10481
 9284 18518
 9286 10732
 9338  6752
 9348 10567
 9352 10562
 9361  6659
 9364 10541
 9370 10577
 9374 10531
 9375  7788
 9383 15075
 9384 10974
 9393 10544
 9396 10625
 9399 10973
 9423 10659
 9430 10621
 9473 11207
 9506  6599
 9520 11236
 9525  1026
 9536  7671
 9543 11290
 9564 11255
 9570 11261
 9575  6575
 9577 11272
 9595 11339
 9599 11301
 9624 11352
 9629  6599
 9660 11394
 9675 18601
 9704  6578
 9705  6578
 9737 11619
 9740 11553
 9740 12871
 9781 11735
 9782 11738
 9879  9571
 9944 11265
 9945 10535
 9994 12117
10082  3181
10118  1873
10203 11944
10280 11637
10291 11666
10312 11733
10341 11892
10344 11893
10345  1735
10377 11996
10403  3375
10412 12497
10433 12197
10504 12425
10529  2986
10544 12834
10545 12834
10566 12582
10572 12908
10573 12903
10591 13051
10604 13073
10610 12806
10633 13167
10656 13241
10680 12957
10682 13072
10724 17382
10768 18551
10820 13067
10884 13094
10892 13093
10897 13059
10909 13325
10919   787
10962 13563
11029  4601
11035 13640
11193 14258
11222 13919
11245 13566
11323 14016
11332  6439
11460 13712
11534 13708
11563  9361
11777 13968
11796 19247
11848  6677
12023 15715
12028  9229
12186    67
12496 19515
12593  8335
12668 17825
12777 12126
12785 17938
12851  4290
12853  3801
12854  4290
12860  3801
12885  4043
12910  3801
13020  4387
13136  5752
13176 20305
13177  4387
13523   201
13618 16321
13841 18424
13922  6326
13989  4950
14055   244
14139 19319
14277  1605
14314 18550
14315 18602
14316 17238
14425 15109
14494 10092
14580   502
14861 15094
15116 12154
15331  1573
15381  1573
15464  7061
15640  8388
15688 19247
15851 11704
15907  1267
15966   994
16028  9756
16310 17966
16627 16214
16697   713
16828 15691
17032 19394
17078 15664
17148  6641
17657  5861
17735  3256
17890  3848
17938 16667
18042 13333
18169 13849
18182  3503
18242 18310
18255 18389
18375  4223
18534  5984
18541 10486
18550 14583
18695 13849
18712 17034
18713  4803
18846  5868
18882 11683
18889  9162
18950  8676
19172 16559
19601  9277
19689 16038
19740  5963
19953  5977
20045 11478
20084   696
20097  2540
20564 19189
20664 18649
20691 19145
20909  3405
20975 15164
20997 18326
21041  8119
21081  3927
21119 18570
21130  5087
21324 19560
21343  6793
21372 13740
21409 15346
21650 17119
21883  5305
22170 13311
22331 11856
22361 18287
22404  1681
22451 12821
22497  2531
22644  8420
22710 13258
22727  7768
22942  5752
22975 13338
23060   504
23166 14247
23330  4057
23349  9345
23453  7809
23818 12273
23935  9610
24195  3847
24304  7981
24399   785
24546  8094
24658 16098
24746   716
24747 17809
25016  9642
25046 10363
25058 20023
25134 13499
25248 13736
25522  6765
25794 11445
25810 14271
26062  7324
26174  7895
26258 18924
26427 13163
26433 12453
26447  1050
26452  4525
26865 18651
26915 19242
26957  3792
26979  3792
27028 15153
27279 15702
27544  9503
27552  4076
27852   938
28170 15152
28211 11346
28249 12192
28312  1412
28475   439
28503 17781
28597 19478
28692 16044
28804 17235
28955 14336
29062   233
29099 11329
29136  3064
29160  2193
29186  5554
29217 12218
29217 17235
29246 19344
29247 17754
29567 18636
29597 17071
29631  6710
29670 17603
29791  9417
29873  4963
29959 15593
29987 16028
29998 11447
30193 14914
30238 16576
30349 20285
30371    25
30377    51
30387 20273
30413 19340
30413 20295
30414 20295
30416    30
30418 20256
30423 20294
30434    33
30439  2175
30449    19
30450  1473
30452 20280
30458    19
30459    11
30480  3505
30487 20302
30500  5489
