    5     2
    7 15421
    9  2052
   15 17415
  125  4908
  194  2190
  205   343
  212  9713
  225  4803
  241  8443
  259 13199
  308  4885
  502  6313
  549  9622
  558  4909
  560  4911
  673  5556
  692 15307
  698 10884
  711  9762
  723 17320
  979 12696
  986  5112
  989  8261
  993  5112
 1020 10689
 1037 10644
 1087 16322
 1162  7324
 1177 14049
 1216 10030
 1370 11758
 1445 10510
 1446  2314
 1477  2313
 1529  1055
 1550  2923
 1620  8690
 1664 13317
 1779  8255
 1822  6487
 1827   802
 1879   774
 1923 16969
 2018 10410
 2024  8093
 2088  9264
 2098 16305
 2134  2040
 2153 11229
 2203  6583
 2353  5923
 2366  2194
 2393  9715
 2394  5955
 2413 11828
 2534  4930
 2601  5253
 2607  9557
 2620 13223
 2728  8088
 2801 17063
 2960 15861
 2982  4867
 3032 17394
 3127   357
 3187  2669
 3251  9006
 3302  1372
 3319  5286
 3341  7990
 3378  3788
 3492  3915
 3567  5287
 3698 10855
 3752 12654
 3772 16246
 3786  5359
 3968   601
 3999  5609
 4210  5684
 4248  4274
 4254   589
 4283 11919
 4314 10993
 4333  6950
 4361 16824
 4385 10962
 4772  5454
 4793 16719
 4803   749
 4807 16351
 4818 10443
 4834  5634
 4883  6106
 4916  6946
 4938    21
 4943  2123
 4952  6322
 5038 10323
 5176  6232
 5248  1230
 5276  9221
 5393 14602
 5443  6298
 5451  2342
 5465  5593
 5500  6307
 5512  8487
 5543  6591
 5547 15357
 5618  2413
 5666  6360
 5686 15609
 5695  5794
 5776  6396
 5798  6413
 5845  6441
 5860  6926
 5889 16074
 5903  6933
 5916  6490
 5920  6492
 5958  6497
 5965  3855
 5993  9540
 6023 15249
 6045  6611
 6067 17003
 6094  2715
 6181  7067
 6213  8495
 6258  3399
 6329  5529
 6356  9673
 6387  2631
 6459  1622
 6462  2852
 6468  5408
 6538 10422
 6549 10200
 6600 10454
 6648   499
 6710  7089
 6775  7110
 6784  7109
 6786  7109
 6806  7121
 6807 10589
 6813  4470
 6845  7128
 6873  7154
 6906  7160
 6942  7177
 6957  7208
 6968  7190
 6986  2123
 6987  7198
 7002  7236
 7015  7237
 7030  7215
 7034  2751
 7037  7270
 7055  7456
 7057  2949
 7072  7284
 7076  7249
 7081  7432
 7087  7258
 7096  7453
 7142  7306
 7154  7340
 7289  7377
 7384  9614
 7388  8250
 7393  9608
 7397  9413
 7423  3161
 7464  9616
 7475  7986
 7476  7525
 7510  8394
 7527  8598
 7543  9281
 7550  9405
 7561  8967
 7574  9347
 7627  8096
 7685  8096
 7723   255
 7752 13709
 7758  9405
 7759  8884
 7767  8887
 7807  8627
 7872  8727
 7895  7343
 7896  1908
 7900  8248
 7923  8394
 7926  8727
 7945  8559
 7956  9163
 7963  9097
 7963  9440
 7977  6105
 7989  8800
 7992  6105
 7998  9177
 8001  6105
 8005  6598
 8008  9177
 8140  1727
 8164  5096
 8167  5540
 8180 16808
 8212 12635
 8213  8417
 8225  6413
 8235 15388
 8247  9616
 8271  3687
 8276  3969
 8279  8058
 8302  8045
 8318  8767
 8330  9103
 8338  8525
 8349  8788
 8355 12607
 8362  8897
 8377 13175
 8392 14132
 8397  8818
 8423 15981
 8445  9247
 8449  4902
 8450  9247
 8454  8766
 8502  3756
 8505  8728
 8510  9271
 8532  9297
 8557  8164
 8573 15220
 8576  3487
 8583  8453
 8613  7619
 8621   462
 8629  9449
 8630  9409
 8633  9074
 8655  8184
 8663  9405
 8668 17296
 8693  8490
 8720  7238
 8723  4327
 8756  8567
 8792  9353
 8813  9264
 8839  8890
 8852  8818
 8860  9094
 8866  9405
 8868  8577
 8884  8967
 8895  7493
 8922  9300
 8934  8377
 8943  9745
 8945 17437
 8946 15354
 9007 14715
 9013  8007
 9016  8511
 9048  4225
 9111 16204
 9117    47
 9142  9160
 9198  9258
 9222  8148
 9241  9304
 9274  9353
 9290  1283
 9337  6509
 9407  8206
 9432  9533
 9502  5068
 9606  9714
 9726  9301
 9907 13282
 9920 14370
 9928 10098
 9933 13763
 9982  9507
10004  9473
10012  9490
10017  9501
10030  9513
10032  9550
10034  9566
10043  9531
10047  9538
10049  9544
10054  9635
10058  9629
10059  9741
10063  9545
10066  9592
10075  9645
10089  9582
10090  9800
10091  9570
10098  9571
10102  9664
10104  9853
10107  9584
10110  9588
10133  9833
10137  9617
10141  9622
10145 10328
10147  9686
10149  9633
10152  9640
10164  9740
10165  9661
10168  9663
10169  9665
10170  9666
10176  9679
10185  9684
10192 15673
10202  9775
10212  9705
10221  9792
10222  9801
10225  9720
10229  9728
10238  9748
10245  9832
10262 10043
10265  9795
10266  9790
10268 10029
10269  9837
10272  9802
10273 10034
10279 10022
10291  6454
10293  9810
10303  9896
10306  9834
10332  9940
10334  9869
10335  9866
10352  9875
10356  9881
10369  9971
10371  9903
10372  9906
10392  9981
10397  9942
10398  9919
10411  9955
10416  9863
10424  9970
10441  9956
10455 10004
10459  3511
10473 10015
10484 10027
10501 10048
10505  7264
10512 10049
10536  9987
10546 10143
10551 10078
10552 10076
10567  9631
10569 10088
10571 10454
10574 10094
10588 10031
10591 10037
10593 10115
10619 10039
10622 10147
10651 10736
10657 10111
10663  6529
10709  5078
10718 10734
10749 11525
10766 10861
10780 10878
10799 10910
10820 10845
10822 10848
10823 10848
10825 10927
10843 10907
10846 10958
10850 14115
10859 10898
10872 17383
10879 11012
10903  8590
10950 11114
10951 11134
11033  2743
11065  6884
11113  8978
11130 12320
11132 15939
11163  9028
11228 14144
11244  4895
11244  9509
11255 17000
11371  6704
11372  2096
11437  4682
11457 15801
11502  2905
11516 11050
11523 11054
11547 11087
11570  1689
11595   774
11598 11120
11601   774
11605 11127
11615 11137
11620 16511
11622 11229
11625  3501
11626 11142
11634 11162
11642 12019
11650 11190
11659 17415
11676 11237
11695 11261
11704 11338
11707 11277
11710 11276
11711 11278
11734 11314
11735 11316
11740 11332
11776 12024
11808 11594
11826  8034
11854 11753
11871 11792
11872 11801
11911 11842
11943 12029
11945 12011
11946 12435
11951  3784
11962 12060
11963 12080
11969 12055
11970 12440
11983 12113
11988 12524
11991 12110
11995  3784
11999 12144
12001 12575
12036 11056
12043 12339
12049 12245
12055 12680
12057 12229
12063 12695
12064 12241
12067 12730
12078 12761
12090 12351
12124 12627
12139 12445
12143 12950
12146 12480
12155 12713
12166 13000
12172 12539
12180 12966
12181   503
12184 12490
12188 12590
12190 12574
12194 12574
12195 12496
12200 12495
12202 13030
12211 12617
12212 12609
12214 13130
12222 12643
12226  3781
12231  6928
12245  5068
12284 13276
12287 13276
12288 13267
12375 16887
12380 12845
12382 12903
12383 13376
12389 13365
12412 12811
12450 13053
12501 13008
12517 13514
12618  1372
12688 13791
12785 13252
12805   136
12809 13928
12845 13942
12864 15346
12919  1411
12948 12854
12971  7483
13071 13634
13131 13517
13179 14123
13628 12037
13760 13998
13812  5808
13921 14159
14062 10041
14127 14411
14232 14413
14235 13377
14259  2463
14327  7315
14399  6942
14423  6879
14576   185
14706  2778
14909 12844
14930  9651
14946  4842
15297 14779
15594 11953
15601 17345
15653  8224
15680  8224
15725 17059
16082  2690
16091   665
16166  6879
16407  4623
16428  7285
16666  9111
16777  4908
16806 14907
16840 12730
17023  7252
17094 17260
17135  1438
17338    77
17450  8007
18156 14141
18266  6858
18280 11366
18337  8627
18392  7635
18555    28
18740  1717
19016 10372
19016 14774
19024  4761
19135  1030
19198 12016
19379  2424
19389 15593
19480 11738
19483  6064
19516  8860
19629 11738
19713  4146
19769  3531
19776 10030
19840  5386
19848 16725
19863 12472
19871 15754
19874 10707
19924 12893
19995 12256
20019 16948
20266 13804
20331 15956
20427 16431
20566  2216
20692  9660
20742  2706
21275  4908
21367 12941
21390  8630
21534 12623
21585 13708
21670 14716
21723  5991
21787  7416
21980 11741
22067 16145
22076   298
22135 12103
22142 17288
22155  1145
22293  7289
22305 16321
22310 16852
22326 16684
22520 11603
22551 10219
22652 13601
22818 14472
22909 12481
22945 11259
22968  7577
22993  5284
23016  5284
23028 12629
23038  9303
23205 15438
23266   259
23301 13044
23351  5725
23432  8391
23492 10632
23544  2453
23649  3262
23651  9640
23704  2280
23704 16181
23732 12135
23757  2106
23761  4834
23870 11585
23905 14457
23981 12706
24063  9601
24065  2015
24343 17263
24465   193
24599   761
24616  5459
24680 11010
24749  3694
24800   862
24807  3252
24872  5148
24938 14141
24966  7292
24982 14176
24993 11619
25186 13947
25196  7416
25318 11060
25418  6249
25420 15692
25451 12905
25462 12365
25559   801
25606 12027
25633  4303
25635  1750
25662 16885
25684 15438
25731  6496
25759  8586
25811  8827
26087  4822
26123 11784
26184  2598
26211  9660
26336  4613
26343  3641
26491  5428
26694  9642
26709 16133
26877  5148
26963  5742
26997  6593
26999 10693
27216  1760
27231 15968
27231 17384
27267  5045
27502  7054
27511  6786
27532  4427
27660  9473
27674 14049
27690     1
27748 17278
27751 17414
