    2  4086
    2 27878
   11 27779
   15    16
   29    21
   40  1999
   46  1133
   52  1819
   69  1154
   82  4948
   97  1325
  108  8123
  112  1205
  116  1206
  129  6657
  156  8242
  157  1379
  189  1236
  193  1237
  196  1238
  209 11381
  225  4666
  237  1262
  258   594
  267 13256
  286  1307
  287  7269
  288  1311
  291  1345
  301  1355
  309  1317
  314  1321
  337  1342
  345  1353
  357  1359
  361  1357
  374  1365
  380  1370
  396  1394
  397  1396
  398  1395
  400  1417
  404  1393
  406  1402
  413  1408
  433  1419
  435  1423
  437  1428
  441  1433
  445  1441
  456  1443
  460  1449
  461  1455
  463  1454
  480  1470
  491  1475
  493  1481
  495  1485
  521  1500
  523  1501
  529  1505
  535 21568
  540  1504
  543  1511
  547  1518
  560  1526
  572  1540
  574  1539
  577  1538
  583  1545
  584  1547
  588  1554
  591  1556
  594  1561
  595  1542
  596  1563
  609  1565
  620  1577
  621  1575
  623  1558
  625  1576
  631  1582
  634  1583
  635  1586
  637  1592
  638  1590
  643  1600
  644  1595
  650  1596
  651  1599
  653  1601
  654  1606
  657  1611
  658  1614
  669   763
  671  1617
  677  1619
  678  1623
  682  1622
  684  1632
  691  1626
  692  4748
  694  1631
  696  1631
  698  1628
  700  1641
  705  1640
  715  1659
  717  1660
  719  1605
  737  1668
  740  1636
  741  1668
  743  1658
  749  1625
  750  1652
  762  1679
  764  1676
  767  1682
  771  1678
  772  1681
  781  7497
  790  1685
  794  1686
  798  1691
  803  1692
  820 20754
  825  1700
  826  1705
  835  1710
  838  1715
  855  1722
  863  1727
  865  1729
  867  1739
  868  1738
  870  1740
  879  1744
  891  1737
  895  1753
  898  1760
  904  1762
  905  1763
  911  1766
  915  1621
  918  1776
  922  1779
  924  1778
  926  1784
  932  1782
  938  1792
  945  1798
  952  1795
  954  1797
  955  1799
  958  1800
  963  1809
  971  7781
  983  1786
  984  1816
  986  1820
  987  1818
  991  1828
  993  1820
  998  1819
 1001  1827
 1002  1823
 1004  1825
 1009  1830
 1014  1831
 1035  1844
 1037  1842
 1041  1850
 1043  1852
 1045  1849
 1058  1866
 1059  1861
 1082  1872
 1097  1880
 1107  1885
 1115  1888
 1116  4260
 1128  1890
 1134  1894
 1149  1899
 1174  6216
 1184  6366
 1200  1930
 1200  8114
 1229  1306
 1266  1927
 1269  1929
 1282  2055
 1287  1935
 1290  1938
 1293  2067
 1299   638
 1305  1942
 1306  1956
 1308  1941
 1316  2080
 1317  1944
 1327  1949
 1331  2085
 1342  2104
 1343  2103
 1362  1972
 1367  8798
 1369  2120
 1371  2132
 1372  1979
 1379  1977
 1386  2137
 1393  2139
 1396  1985
 1399  2012
 1405  2034
 1406  2057
 1410  2129
 1427  2008
 1432  2159
 1442  2026
 1443  2119
 1448  2186
 1460  2029
 1478  8557
 1487  2231
 1494  2247
 1496  2245
 1497  2243
 1509  2241
 1537  2260
 1540  6870
 1556  2304
 1557  2309
 1558  2068
 1559  2307
 1563  2316
 1567  2166
 1572  2118
 1574  2279
 1575  2321
 1577 27496
 1582  2269
 1583  2133
 1587  2099
 1589  2153
 1604  2214
 1614  2134
 1619  2156
 1622  1408
 1639  2378
 1669  2385
 1678  2408
 1687  2181
 1708  2184
 1719  2445
 1728  2437
 1731  2311
 1740  2455
 1746  2448
 1752  2448
 1755  2329
 1764  2320
 1771  2331
 1774  2335
 1781  2461
 1808  2476
 1830  2368
 1836  2358
 1840  2480
 1843  2487
 1856  2372
 1866  2382
 1868  2490
 1873  2364
 1877 23209
 1878  2391
 1881  2377
 1891  2394
 1906  2413
 1912  2393
 1917  2410
 1927  2403
 1928  2405
 1934  2428
 1949  2426
 1950  2534
 1951  2435
 1958  2419
 1959  2442
 1960  5310
 1962  2441
 1976  2362
 1985  8125
 1998  2460
 1999  2459
 2002  2463
 2005  2465
 2011  2469
 2015   555
 2023  4826
 2026  2479
 2028  2593
 2033  2587
 2038  2362
 2042  2590
 2043  2484
 2048  2614
 2052  2614
 2059  2493
 2063  2617
 2066 27441
 2075  2629
 2078  2503
 2098  2633
 2100  2515
 2117  2538
 2121  2535
 2124  2532
 2127  2542
 2144  2547
 2153  2586
 2158  2559
 2163  2561
 2170  2572
 2172  2564
 2181  2592
 2187  2595
 2189  2600
 2198  2710
 2199  2608
 2200  2607
 2203  2709
 2212  2722
 2218  2645
 2220  2625
 2221  2725
 2232  2635
 2235  2743
 2250  2644
 2257  2012
 2265  2659
 2269  2758
 2281  2766
 2285  2673
 2290  2671
 2295  2770
 2298  4509
 2299  2591
 2306  2676
 2308  2678
 2309  2679
 2311  2674
 2316  2646
 2321  2686
 2330  2793
 2336  2630
 2340  2707
 2341  2632
 2374   898
 2375  2731
 2385  2736
 2387  2740
 2399  2838
 2405  2837
 2412  2812
 2416  2840
 2417  2763
 2436 10361
 2440  2683
 2441  2863
 2443  2775
 2445  2866
 2456  2714
 2462  2785
 2469  4086
 2472  2787
 2478  2797
 2481 25811
 2491  2805
 2501  2861
 2508  2900
 2527  2828
 2537  2832
 2544  2843
 2548  2778
 2551  2935
 2553  2929
 2583  2854
 2598  2878
 2599  2876
 2601  2894
 2616  2896
 2619  2948
 2624  2902
 2632  2905
 2643  2912
 2646  3000
 2657  2919
 2660  3092
 2664  3001
 2666  3012
 2698  2931
 2701  3034
 2703  2932
 2717  2943
 2724  3070
 2728  2954
 2732  2856
 2738  2946
 2753  2974
 2756  2975
 2763  2977
 2764  2980
 2775  3093
 2794  3007
 2802  3016
 2805  3017
 2826  6437
 2829  3043
 2834  3137
 2835  3126
 2841  3138
 2856  3150
 2857  3066
 2858  3150
 2864  3079
 2867  3073
 2868  3078
 2874  3077
 2876  3080
 2881  3086
 2893  5987
 2904  3096
 2905  3184
 2921  3190
 2924  3186
 2926 21649
 2929  3110
 2936  3117
 2938  3114
 2941  3119
 2943  3116
 2947  3120
 2971  3139
 2976  3253
 2982  3139
 2992  3246
 3001  3250
 3008  3162
 3016  3161
 3022  3177
 3052  3192
 3063  3200
 3081  3306
 3083  3172
 3088  3312
 3093  3328
 3099  3204
 3101  3324
 3103  3332
 3110  3210
 3118  3220
 3120  3219
 3121  3231
 3124  3368
 3125  3240
 3127  3339
 3131  3375
 3137  3230
 3146  3373
 3151  3255
 3152  3378
 3153  3247
 3168  3392
 3169  3265
 3170  3263
 3186  3270
 3190  3270
 3191  3276
 3194  3404
 3198  3260
 3200  3275
 3203  3283
 3205  3281
 3209  3284
 3222  3442
 3233  3447
 3244  3363
 3245  3303
 3249  3319
 3255  3326
 3259  3325
 3260  3327
 3266  3338
 3271  3334
 3273  3353
 3277  3352
 3279  3342
 3283  3359
 3287  3358
 3296  3361
 3298  3369
 3305  3370
 3313  3387
 3317  3495
 3319  3496
 3324  3391
 3326  3399
 3340  3412
 3342  3413
 3354  3411
 3355  3515
 3371  3425
 3382 13967
 3392  3534
 3393  3439
 3406  3446
 3423  3454
 3424  1824
 3430  3450
 3439  3556
 3444  3559
 3450  3475
 3453  3467
 3454 26356
 3469  3589
 3474  3571
 3485  3488
 3489  3493
 3492  3486
 3493  3494
 3500  3509
 3503  3483
 3509  3510
 3515  3518
 3523  3517
 3529  3505
 3535  3524
 3541  3520
 3548  3644
 3552  3526
 3562  3638
 3567  3635
 3568  3535
 3569  3542
 3576  3643
 3577  3651
 3585  3550
 3597  3555
 3607  3560
 3631  3570
 3638  3580
 3642  3578
 3659  3593
 3662  3592
 3667  3597
 3672  3599
 3680  3607
 3701  3619
 3704  3612
 3711  3733
 3715  3620
 3733  3636
 3737  3637
 3742  3645
 3747  3648
 3759  3659
 3774  3663
 3775  3664
 3778  3666
 3779  3667
 3786  3782
 3797  3677
 3809  3790
 3811  3685
 3812  3690
 3815  3687
 3817  3686
 3820  3684
 3823  3693
 3824  3694
 3826  3802
 3837  3704
 3840  3812
 3847  3814
 3854  3713
 3869  3719
 3882  3826
 3888  3737
 3893  3735
 3895  3835
 3898  3731
 3903  3167
 3905  3742
 3911  3754
 3930  3852
 3935 17638
 3943  3756
 3948  3767
 3949  3766
 3954  3875
 3970  3776
 3980  3786
 3981  8463
 3991  3787
 3997  3918
 3999  3803
 4000  3796
 4001  3810
 4002  3794
 4008  3805
 4014  3748
 4027 27467
 4029  3545
 4031  3956
 4033  3818
 4034  3817
 4035 17057
 4059  3833
 4062  3836
 4073  3844
 4078  3853
 4088  3868
 4090  3862
 4093  3872
 4095  3869
 4096  3871
 4098  3867
 4100  5651
 4107  3874
 4112  3880
 4115  3884
 4122  3883
 4124  3882
 4128  3886
 4135  3891
 4144  3890
 4163  3910
 4169  7928
 4175  3908
 4176  3915
 4178  3921
 4181  3927
 4201  3936
 4210  3945
 4217  3951
 4218  3948
 4220  3963
 4222  3952
 4229 11621
 4241  3974
 4250  3980
 4271  3994
 4275  3991
 4277  3998
 4279  4000
 4290  4002
 4298  4007
 4302  3924
 4306  3900
 4309  4006
 4317  4012
 4320  4017
 4321  4018
 4325  1432
 4331  4803
 4332  4028
 4337  4031
 4341  4021
 4345  4036
 4356  4580
 4358  4134
 4366  4038
 4367   914
 4382  8289
 4391 22541
 4405 22541
 4410  4058
 4416  5928
 4417  4055
 4441  4061
 4460  4066
 4464  4068
 4474  4081
 4477  4082
 4490  1792
 4495  1035
 4496  4085
 4516  4256
 4552  4123
 4561  4124
 4566  4225
 4569  4292
 4582  4141
 4583  4136
 4591  4139
 4592  4140
 4671  4193
 4680  4333
 4684 11303
 4766  4407
 4779 25807
 4793  4367
 4797  4413
 4801  4772
 4818 26802
 4834  4444
 4853  4077
 4859  4089
 4862  3120
 4866  4464
 4883  4077
 4892  7408
 4893  4488
 4917 24664
 4959  4005
 4975  4478
 5038  5928
 5045  4587
 5066  4218
 5119  4992
 5157  4065
 5184  5837
 5195  4440
 5208  7839
 5269  4307
 5284  4327
 5288  4328
 5304  4338
 5316  4201
 5324   668
 5325  4358
 5327  4363
 5337  4368
 5338  4366
 5355  4260
 5366  4376
 5370  4383
 5398  4283
 5400  4402
 5407  4297
 5417  4415
 5430  4429
 5434  4424
 5437  4432
 5440  4429
 5444  4436
 5445  4439
 5446  4437
 5448  4442
 5464  4455
 5465  4355
 5466  4355
 5472  4348
 5479  4465
 5486  4467
 5491  4471
 5494  4476
 5512  4503
 5555  4509
 5564  5729
 5566 13902
 5574  4519
 5585  4525
 5602  4537
 5615  4550
 5621  4556
 5636  4570
 5653  4588
 5656  4585
 5657  4680
 5675  4690
 5676  4591
 5683  4594
 5698  4595
 5713  8254
 5751  4728
 5752  4731
 5776  4740
 5778  4743
 5845  4781
 5850  4729
 5874  4809
 5878  4769
 5903  4738
 5905  4836
 5920  4847
 5921  4704
 5922  4852
 5930  4856
 5936  4861
 5946  4868
 5947  4870
 5949  4873
 5960  4783
 5969  4763
 5982 26794
 5996  7838
 6023  8042
 6058  3795
 6067  6410
 6126  4887
 6146  5530
 6185  4942
 6188  4943
 6201  5005
 6220  4984
 6245  4947
 6253  4981
 6258  5002
 6274  4962
 6285 27231
 6290  5009
 6293  5018
 6296  5020
 6301  4971
 6329  5029
 6340 21702
 6346  5048
 6349  5042
 6360  5043
 6363  4999
 6372  5028
 6374  5038
 6380  5065
 6387  5107
 6397  5034
 6399  5086
 6402  5090
 6404  5070
 6420  5132
 6426  5087
 6433  8896
 6440  5121
 6441  5182
 6455  5124
 6459  5099
 6463  5239
 6464  5069
 6471  5247
 6483  5141
 6488  5248
 6490  5134
 6492  5131
 6494  5096
 6500  5078
 6510  5151
 6511  5253
 6516  5088
 6519  5185
 6527  5257
 6532  5158
 6540  5143
 6551  5232
 6552  5170
 6554  5178
 6555  5179
 6559  5223
 6563  5275
 6564  5183
 6565  5169
 6573  5310
 6575  5182
 6580  5188
 6584  5295
 6589  5157
 6596  5135
 6598  5303
 6600  5205
 6601  5202
 6602  5219
 6605  5315
 6616  5325
 6621  5259
 6628  5331
 6630  5153
 6632  5213
 6633  5203
 6635  5197
 6639  5172
 6642  5327
 6648  5204
 6662  5323
 6666  5230
 6668  5233
 6669  5215
 6680  5250
 6681  5339
 6687  7546
 6689  5372
 6693  5343
 6694  5226
 6700  5335
 6701  5342
 6704  5273
 6718  5293
 6720  5258
 6725  5341
 6730  8697
 6737  5258
 6738  5382
 6741  5301
 6742  5297
 6743  5347
 6747  5300
 6749  5367
 6753  5369
 6754  5265
 6756  5370
 6770  5314
 6773 20152
 6775  5404
 6778  5322
 6779  5333
 6784  5415
 6787  5345
 6791   107
 6797  5336
 6803  5349
 6810  5352
 6811 13012
 6813  4958
 6813  5356
 6814  5361
 6815 20358
 6817  5348
 6818  5371
 6820  5364
 6823  5363
 6824  5366
 6832 20305
 6835  7229
 6838  5449
 6841  5373
 6853  5380
 6859  5378
 6860  5383
 6866  5476
 6868  5425
 6882  5391
 6886  5406
 6895  5399
 6896  5402
 6897  5468
 6906  5490
 6908  5457
 6921  5427
 6942  5528
 6944  5444
 6959  5485
 6961  5437
 6962  5482
 6964  5450
 6965  5489
 6966  5481
 6968  5541
 6987  5553
 7002  5549
 7007  5477
 7028  5495
 7030  5585
 7035  5494
 7037  5547
 7043  5509
 7047  5508
 7048  5521
 7053  5503
 7055  5520
 7064  5520
 7065  5597
 7068  5531
 7071  5527
 7072  5601
 7075  5510
 7076  5617
 7085  5539
 7088  5543
 7090  5551
 7091  5548
 7097  5573
 7102  5644
 7107  5566
 7108  5560
 7109  5584
 7110  5576
 7115  5569
 7118  5620
 7120  5571
 7123  5624
 7135  5630
 7137  5590
 7142  5670
 7145  5630
 7154  5669
 7164  2012
 7167  5711
 7170  5636
 7183  5640
 7188  5736
 7232  5665
 7254  5673
 7259  5732
 7279  1063
 7292  5682
 7321  5699
 7328  5703
 7334  5699
 7350  5708
 7376  5744
 7385  5762
 7393  5894
 7401 13540
 7419  5763
 7423  5698
 7427  5703
 7436  5698
 7449  5884
 7454  5643
 7457  5780
 7461  5657
 7476  5849
 7477  5840
 7487  5675
 7488  5676
 7490  6513
 7506  5693
 7536  6530
 7576  5863
 7595  9346
 7608  5793
 7625  5937
 7626  5928
 7627  5867
 7628 26777
 7632 12215
 7638  5796
 7647  5882
 7653  5780
 7662  5780
 7666  5953
 7674  5865
 7678  5946
 7684  5816
 7685  5867
 7689  6872
 7692  8954
 7692 21363
 7697  5865
 7702  5974
 7706  5811
 7718  5821
 7720  5819
 7730  5982
 7733  5828
 7745  5878
 7748  5812
 7754  5821
 7756  5832
 7760  6005
 7765  5829
 7769  5821
 7779  5835
 7784  5850
 7787  6037
 7789  2430
 7792  5913
 7806  5869
 7811  5916
 7813  5889
 7817  5918
 7828  5888
 7830  5693
 7837  5917
 7843  6127
 7848  5916
 7850  5918
 7854  5902
 7855  5933
 7857  5930
 7864  6147
 7872  5966
 7873  5970
 7898  5952
 7901  5966
 7909  6572
 7911  5958
 7923  1970
 7928  6009
 7929  5969
 7931  6009
 7938  6009
 7943  6009
 7963  5995
 7964  6009
 7965  6039
 7975  6040
 7975  6061
 7979  6009
 7989  6009
 7993  6001
 7995  6040
 7998  6016
 8001  6013
 8002  6016
 8002  6025
 8006  5875
 8015  5998
 8028  6045
 8045  6248
 8057  6254
 8069  6086
 8087  6272
 8093  6175
 8095  6290
 8096  6194
 8097 20523
 8098  6175
 8100  6225
 8101  6189
 8104  6288
 8128  6134
 8129  6236
 8139  8409
 8149  6313
 8158  6232
 8164  6237
 8175  6369
 8182  6369
 8185  6158
 8193  6378
 8199  6316
 8201  6281
 8209  6257
 8213  6321
 8220  6226
 8226  6572
 8235  6269
 8236  6218
 8238  6230
 8249  6228
 8254  6332
 8267  6239
 8279  6524
 8288  6520
 8290  6259
 8294 10042
 8297  6456
 8301  6299
 8302  6547
 8305  6310
 8311  6256
 8325  6364
 8327  6373
 8333  6323
 8338  6451
 8361  6294
 8363  6569
 8368  6307
 8373  6505
 8375  6294
 8376  6513
 8378  6372
 8381  6575
 8382  6331
 8386  6361
 8390  5871
 8391  6515
 8396  6374
 8399  5725
 8401  6319
 8403  6319
 8405  6393
 8411  6319
 8413  6309
 8418  6529
 8435  6416
 8440  6548
 8454  6491
 8479  6408
 8480  6585
 8482  6539
 8502  6658
 8505  6562
 8508  6614
 8524  6468
 8528  6479
 8530  6772
 8532  6461
 8540  6467
 8549  7725
 8555  6468
 8569  6461
 8572  6583
 8574  6499
 8576  6523
 8584  6642
 8592  6516
 8600  4853
 8607 20590
 8629  6487
 8633  6486
 8634  6667
 8643  6650
 8655  6710
 8658  6675
 8659  5855
 8663  5854
 8671 11867
 8686  6498
 8688  6490
 8693  6699
 8704  6566
 8708  6724
 8723  6603
 8728  6536
 8736  6599
 8737  6568
 8742  6715
 8746  6602
 8747  6564
 8756  6719
 8762 19940
 8796  6791
 8805  6856
 8813  6637
 8829  6648
 8834  6779
 8838  6624
 8839  6686
 8841  6767
 8843  6768
 8849  7047
 8853  6799
 8860  6690
 8864  6837
 8869 26399
 8870  6827
 8877  6830
 8879  3845
 8887  6798
 8888  6849
 8894  6821
 8898  6856
 8912  6868
 8922   913
 8924  6401
 8928  6825
 8931  6835
 8963  6743
 8968  6746
 8970  6894
 8972  6746
 8982  6854
 8989  6925
 9000  6885
 9005  6772
 9041  6788
 9044  6936
 9061 12416
 9066  6872
 9067  6921
 9074  6815
 9088  6934
 9093  6802
 9102  6805
 9103  6805
 9106  6806
 9108  6812
 9113  6782
 9114  6781
 9151  6838
 9164  9100
 9167  6974
 9169  6986
 9172  6992
 9181  7000
 9185  6879
 9196  7029
 9198  6988
 9202  7027
 9203  7071
 9216  6899
 9217  6920
 9222  6931
 9223  7075
 9228 18668
 9234  6904
 9235  6896
 9240  7062
 9244  7054
 9245  6926
 9248 25210
 9260  6932
 9270  7068
 9277  2004
 9278  6947
 9281  7005
 9285  6937
 9296  7051
 9299  6945
 9304  3102
 9305  6955
 9308  7086
 9320  6959
 9333  6967
 9335  6969
 9337 18199
 9346  7099
 9348  7103
 9349  7002
 9366  6989
 9374  7118
 9376  7056
 9384  7113
 9389  7012
 9399  7149
 9401 26719
 9408  7019
 9409  7040
 9418  7133
 9421  7030
 9431  7041
 9432  7126
 9436  7050
 9438  7050
 9439  9790
 9443  7094
 9463  7069
 9470  7041
 9476  7068
 9479  7053
 9481  7077
 9482   122
 9488  7084
 9499  7089
 9503  7088
 9506  7190
 9509  7202
 9513  7095
 9520  7136
 9521  7178
 9537  7158
 9540  7184
 9546  7159
 9549  7177
 9558  7183
 9563  7153
 9566 27531
 9571  7129
 9573  7169
 9578  8144
 9586  7180
 9594  7234
 9595  7241
 9597  7308
 9600  7305
 9604  7272
 9605  6844
 9610  7230
 9611  7243
 9619  7207
 9627  7204
 9628  7212
 9629  7204
 9632  7211
 9638  7216
 9646  7337
 9648  7229
 9653  7347
 9658  7264
 9659  7349
 9671  7702
 9675  7276
 9677  7340
 9681  7267
 9684  7235
 9696  7319
 9702  7354
 9705  3900
 9709  7318
 9719  7311
 9728  7363
 9736  1498
 9744  7302
 9756  7326
 9757  7326
 9761  7309
 9762  7326
 9772  7326
 9779  7314
 9780  7303
 9781  7362
 9798 25798
 9815  7373
 9825  7376
 9828  7377
 9832 25192
 9841  7410
 9853  7401
 9857 26855
 9864  7450
 9865  7368
 9880  7392
 9883  7392
 9901  7387
 9919  7502
 9922 13749
 9925  7465
 9942  7505
 9944  7505
 9948  7436
 9951  7433
 9955  7443
 9957 16499
 9961  7441
 9966  7447
 9976  7546
 9979  7549
 9982  7543
 9984  7460
 9994  7545
 9997  7541
 9998  7548
10000  7567
10004  7566
10007  7463
10008  7542
10009  7475
10021  7471
10032  7579
10034 17514
10045  7494
10052  7494
10053  7492
10054  7578
10056 19908
10057  7581
10058  7571
10059  7557
10063  7602
10064  7524
10065  7459
10066  7588
10067  7518
10068  7603
10069  7487
10078  7574
10081  7615
10087  7491
10089  7613
10090  7582
10093  7519
10094  7491
10095  7522
10097  7517
10101  7521
10121  8805
10128  7638
10149  7656
10154  7547
10170  7675
10179 24582
10189  7561
10202  7681
10220  7587
10221  7671
10229  7708
10235  7591
10238  7705
10239  7589
10240  5885
10253 18203
10262  7612
10268  7623
10269  7722
10272  7733
10274  7621
10288  7739
10299  7637
10300  7745
10303  7726
10310  7731
10315  7763
10339  7683
10356  7801
10359  5576
10362  7672
10369  7784
10370  7719
10377  7678
10381  7688
10392  7715
10398  7853
10399  7861
10404  7709
10405  7689
10408  7701
10413  7835
10414  7581
10418  7714
10430  7732
10432  7796
10437  7721
10440  7732
10441  7746
10444  7791
10445  7725
10450  7787
10455  7904
10460  7730
10476  4582
10484  7916
10497   914
10498  7817
10499  7715
10499  7772
10500  4803
10502  7813
10505  7800
10506  7758
10507  7790
10509  7750
10513 27436
10514  7875
10528  7774
10536  7838
10538  7798
10549  7782
10564  7862
10567  7788
10571  7856
10579  7863
10585  7951
10588  7874
10589  5535
10591  7885
10609  7961
10610  7978
10618  7793
10639  7788
10644  7903
10646  7896
10654  1208
10657  7928
10661  7926
10663  7902
10709 22992
10719  7985
10733  8016
10742  5068
10743  8008
10745  8009
10747  7909
10759  8018
10766  8011
10767  8028
10775  8044
10795  8074
10801  8055
10803  8042
10805  8046
10809  8061
10811  8065
10813  8056
10818  8027
10836  8054
10838  8060
10840  8063
10850  8110
10861  8127
10879  8062
10880 12497
10883 18192
10890  8109
10894  8125
10905  8135
10908  8170
10911 27821
10925  8114
10934  8167
10941  8128
10951  8154
10953  8180
10956  8185
10990  8198
11016  8176
11027  8215
11030  8218
11037  8202
11040  8223
11042  8169
11048  8228
11049  8211
11065  8236
11071  8224
11073  8227
11074 27281
11079  8256
11085  8236
11088  8229
11094  8242
11111  3795
11112   744
11122  8253
11135  1423
11145  8364
11149  8285
11159  1525
11160  8302
11163  8725
11172  2123
11173  8424
11179  8399
11182  8399
11183  8308
11185  8308
11187  8284
11196  8448
11197  8453
11198 20079
11200  8471
11202  9468
11213  8373
11224  8314
11233  8321
11235  8519
11240  8289
11245  8502
11252  8367
11255  8493
11262  8248
11266  8414
11270  8491
11271  8398
11272  8401
11283  8415
11290  8450
11291  8429
11299  8591
11300  8442
11306  8571
11308  8566
11315  8588
11319  8455
11320  8592
11325  8588
11326  8464
11329  8433
11331  8455
11332  8599
11335  8498
11339  8454
11340  8418
11342  8459
11344  8506
11347  8481
11349  8452
11353  8392
11354  8461
11357  8500
11367  8624
11372  8484
11378  2195
11378  8508
11381  8509
11386  8381
11388  8501
11389  8520
11393  8627
11395  8485
11403  8517
11404  8802
11408  8638
11409  8341
11411  8516
11413  2589
11414  8562
11415  8341
11417  8554
11418  8372
11422  8383
11425  8447
11426  8640
11430  8539
11431  8345
11437  8551
11438  8351
11441  2589
11442  8499
11447  8354
11452  8582
11453  8348
11454  2237
11455  8560
11457 22123
11458  8634
11459  8351
11462  8578
11463  8544
11465  8553
11468  8298
11493  8339
11505  8653
11510  8573
11514  8319
11516  8668
11517  8573
11518  8612
11525  8584
11529  8542
11531  8548
11533  8594
11536  8609
11544  8569
11549  8619
11550  8675
11551  8441
11556  8597
11558  8589
11560  8614
11563  9921
11569  8621
11575  8427
11576  8403
11577  8577
11584  8614
11592  8602
11594  8683
11595  8467
11596  8598
11598  8686
11599  8428
11609  8468
11614  8605
11621  8458
11622  8613
11629  8532
11630  8436
11635  8604
11639  8397
11644  8712
11648  8552
11650  8711
11657  8439
11672  8713
11676  8733
11679 26851
11681  8656
11683  8704
11693  6503
11710  8751
11711  8750
11739  8699
11740  8779
11744  8697
11772  8658
11775  8771
11776  8761
11795  2801
11802  8766
11805  8766
11815  8788
11818  7525
11832  8853
11852  8857
11856  8856
11857  8785
11895  8785
11896  8745
11906  8861
11908  8839
11920  8867
11931  8913
11937  8787
11944  8879
11946  8884
11969  8975
11971  2382
11977  8892
11983  9000
11984  8889
11992  8928
11993  8906
11995  8874
11999  9025
12001  8938
12011  9033
12047  8921
12048  8947
12049  9073
12050  8982
12055  8980
12060  8946
12061  8986
12064  9118
12067  8995
12068  8988
12069  8989
12070  8993
12080  8959
12087  8991
12091  9164
12098  9161
12103  9007
12121  9079
12155  9100
12159  9126
12161  9110
12169  9142
12172  9327
12175  9363
12179  9345
12180  9181
12184  9417
12190  9384
12193  8961
12194  9384
12198  9292
12199  9176
12202  9174
12208  9198
12211  9457
12221 18990
12227  8997
12228  8911
12249  8911
12259  3818
12261  9400
12266  8895
12275  9263
12284  9286
12285  2053
12287  9286
12336  9472
12364 24681
12375  9546
12380  9628
12383  9378
12412  9700
12416  9441
12465  9508
12501  9695
12502  9437
12515  9666
12524  9500
12569  6500
12570  9389
12661  6939
12668  9563
12756  9677
12767  9913
12783  9842
12785  9970
12809  9720
12815  9865
12845  9782
12897  9571
13070 26360
13111  7881
13262 21524
13383 16017
13463 10469
13489 10481
13581 10532
13589 10525
13742 10637
13862 27705
14243  9201
14385  5230
14403 26399
14491 21481
14573  8335
14610 24381
14651 22379
14744 17699
14880 11245
14921 22749
15269 23857
15473  2416
15519  9411
15527   541
15562  3139
15601  5068
15645  2590
15859  5170
15883  8910
15887 11742
15899  2448
16137 20246
16163 17466
16211 11190
16289 13177
16306  5912
16511  8662
16609 25011
16652  8766
16661   631
16708  6868
16790 12282
16958 16454
17288  7946
17320 22749
17370 18071
17564 21213
17580  5853
17625  6481
17668  1526
18173  5184
18382  8339
18502  2064
18926  8605
19230  7725
19291 23789
19374 17413
19510 24502
19548 11053
19629 11334
19646 11360
19688 13293
19704 13315
19749 21849
19781 13372
19782 13375
19788 16627
19814 12798
19848 19486
19882 12871
19985 13266
20001 13266
20002 10632
20009 13266
20174 19691
20190 19521
20210 26322
20463 23791
20622  3791
20744 12281
20754 13059
20792  8042
20918 23045
21092 12521
21107 23045
21233 13390
21275 23180
21353 14263
21485 13744
21563 27655
21834 11014
21879  7391
22079 27281
22089 12113
22137 22999
22224  6908
22320 27769
22324 19729
22329 14295
22357 15645
22554 15869
22561 15041
22567  2967
22567 26908
22615  7738
22657 21019
22682 18824
22978  3795
22982 26739
23008 12230
23280 19023
23317 26399
23520 15328
23582 27683
23598  2389
23622 11163
23716  6423
23861 14975
23954 14572
23984 16389
24013  5014
24090 26077
24091 18848
24104 13324
24106  7649
24186  3939
24284 11310
24383  5347
24423 22812
24457 22966
24592  7577
24655 27195
24666  2559
24688 22147
24703 17517
24884  4976
24893 13840
24998 23848
25004 24424
25085 16957
25091  6961
25136 14132
25160 12488
25184  8728
25228 11250
25271   830
25319  5749
25361 24832
25380 26143
25382 14295
25467 25527
25577 17854
25584 25936
25616 15326
25628 21839
25751 12542
25792 23365
25802 26176
25851 14569
25895 14604
25898  6244
25946 20790
25978 14642
25979 14642
25981 26951
26007 17717
26010  1606
26064  6403
26105 14748
26172 10267
26187 14871
26190 27445
26218 24929
26288 17287
26310  6992
26418 10356
26435 18990
26575  2920
26667 20570
26683  6600
26709  5146
26777 25839
26831 15420
26851 20765
26861  7998
27077 15591
27202 15689
27233  4121
27237 25071
27275 12865
27414  8709
27423  7677
27450 12500
27632 16350
27674 27856
27692 27881
27719  4086
27748 27821
27751  8460
