    2 20258
    4    37
   11    21
   29  1102
   37 18526
   79  3606
   99 11607
  112  2828
  130  4498
  160  6240
  185  3015
  204  6333
  225  3005
  241  2906
  265  3052
  287 11631
  311  3058
  346  2897
  362  3935
  460  2963
  461  2976
  477  3010
  493  3009
  507  3125
  510  4207
  526 16731
  528  3128
  538   104
  543  3164
  543  6805
  560  3164
  621  3092
  651  3135
  709  3172
  805 13405
  952  3381
  986  3527
  996  9043
 1073  9293
 1101  3364
 1128  3596
 1211  1436
 1229  4344
 1313  5330
 1343  3167
 1352  1954
 1380  9093
 1385 11447
 1407 11451
 1444  3527
 1446 12265
 1500  5445
 1512 11507
 1516  3646
 1548  8476
 1554 15535
 1558  4487
 1565  3305
 1595  2348
 1629 11698
 1664 13548
 1669  3494
 1671 14240
 1701  6599
 1703  7980
 1737  3775
 1746  3462
 1752  3462
 1753  6756
 1760 18119
 1808  3424
 1812 12148
 1840  3499
 1843  3460
 1868  3412
 1879  2179
 1934  3664
 1943  3653
 1944 15164
 1948  3863
 1965   550
 1977  3682
 2023 19316
 2141  3552
 2157 14205
 2165  6398
 2225 11803
 2235  3545
 2295  3558
 2310 18229
 2311  3854
 2321  3928
 2330  3641
 2346  2948
 2351  9156
 2364 12105
 2373  3857
 2393 12191
 2418 12224
 2431    27
 2516  3710
 2534 20011
 2601  3993
 2619  4065
 2656 14551
 2664  3820
 2667  4043
 2700  4106
 2737 10938
 2738  4140
 2763  4082
 2775  3823
 2835  3927
 2837 17321
 2848 11050
 2853  9526
 2905  3886
 2917  1724
 2983 12297
 2992  4024
 3028  6111
 3081  4064
 3102  3833
 3104  4290
 3125  4279
 3146  4020
 3163 15522
 3198  4394
 3230  4328
 3263 18861
 3266  4331
 3319  4162
 3355  4113
 3439  4151
 3465  7634
 3474  4237
 3492  4749
 3510  7625
 3529  4406
 3567  4197
 3569  4454
 3576  4212
 3591  4230
 3765  9767
 3768  8192
 3786  4303
 3809  4322
 3847  4309
 3882  4366
 3921  4612
 3924 12382
 3926  4376
 3997  4386
 4000  4641
 4032  4653
 4210  4698
 4331  6758
 4337  4727
 4341  4784
 4380  6375
 4386 10845
 4430 12845
 4438 19930
 4474  4780
 4490  4837
 4500  4775
 4508   244
 4542  4841
 4569  4595
 4573  2591
 4622  5984
 4624 14075
 4681 12049
 4766  4682
 4772  3612
 4834  4726
 4849  5045
 4865  5520
 4893  4756
 4941  5586
 4943  4097
 4952  5565
 4953  5565
 4956  5573
 4959   863
 4963  5570
 4984  5597
 5038 10732
 5046  7672
 5163  2430
 5206  5718
 5241  5729
 5248   637
 5276  9148
 5306  4150
 5384  5752
 5398  6250
 5414  5635
 5443  5631
 5465  4443
 5466  4443
 5498  5664
 5500  5666
 5508  2769
 5516  5696
 5518  5873
 5524  5696
 5538  5823
 5543  5975
 5545  1578
 5597  5699
 5605  5714
 5605  9358
 5610  5735
 5621  5939
 5638  5921
 5653  5908
 5657  5741
 5666  5734
 5675  5733
 5751  5763
 5776  5785
 5778  5778
 5795  5794
 5800  5796
 5827  6727
 5842  5843
 5845  5844
 5857  5864
 5860  6402
 5903  6413
 5905  5912
 5911  5937
 5913  5942
 5919  8160
 5920  5950
 5922  5941
 5936  5952
 5939  5962
 5947  5961
 6026  6441
 6065 19319
 6093   719
 6101 14477
 6126  6519
 6149 13601
 6166  6491
 6181  6532
 6188  6557
 6228  6536
 6258   680
 6291  2699
 6311 18616
 6331  9471
 6380  6337
 6455 11779
 6469 10252
 6535  5963
 6562 11899
 6573  6573
 6579  2665
 6618  1430
 6634  6626
 6644  4677
 6674  6605
 6680  6779
 6689  6609
 6691  2512
 6710  6632
 6719  6637
 6758 10399
 6769  9810
 6775  6655
 6784  6654
 6786  6654
 6798 17235
 6817  6892
 6833  6884
 6835  6735
 6838  6695
 6845  6693
 6849  6704
 6850 18325
 6853  6905
 6866  4250
 6866  6706
 6868  6794
 6873  6721
 6897  6755
 6906  6731
 6908  6793
 6909  6719
 6923  6744
 6928  6739
 6937  6753
 6942  6753
 6951  6823
 6957  6788
 6968  6776
 6983  6785
 6987  6782
 7002  6829
 7004  6822
 7012  6835
 7015  6837
 7030  6817
 7034 18252
 7035  7017
 7037  6894
 7055  7031
 7065  6888
 7068  7036
 7069  6881
 7075  7047
 7076  6861
 7080  7003
 7081  7034
 7087  6870
 7093  6887
 7097  7041
 7102  6898
 7108  7108
 7118  6958
 7122  7088
 7135  7004
 7143 20286
 7145  7004
 7167  6964
 7214  7033
 7385  7658
 7392 14272
 7397  3447
 7436  6778
 7457  7947
 7467  7685
 7475  7682
 7476  7249
 7514  7706
 7525  7984
 7541  9340
 7561  9041
 7590   484
 7592  9079
 7600  6381
 7604  7388
 7625  7598
 7626  7904
 7650  7785
 7663 17557
 7666  7669
 7686  8239
 7689  8117
 7721  7853
 7758  9285
 7769  8302
 7772  8296
 7776  8265
 7779 12158
 7784  8359
 7837  8391
 7844   513
 7855  8341
 7857  8341
 7872  8427
 7884  8364
 7900  7997
 7901  8427
 7928  7853
 7953  8572
 8024  8572
 8035  8472
 8046 18670
 8062 16957
 8067  8120
 8095 19722
 8152  7768
 8167  6599
 8172  7789
 8185  8904
 8185 16142
 8199  8259
 8213  8256
 8215  7869
 8217  7817
 8234  8060
 8242  7895
 8248  8729
 8269 15200
 8277  8125
 8279  7926
 8307  7853
 8310   988
 8315  8797
 8318  7853
 8335  8424
 8338  8426
 8361  8822
 8363  7977
 8375  8822
 8383  8153
 8384  8663
 8387 18859
 8402 18859
 8422 14676
 8427  8641
 8431 10726
 8438  8846
 8450  9105
 8454  8709
 8459  8522
 8505  8738
 8518  9228
 8522  9180
 8528  8760
 8531  8127
 8548  8734
 8555  9228
 8557  8105
 8562  9567
 8576  9207
 8584  8397
 8616  9213
 8616  9254
 8630  9257
 8636 14461
 8638  9277
 8652  5550
 8659  9474
 8663  9285
 8678  9088
 8693  8488
 8696  8230
 8703  8803
 8706  8516
 8720  8425
 8740  8615
 8756  8661
 8758 20153
 8763  8666
 8792  9490
 8794  9279
 8796  8408
 8813  9238
 8836  8388
 8860  9293
 8868  8793
 8869  8539
 8870  8525
 8875  8481
 8878  9077
 8884  9041
 8887  8633
 8897  8553
 8903 19643
 8963  9619
 8968  9283
 8970  8628
 8972  9283
 8979  7242
 9003    29
 9024  9666
 9048 16731
 9067  8880
 9071 13058
 9092  9012
 9093 12151
 9100 17048
 9104  7686
 9113  9603
 9136  9315
 9142  9316
 9156  3084
 9160  7479
 9166  2115
 9181  9129
 9198  9415
 9203  8878
 9218  6825
 9223  8927
 9232  7619
 9241  9461
 9246 13036
 9288 10637
 9298  5599
 9314 20223
 9336  8986
 9399 11013
 9412  8733
 9432  9660
 9436  9806
 9438  9806
 9463 16957
 9465  9848
 9479  9762
 9518  9897
 9520  9888
 9524  9905
 9550  9713
 9567  8803
 9588  8056
 9606  9859
 9648  9865
 9651  7886
 9684  9970
 9706  6394
 9739 15535
 9786  7886
 9805  9503
 9921  5652
10000  9862
10001  6347
10004  9871
10016   127
10017  9900
10032  9973
10041  2055
10047  9974
10049  9977
10055  9988
10064  9816
10065 10170
10066 10083
10081 10076
10084 10218
10088 10080
10089 10101
10091 10081
10119 15075
10134 10161
10137 10171
10141 10177
10147 10220
10152 10196
10164 10247
10168 10221
10170 10223
10185 10228
10203 18577
10204 10367
10205 10243
10206 10244
10226 10268
10229 10263
10255 10303
10262 10455
10265 10322
10268 10439
10269 10341
10272 10327
10279 10447
10289 10338
10296 10344
10303 10383
10308 10442
10315 10360
10316 10399
10334 10384
10349  4629
10349 10401
10352 10404
10356 10419
10360 10418
10365 10428
10369 10476
10370  2855
10372 10458
10378 10456
10383  6222
10397 10468
10408 10572
10409 10479
10411 10481
10421 10498
10422 10499
10438  3632
10441 10473
10444  3632
10445 16594
10494 10562
10501 10567
10515 10706
10519  2641
10536 10500
10541   785
10564  6659
10571  6752
10572 10859
10574 10625
10579 10863
10584 10541
10585 10637
10588 10531
10591 10544
10597 10664
10611 11079
10616 10563
10631  4688
10631  8707
10644 10363
10646  8889
10651 11105
10657 10621
10661 10659
10684 11043
10702  9229
10725 10802
10733 11173
10735 11177
10758 10874
10765 10911
10766 11207
10775 11237
10780 11213
10799  1177
10800 11229
10802 10940
10810 11231
10813 11236
10818 11190
10820 11228
10822 11232
10823 11232
10834 10984
10843 11252
10846  3348
10847 11251
10848 11256
10850 11259
10855 12829
10861 11261
10872  8208
10879 11290
10898 11258
10902 11321
10924  3789
10940 11340
10941 11339
10951 11390
10953 11352
10958  7781
10966  5977
10968 11386
10981 11394
11035  5307
11037 11438
11051 11586
11065  6356
11071 11507
11079 11619
11094 11553
11094 12871
11106 11528
11108  4387
11112 19319
11119 10292
11142 11738
11144  4387
11152 11741
11175   216
11192  1229
11363 19292
11373 11500
11404 10591
11466 12265
11490 11618
11516 11608
11547 11637
11568  3483
11583 12117
11602 11677
11605 19659
11611 12209
11626 11710
11642 12289
11649 11733
11650 11740
11681 12115
11707 11892
11710 11893
11711 11897
11740 11996
11808 12275
11815 12497
11821 12499
11825 12310
11854 12387
11871 12404
11872 12407
11879 12425
11920 12694
11921 12694
11945 12549
11946 12811
11962 12588
11969 12582
11988 12860
11993 12834
12000 12882
12004 12882
12015 12875
12023 16946
12049 12760
12050 12986
12055 13005
12064 12767
12067 13051
12078 13073
12087 12806
12103 13003
12129 13167
12139 12953
12143 13241
12146 12969
12148 12936
12155 13072
12157 13050
12160 13036
12166 13294
12172 13067
12175 13068
12184 13093
12190 13094
12194 13094
12211 13168
12212 13146
12214 13414
12215 13298
12221 13150
12226  4207
12242  3483
12245  3328
12288 13494
12294 13488
12323 13341
12331 13557
12380 13314
12383 13563
12427 11326
12440 13404
12475  5163
12517 13713
12637 11359
12650 13566
12688 13919
12700 13927
12737 13653
12766 19867
12783 13852
12809 14016
12830  7952
12845 14045
13131 13968
13237 14396
13256 14028
13263  7228
13338  5325
13410 11148
13421  3183
13423  9428
13662 12014
13760 14341
13819 14424
13921 14479
13923 19034
13975 19597
14056   245
14061  6587
14073  6463
14127 14731
14318 17764
14385  2418
14421 13009
14447 20026
14482  4186
14521 19556
15564  3209
15663  1587
15682 12036
15742 18640
15859  7884
15883  3904
15918  1907
16036 14127
16082 15716
16091 10685
16247 15922
16299 20091
16499  6424
16511 19319
16528   651
16533  3792
16666  9216
16708  3745
16732 10448
16743  4613
17023  3253
17045  2304
17135 19242
17169  5086
17233 17180
17327   244
17369  6624
17497 12108
17580  4796
17581  4149
17625 10725
17643  5952
17866  8432
17877 10772
17894  3508
17898 17045
17902 13523
17918 11861
17925  4796
17978  3924
18035  4510
18055  4303
18073 15153
18075 12939
18116  1587
18141  5942
18165  6225
18212 15524
18236 12622
18313  2175
18315 15644
18382 20137
18728 20165
18784  2265
18840 17897
19050 19191
19093 17074
19230   410
19382 19508
19480 12408
19514 14753
19562 16123
19583   478
19694 15094
19720 18861
19959 15502
20071  6349
20127 10989
20149 16091
20153  2781
20182 10504
20202   876
20227 19169
20281 17376
20294  1311
20410 14491
20513 14300
20628  5941
20776  3803
20819 17060
20907  6679
21041 11537
21092 16269
21194  6694
21244  5689
21264 18467
21275  2115
21577  3696
21654 15532
21701 19585
21989  9575
22110 15917
22200 14332
22388 14461
22421 20298
22534   369
22548 16053
22682  3297
22773 13044
22834   380
22872  3986
22921 13901
22993  3801
23007  3792
23016  3801
23026  3801
23054 11319
23112  9799
23127  3953
23170 15107
23400  3948
23417 15825
23506  4459
23627 19481
23665  5370
23714  7502
23715 14169
23794 14745
23823 17432
23834 16073
23901 19945
24050 16441
24109 12292
24247  4664
24252 17589
24326  6840
24569  1216
24711  2234
25022 11855
25072 18229
25115  6604
25246  8399
25393   716
25464 16727
25508  6890
25557 17860
25755 11969
25785  2526
25811 16241
25838 20107
26066 16655
26084  4967
26127  2268
26293 11595
26297 13311
26435 13150
26471  7086
26503 14248
26564 15176
26670 19164
26677  3069
26828  8336
27008  6031
27014 12765
27049 11167
27211  8153
27631    33
27640     8
27675    33
27684  7616
27705  6168
27744 20297
