    5 18676
    8 13930
   12   195
   15   205
   66 10859
   79  2562
  112  1935
  116  1939
  144  1960
  167 15381
  209  4996
  225  2040
  236 20275
  241  2005
  244  2008
  252 16451
  258  5017
  311  2112
  346  2012
  352  2768
  362  2922
  396  2043
  398  2022
  461  2071
  477  2096
  493  2095
  507  2191
  521 19261
  528  2200
  543  2255
  558  2233
  558  2237
  560  2255
  577  2274
  621  2209
  631 13502
  668  5353
  681 10350
  686  2252
  687 10738
  709  2298
  764  2434
  781 14877
  857 17772
  880  4474
  908  2966
  926  2648
  986  2526
  993  2532
 1017  4980
 1045  2510
 1047  8368
 1064  3446
 1085  2443
 1128  2584
 1181 10674
 1343  2293
 1426  7080
 1440  5561
 1443 10820
 1444  2526
 1448  2335
 1500  4432
 1509 19422
 1554  1895
 1558  3389
 1579 10953
 1596  5606
 1622 11011
 1629 11004
 1648  3855
 1662 16735
 1669  2514
 1719  2469
 1729 20227
 1755   477
 1765 11221
 1787  2498
 1808  2490
 1831  1626
 1868  2488
 1890 10616
 1934  2642
 1947  2810
 1948  2813
 1960  2824
 2033  2531
 2093  1656
 2236  2860
 2276 16234
 2311  2849
 2319 11430
 2320  1895
 2330  2628
 2364 11433
 2373  2856
 2392  7289
 2440 20411
 2445  2684
 2452 11556
 2502  2992
 2593  2439
 2601  2964
 2614  7258
 2619 12233
 2662  2026
 2664  2814
 2667  2992
 2700  3050
 2724  2742
 2738  3102
 2775  2833
 2809  3153
 2835  2916
 2848  3087
 2856  2892
 2858  2892
 2898  7516
 2983 11613
 2992  2985
 2995 10576
 3045    52
 3049 15560
 3063  3250
 3088  3022
 3099  3310
 3125  3262
 3146  2995
 3163 15079
 3190  3289
 3198  3353
 3222  3035
 3244  3350
 3257  3333
 3283  3334
 3287  3396
 3319  3139
 3355  3106
 3439  3148
 3469  3162
 3474  3230
 3503  3439
 3529  3406
 3545 12233
 3567  3198
 3569  3437
 3576  3214
 3577  3220
 3591  3236
 3654 10079
 3747  3515
 3786  3314
 3797  3491
 3809  3330
 3817  4288
 3826  3328
 3847  3325
 3848 11802
 3906  3377
 3921  3569
 3997  3400
 4066  3626
 4210  3671
 4236  3672
 4341  3744
 4385 10246
 4404  4484
 4405 10062
 4430 12252
 4437  2959
 4466 14391
 4474  3748
 4500  3743
 4524 13595
 4566  3702
 4569  3592
 4624 13726
 4690 13930
 4766  3678
 4790 11693
 4849  4041
 4893  3736
 4941  4553
 4943  2599
 4952  4539
 4953  4539
 4959  4112
 4963  4545
 4984  4564
 4985 17813
 5006  2124
 5038 10035
 5057  4597
 5069  5533
 5072  2403
 5106   440
 5115  8130
 5152  4451
 5181  4656
 5206  4672
 5233  7409
 5242  4686
 5276  8183
 5299  4548
 5389  4755
 5414  4603
 5429  5153
 5443  4609
 5448  2578
 5450  4642
 5465  3336
 5466  3336
 5498  4634
 5500  4635
 5516  4657
 5524  4657
 5535  7109
 5538  4797
 5543  4913
 5568 16577
 5582  4876
 5597  4668
 5605  4675
 5610  4705
 5638  4883
 5657  4711
 5666  4710
 5667  4708
 5671  4939
 5675  4709
 5676  4944
 5689  4714
 5751  4739
 5752  4746
 5776  4757
 5778  4756
 5798  4779
 5834  4804
 5845  4824
 5846  4830
 5848  5266
 5857  4841
 5868 14161
 5871 19992
 5879  4874
 5892  5386
 5903  5384
 5905  4901
 5911 17718
 5920  4937
 5922  4928
 5936  4948
 5939  4956
 5946  4955
 5947  4954
 5973 18247
 5993 13213
 6058  3610
 6121  5443
 6126  5445
 6181  5457
 6215  5455
 6219  5485
 6228  5468
 6234  5478
 6263 16451
 6275  5613
 6287  8820
 6289  2830
 6331  8526
 6374  5567
 6388  3186
 6455 11087
 6488 15131
 6489 14928
 6636  3340
 6674  5559
 6689  5568
 6693  5612
 6699  5645
 6702   213
 6710  5581
 6713 20336
 6719  5584
 6769  8961
 6775  5605
 6784  5607
 6786  5607
 6833  5810
 6834  2599
 6835  5626
 6838  5637
 6845  5639
 6849  5644
 6859  5836
 6866  5654
 6868  5686
 6870  4678
 6873  5670
 6895  5871
 6897  5712
 6906  5687
 6923  5708
 6924  5714
 6928  5706
 6937  5725
 6942  5725
 6944  5877
 6945  5900
 6956   638
 6957  5764
 6966 16701
 6968  5757
 6987  5772
 6993  6592
 7002  5809
 7013  5817
 7015  5818
 7030  5802
 7037  5801
 7040  5963
 7069  5863
 7072  5873
 7074  5878
 7076  5848
 7084  5943
 7087  5862
 7090  5976
 7093  5882
 7097  6010
 7102  5885
 7122  6038
 7138  6023
 7140 13149
 7154  5941
 7155 13288
 7167  5953
 7190  2103
 7192  6127
 7201  6124
 7210  5992
 7232  6163
 7265  6016
 7272  8076
 7298  2303
 7327  3177
 7354  7748
 7356  8068
 7380 11405
 7385  6601
 7396  1388
 7400  6598
 7401 14877
 7411  6225
 7414  3363
 7455  6580
 7461  6714
 7467  6623
 7475  6616
 7476  6172
 7504 20532
 7536  8885
 7547  2026
 7551  7696
 7561  6662
 7601  8575
 7616  7130
 7647  7864
 7672 17204
 7673  7250
 7679  5279
 7722 11616
 7748  7366
 7758  8378
 7759  8123
 7814  7454
 7815  6729
 7837  7483
 7841  6729
 7860  7489
 7868  7310
 7872  7530
 7896 14438
 7897  1611
 7899  7530
 7900  7010
 7901  7583
 7932  7137
 7963  8948
 8013  8120
 8083  7864
 8140 11231
 8149  6972
 8152  6693
 8160 16131
 8172  6723
 8199  7299
 8213  7290
 8215  6830
 8216  7042
 8229  7566
 8248  7772
 8264 16047
 8277  7145
 8281  7788
 8290  7925
 8306  8008
 8308  7836
 8316  7178
 8335  7462
 8338  7464
 8359  7401
 8361  7849
 8365   197
 8368  7956
 8375  7849
 8381  8103
 8384  7669
 8401  8380
 8403 19879
 8450  8186
 8454  7783
 8457  7909
 8458  6981
 8465  8197
 8479  8228
 8505  7782
 8528  7800
 8531  7122
 8532  8274
 8548  7805
 8549 19446
 8557  7080
 8567  8010
 8569  8302
 8575  7734
 8576  8324
 8584  7424
 8587  8324
 8597  8005
 8606  7163
 8616  8334
 8629  8396
 8632  8375
 8638  8387
 8655  3352
 8655  7174
 8656  7156
 8663  8897
 8664  8124
 8689  7431
 8690 12368
 8693  7541
 8696  7247
 8703  7864
 8728  8209
 8737 13856
 8740  7639
 8747  8261
 8750  7664
 8751  5281
 8756  7679
 8763  7683
 8776  7610
 8782  7694
 8792  8557
 8794  8312
 8796  7404
 8807  8351
 8813  8281
 8828  7605
 8847  8380
 8868  7801
 8869  7560
 8870  7548
 8885  7460
 8887  7594
 8894  7577
 8934  7512
 8941  7499
 8942  7154
 8945  6592
 8948  2805
 8956  7914
 8967  7911
 8968  8321
 8970  7613
 8972  8321
 8979  6217
 9012  7830
 9028  8472
 9040  3113
 9040 11595
 9045 18154
 9066  8385
 9069  6289
 9076  8885
 9093 11476
 9104  8500
 9113  8738
 9142  8376
 9150  8500
 9151  8515
 9159   269
 9181  8181
 9198  8482
 9202  8231
 9203  7938
 9213  7964
 9220 11536
 9223  7977
 9225  7934
 9229 19482
 9239  8698
 9241  8525
 9270  8729
 9274  8557
 9277  8031
 9335  8898
 9336  8002
 9344  8775
 9367  8838
 9391  6989
 9397  9057
 9431  9030
 9432  8778
 9441  9030
 9456  5373
 9473  9030
 9483  8442
 9513  9066
 9514  8953
 9516  8644
 9520  6601
 9520  9100
 9524  9087
 9538  8658
 9547  8953
 9567  7864
 9638  9094
 9648  5626
 9718  6734
 9725  9264
 9742  7005
 9821  2027
 9894  8757
 9921 11451
 9929  3113
 9942  9974
 9978  5720
 9998  9138
10000  9090
10004  9099
10017  9136
10027   213
10032  9215
10047  9238
10049  9239
10050  7491
10054  9302
10064  8979
10065  9458
10066  9342
10075  9414
10089  9357
10091  9343
10097  8923
10098  9367
10113  7491
10119  7539
10124  7537
10134  9415
10138  9505
10147  9475
10158  9485
10166  2504
10168  9479
10169  9480
10170  9481
10185  9499
10202  9508
10204  9631
10205  9514
10206  9513
10212  9521
10229  9539
10255  9577
10261  9621
10262  9711
10268  9729
10272  9604
10273  9721
10279  9722
10288  9615
10289  9617
10296  9620
10303  9670
10308  9709
10334  9671
10342  7872
10349  9685
10356  9707
10360  9699
10365  9720
10369  9776
10397  9759
10398  9752
10408  9872
10409  9772
10417  5779
10418  3259
10422  9798
10441  9766
10460 14940
10480  8091
10494  9874
10501  9878
10505 10062
10518  5188
10536  9768
10546  9975
10551  9919
10554 12929
10564  5560
10569  9927
10574  9935
10577  3477
10583  6723
10584 13746
10591  9822
10597  9976
10599  8251
10614  8266
10616  9862
10644 10356
10651 10448
10657  9922
10661  9963
10664 18721
10667 12155
10682 10459
10684 10374
10692  9903
10702  8593
10704  8466
10711 10056
10718 10490
10719 10039
10722  8499
10730 10512
10733 10526
10755 10537
10758 10204
10780 10567
10798  7542
10810 10592
10813 10593
10818 10541
10822 10590
10823 10590
10825 10608
10830  9035
10834 10298
10846 10619
10847 10615
10871 10625
10879 10646
10887 11451
10895 10645
10898 10614
10899 10654
10901 10656
10911  4401
10940 10693
10953 10695
10968 10712
10981 10714
10986 10736
11037 10749
11045 10779
11094 10866
11097 10946
11102  9520
11108  3205
11119  9555
11122  8226
11142 11045
11143  2025
11144  3205
11157  3205
11159  2232
11246  2399
11278   456
11365  2621
11404  9897
11417  1883
11479  3078
11485 10882
11516 10904
11539 10530
11547 10938
11602 10975
11611 11537
11642 11626
11644 11067
11649 11042
11671  8133
11671  8408
11681 11420
11695 11138
11704 11195
11707 11216
11710 11209
11711 11214
11712 11417
11732  2494
11740 11310
11759  7567
11776 11793
11802 11648
11806 11665
11809  8639
11815 11844
11825 11631
11885  2372
11909  2410
11931 11997
11934 11951
11943 11944
11944 12043
11945 11937
11946 12227
11962 11973
11969 11969
11983 12044
11988 12305
12000 12328
12004 12328
12015 12331
12037 12355
12048 12365
12049 12173
12055 12477
12056 12459
12063 12486
12064 12182
12074 10469
12078 12542
12103 12488
12124 12533
12139 12420
12143 12744
12145 12399
12146 12414
12155 12566
12160 12492
12166 12802
12172 12518
12174 12536
12184 12540
12201 12850
12208 12880
12211 12627
12215 12801
12221 12644
12232 13116
12239 12925
12245  2291
12261 12852
12284 13026
12288 13022
12312 13042
12331 13063
12412 12820
12414  8128
12450 12935
12489 12956
12501 12982
12524 13318
12650 13108
12679 10715
12686 13867
12688 13538
12693  3520
12700 13544
12764 13567
12783 13424
12791 13226
12830  6895
12834 13269
12845 13681
12846  6533
12849 18183
12869 13010
12889  2830
12910 13548
12948 13361
13071 13519
13131 13562
13490 15705
13517  1846
13524 13726
13544  8286
13703 17269
13760 14046
13793  7352
13819 14217
13921 14255
14047 19015
14062 18640
14182 19345
14414  7785
14513  4022
14942 17705
14993  3306
15114 16399
15255  6172
15426 12363
15520  2918
15524  2017
15563  5860
15620  7048
15680 20437
15883 15192
15960  6145
16029 17669
16084 20253
16102 16892
16128    20
16533  2673
16674  2316
16786  2901
16789  4022
16959  3941
16967  7317
17023  2355
17082 15822
17096 16746
17159 16098
17166 16964
17189  2771
17192 15888
17217 16234
17430 13539
17554   524
17595 18386
17759   900
17773 18371
17846  5459
17888 20220
17916 16104
17925  3770
18136  2289
18204 15079
18247 17826
18316  9344
18399 20007
18486 20502
19032   651
19078 14105
19135  1549
19221 20479
19253  8559
19380  6601
19414  6773
19457 15880
19528  6523
19615 16782
19787 14580
19814 18742
19903 20383
20174 17155
20182  9797
20385 19447
20410 14166
20628  4928
20683  3494
20694  8329
20695 15574
20827  3042
20943 13303
21032 18141
21041 10833
21078 18727
21148  1955
21182  8930
21194 17366
21241 20172
21244 11070
21439  8044
21601 16804
21715 15113
21770 11625
21915 18726
21963  3378
22064   911
22067 18562
22109  2429
22123  5035
22135 10613
22166 19317
22185  8826
22434  7065
22606  5308
22728 17460
22792 14168
22880  1977
22893  4324
22992  2672
23007  2673
23026  2672
23205  1432
23215   917
23280 18665
23317  7560
23410  8851
23472  7496
23484  7038
23596 13700
23683 18329
23866    40
23908  2588
24005 16605
24025 16427
24084  6648
24096 14877
24097  3347
24320 10129
24373  2347
24451  9626
24460  3797
24554 19188
24569   439
24711  1239
24796 19992
24874  2849
24899 10479
24956 14404
24977  8226
24996  2189
25326 18582
25398  2904
25567 16196
25591  2587
25643  4125
25686  2334
25759  7286
25781  1710
25836  2218
25871  2501
26273 16829
26279 10444
26297 12822
26301   841
26379  2443
26415  1851
26419  1872
26427  7398
26678 15750
26706 18234
26838 13330
26845 20369
26941 20523
27120 17957
27225 10645
27318  4698
27408 19411
27409 15683
27538  9980
27616 11185
27631 20510
27640 20506
27642 20462
27664 13787
27684  6589
27693    63
27705 19285
27753  5398
