   16  4086
   42     9
   48 20089
   49  9100
   68  4911
   92  2603
  106 12209
  108 26484
  112 26669
  128  7582
  131  5756
  138  9141
  156  7582
  177  8339
  208  8460
  265  2044
  267  3795
  272  8436
  305  8436
  336  1476
  354  1327
  374  8439
  387    21
  395   102
  401  8767
  402  8439
  403  7764
  421  8439
  430  8131
  444  7823
  466  7941
  467  8436
  529  7927
  534  7606
  534  8439
  538  7629
  553  2044
  573  8047
  580  1168
  585  7907
  602  8436
  606  8439
  639  7661
  659  8436
  669  7941
  688  8436
  718  7927
  719  7629
  740  8131
  753  7606
  753  8439
  817  7927
  821  7941
  835  7823
  855 27092
  871  8436
  878  7723
  888  8436
  905  8439
  908  8439
  918  7941
  921 27744
  926  2086
  931  7941
  946  1327
  966  7973
  984  8436
  991  7941
 1028  1178
 1049  7927
 1088  6330
 1099  7629
 1113  7941
 1134  8436
 1163  8436
 1176  1327
 1222  8131
 1230 21155
 1240  4087
 1247  8436
 1261  8439
 1262   402
 1280   633
 1309  8679
 1314  7766
 1339  7927
 1350 16527
 1357  2156
 1420 21155
 1424 16821
 1443  7823
 1483  1345
 1536  8908
 1568 12113
 1573  1159
 1678  4724
 1689  7229
 1695   910
 1748  6571
 1787   928
 1828  7582
 1851  2174
 1882  4292
 1924  4481
 1936 26161
 1939  1206
 1960   794
 1963  1245
 1972   933
 2008  1259
 2048  5987
 2071  1455
 2095  1481
 2109  1425
 2132  1537
 2133  8434
 2159  3139
 2195  1591
 2232  1525
 2269  7959
 2274  1538
 2294  7275
 2442  7788
 2450  7788
 2451  1762
 2483  1702
 2486  2522
 2490  2476
 2509  5762
 2514  2385
 2531  2587
 2532  1820
 2548  1997
 2550  2721
 2552  5139
 2565  2743
 2569  1997
 2580  2770
 2581 12448
 2583  2770
 2611  6571
 2622  2847
 2628  2793
 2642  2428
 2658  2835
 2684  2866
 2688  7537
 2699  2935
 2702  2469
 2714  5239
 2734  2914
 2738  2973
 2767 27382
 2776  2964
 2789 10105
 2814  3001
 2837 15294
 2849  2674
 2892  3150
 2908  4446
 2910  3184
 2916  3126
 2925  4186
 2927  3168
 2933  3202
 2955  7854
 2964  2894
 2990  7598
 2995  3373
 2996  2053
 3003  3292
 3035  3442
 3046  3423
 3097  3400
 3106  3513
 3106  3515
 3139  3480
 3148  3556
 3162  3589
 3192  3139
 3198  3635
 3199  3543
 3202  3159
 3209  3638
 3217  3640
 3220  3651
 3230  3571
 3236  3656
 3250  3200
 3251  3721
 3258  3603
 3282  3276
 3289  3270
 3310  3204
 3314  3782
 3319 24264
 3325  3814
 3328  3802
 3330  3790
 3335  3166
 3342  2882
 3345  3383
 3353  3260
 3371  3859
 3389 26056
 3390  1370
 3396  3358
 3400  3918
 3406  3505
 3419  3443
 3425 13751
 3439  3483
 3443  3475
 3515  3648
 3532  4169
 3551  4116
 3582  4256
 3585  3829
 3592  4292
 3596  4261
 3610  8805
 3645  3880
 3652  3921
 3678  4407
 3680  3991
 3702  4225
 3709  4043
 3711  4031
 3724  4671
 3727  4036
 3736  4488
 3743  4088
 3748  4081
 3760  3748
 3795  8023
 3819 27610
 3877  1966
 3916  7408
 3966 24854
 3967  5809
 3974  2063
 3989  5678
 4022  1669
 4104  4748
 4122  3061
 4225   744
 4253 24077
 4271  3006
 4401 27821
 4476  7611
 4529 25626
 4640   876
 4675 27007
 4709  4690
 4739  4728
 4746  4731
 4756  4743
 4757  4740
 4764  4453
 4808  3795
 4820  4778
 4824  4781
 4826  4471
 4827   744
 4829  4786
 4830  4791
 4839  4809
 4861  4550
 4865  4802
 4874  4812
 4875  4813
 4880  4588
 4901  4836
 4907  4827
 4915  4453
 4937  4847
 4945  4856
 4948  4861
 4954  4870
 4955  4868
 4964  4866
 4995  4879
 5011  8017
 5107  9532
 5111  7448
 5112  7164
 5226  3939
 5229  3939
 5277  2117
 5279 22541
 5301  5065
 5322  5065
 5342 23794
 5375   876
 5384  4738
 5385  4737
 5386  1349
 5387   783
 5393  7914
 5421  8921
 5471  4996
 5477  4970
 5491  4981
 5501 12237
 5527 21488
 5560  7862
 5568  5372
 5605  5404
 5608  5419
 5617  5424
 5626  7229
 5637  5449
 5661  5396
 5674  7800
 5684  4803
 5686  5425
 5687  5490
 5688  5457
 5689  4803
 5712  5468
 5713  5698
 5719  5273
 5725  5529
 5728  4803
 5757  5541
 5772  5553
 5792  5336
 5799  5385
 5801  5547
 5802  5585
 5807  5550
 5809  5549
 5814  5568
 5819  5360
 5836  5378
 5848  5617
 5862  5628
 5870  5622
 5873  5601
 5874   452
 5877  5444
 5878  5604
 5885  5644
 5895  5630
 5941  5669
 5953  5711
 5979  5736
 5983  5538
 6010  5573
 6066  5634
 6085 26059
 6131 26662
 6178 24606
 6189  4334
 6191  6261
 6195  3006
 6292  7226
 6340 15494
 6367  5676
 6393  5676
 6505  7236
 6543 22984
 6693  6423
 6722  6839
 6839  6467
 6840  5739
 6870  7314
 6934  6532
 6945  6367
 7090 13293
 7113  7606
 7131 26777
 7169 19285
 7175  4128
 7290  6321
 7299  6316
 7366  5812
 7398  6330
 7401  5872
 7404  6791
 7414  5812
 7447  5860
 7449  5915
 7464  6451
 7502  5915
 7515 25101
 7560 26399
 7577  6821
 7583  5966
 7587  5817
 7594  6798
 7609  6009
 7615  7643
 7617  6060
 7642  5817
 7650  2532
 7677  6373
 7679  6719
 7709  6545
 7783  6491
 7824  6705
 7836  8911
 7934  7098
 7939 13434
 7956  6307
 7973  5732
 8004  6417
 8034  6645
 8039  6009
 8094 13592
 8113  6931
 8121  6373
 8181  7000
 8193  7149
 8197  6407
 8221  5693
 8228  6408
 8250  8917
 8261  6564
 8281  6637
 8282  3870
 8306 22596
 8320  6459
 8321  5838
 8321  6746
 8324  6523
 8338  3310
 8345 16389
 8378  6530
 8385  6872
 8395  6518
 8396  5638
 8398 14077
 8400  6598
 8414 11245
 8515  6838
 8526  5457
 8579  2746
 8598  6327
 8614  6327
 8624  6820
 8643 24675
 8655  5855
 8656  8648
 8739  6950
 8755 14662
 8759  6966
 8778  7126
 8797  6193
 8838  7030
 8840  6989
 8885  6543
 8897  5854
 8898  6969
 8911  5967
 8940  6571
 8940 27215
 8979  7524
 9006  6987
 9020  8489
 9030  7041
 9084  7229
 9089  9316
 9094  7216
 9099  7566
 9112 20417
 9120  7202
 9138  7548
 9143 16287
 9162 17047
 9174  7868
 9223  1089
 9238  7593
 9342  7588
 9355 22046
 9357  7613
 9372  7619
 9390 17509
 9394 24855
 9475  7635
 9513  7686
 9515 20925
 9521  7696
 9549  7705
 9564  7720
 9589   713
 9604  7733
 9670  7726
 9707  7801
 9711  7612
 9730  7777
 9766  7746
 9779  7840
 9813  5576
 9818  7867
 9830  7715
 9874  7918
 9888  7933
 9914  5084
 9922  7928
 9963  7926
 9965  7190
 9986   976
10035  5928
10039  7985
10061 12726
10140  5088
10273  6821
10295  7914
10296  7914
10309   876
10345  6868
10346  6868
10356  7903
10386  2752
10389  4971
10482 24877
10541  8027
10544  8052
10571  8074
10593  8056
10613  8116
10619  8047
10619  8386
10621  1148
10636   243
10646  8062
10680  8118
10693  8164
10695  8180
10696  8193
10749  8202
10751 25928
10756  8233
10820  2119
10850  2477
10866  8242
10904  8668
10920  3363
11034  8274
11067  8712
11074 16133
11208  8727
11209  8751
11254  8719
11290  6179
11310  8779
11367  4435
11392  2618
11405  7805
11420  8656
11435  2009
11456 27306
11457 12420
11476  6802
11489   914
11616  8147
11635 19986
11648  8766
11651  8040
11748  8909
11793  8761
11844  8788
11920 26269
11960  3974
11969  8975
11976  9346
11997  8913
12227  8884
12266  8906
12272  4974
12274  8906
12284   697
12295 15389
12360  8946
12373  8946
12402  2590
12415  9316
12433 25271
12488  9007
12495  8989
12518  9327
12542  9012
12588 18365
12627  9457
12663  9085
12744  9097
12837  6161
12880  9198
12883  9198
12985  6571
13026  9286
13207  8435
13318  9500
13323  4748
13527  9633
13533  7629
13538  2946
13553  6964
13737 25858
14036 11338
14288  7169
14413 25136
14433 16812
14448 21488
14762  5749
14774 17907
14864  2222
15084  2427
15335 27059
15682  8223
15928 12877
16428 12877
16451  2371
16451 27769
16545 13438
16931  5518
17094 16825
17102 12630
17569 25026
17957  7516
17985  9487
17992 19220
18037 19461
18369 14036
18428  6366
18551  5382
18617  1709
18667  4324
18928 19777
18971  2765
18971  3101
19161   893
19164 16034
19225 16326
19244 27852
19311 25544
19379 16977
19436  6851
19438 12019
19486     6
19507  1629
19604 27761
19712 26767
19758 11771
19778 13577
19828  9611
19933 11708
19955 19703
20160  8932
20376 16627
20379 17038
20484 27852
20508  1525
20521 19533
20527    16
20530 27350
