   13   428
   17     0
   19     0
   22    31
   24  3574
   25 18648
   26    22
   30    24
   36 17125
   37    33
   38    48
   53  3577
   61     0
   63    33
   68  1347
   93  3947
  105  3630
  108  3994
  110  2741
  114  3671
  121 17577
  139  3784
  140  3685
  141  3677
  150  3994
  173  4017
  174  3701
  177 11589
  193  3752
  200  3804
  211  4040
  213   290
  215  3775
  217 18503
  219  3776
  232  3763
  239  3767
  242  3774
  262  4242
  267 18632
  272 12363
  281  3861
  298  4059
  310  3820
  315  3970
  321  3818
  335  3508
  359  4546
  370  4232
  376  3884
  383  3881
  399 18694
  400  3950
  402 18503
  410  2771
  412  2644
  418  4131
  422  3995
  429  3964
  440 16236
  445 11952
  451   600
  452 18484
  457  3923
  463  4036
  465  4027
  472  4037
  474  4037
  480  4000
  497  3989
  504  4031
  511  4021
  552  3585
  568  3999
  569  8018
  573 12363
  586  4038
  591  4101
  594  3996
  595  4242
  597  4546
  605  4039
  617  8482
  624  4315
  638 13908
  647  4269
  654  4158
  655  4091
  679  7779
  689  4097
  690  4117
  702 18696
  708 10976
  728  4161
  741 18503
  788  4546
  791  4316
  805  8051
  808 18694
  868  4263
  879 18647
  880 11197
  888 18654
  919  4335
  922  1102
  942  4355
  961  4546
  992  4359
  997  4368
 1078  4316
 1087  3994
 1131  4187
 1135  4478
 1198  8073
 1226  4546
 1240  4423
 1258  4637
 1259  4167
 1268  1613
 1303 18503
 1306  4681
 1332 10302
 1348  4473
 1353  4232
 1377  5567
 1406  4661
 1444  4614
 1519  3299
 1524 18503
 1547  4679
 1560 14998
 1572  9216
 1573  4725
 1590  4744
 1592  4724
 1597  3265
 1626  3781
 1636  4777
 1637  4787
 1638  4792
 1643  4586
 1644  4788
 1651  4786
 1660  4814
 1661  4790
 1664  4809
 1665 18392
 1672  4813
 1676  4805
 1680  4806
 1685  4831
 1688  4838
 1689  4845
 1690  4820
 1692  4845
 1694  4837
 1699  4841
 1700  4844
 1709 11752
 1712  4839
 1725  4850
 1729  7407
 1730  4860
 1732  4842
 1732 10747
 1735  4864
 1737  4866
 1738  4867
 1741  4868
 1742  4871
 1747  4890
 1749  4894
 1752  4920
 1756  4903
 1762  4902
 1772  4934
 1775  4914
 1776  4916
 1779  4916
 1783  4942
 1792  4945
 1794  4937
 1819  4906
 1821  4947
 1823  4955
 1826  4961
 1835  7427
 1844  5020
 1846  4984
 1848  4988
 1861  7602
 1875  4986
 1879  5035
 1880  4939
 1890  5007
 1893  4904
 1899  5063
 1901  4991
 1902  5004
 1903  5002
 1906  5059
 1908  4973
 1913  5025
 1917  5093
 1918  5099
 1922  6337
 1940  5112
 1941  5129
 1949  5044
 1950  4989
 1953  5049
 1954  5071
 1961  5138
 1968  5069
 1971  5136
 1980  5108
 1982  5022
 1986  5113
 1990  5043
 1992  5153
 2003  5114
 2004  5077
 2011  5131
 2020  5192
 2025  5083
 2031  7672
 2032  5169
 2033  5267
 2035  7679
 2040  5140
 2043 11678
 2044  5106
 2063  7756
 2068  5267
 2074  5271
 2080  5156
 2083  5195
 2084  5125
 2097  5221
 2101  5122
 2101  5133
 2114  5228
 2121  5287
 2122  5150
 2125  5316
 2135  5231
 2141  5240
 2144  5222
 2149  7862
 2153  5195
 2159  5347
 2172  5281
 2184   527
 2191  5322
 2200  5353
 2230  5315
 2232  5369
 2234  5288
 2240 17322
 2246  5291
 2255  1539
 2261  4743
 2270  7722
 2278  5397
 2281  5404
 2285  5405
 2288  5400
 2291  5325
 2306  5337
 2316 16225
 2330 11737
 2344  5423
 2350  5075
 2362  5393
 2376  5341
 2381  5386
 2386   843
 2419  5363
 2422  1963
 2429  5448
 2430  5368
 2435  5438
 2439  5170
 2464 18484
 2466  5469
 2467  5469
 2488  5390
 2520  5505
 2527  5516
 2554  5591
 2562 18567
 2565  5466
 2567    93
 2569  2984
 2596  5605
 2606  5605
 2611   565
 2628  5521
 2644  5545
 2646  5713
 2652  5650
 2668  5726
 2670  1602
 2672  5675
 2673  5675
 2683  5741
 2685  5726
 2687  2372
 2688  5726
 2699  5572
 2720  5658
 2736 12755
 2737  5592
 2742  5569
 2759  2578
 2767  5059
 2770  5705
 2781  5683
 2783  5682
 2783  5683
 2788  5674
 2796  5596
 2799  5704
 2805  3101
 2830  4639
 2856  5720
 2891  4524
 2922  5770
 2942  5762
 2951  5800
 2955  5766
 2966  5805
 2973  5802
 2991  5804
 2992  5808
 3009  5852
 3010  5859
 3013  5850
 3017  5853
 3028  5825
 3030  5467
 3035 14684
 3048  5889
 3050  1379
 3063  5793
 3068  5868
 3070  6975
 3073  5879
 3112  2514
 3116  2980
 3117  5818
 3118   690
 3152  3367
 3154  3371
 3198  5858
 3205  2698
 3217  5865
 3220  5874
 3236  5877
 3237  5987
 3239  5899
 3242 15676
 3258  5892
 3275  5961
 3288  5942
 3291  5974
 3298  5960
 3304  5990
 3310  5962
 3314  5915
 3329  5986
 3330  5923
 3377  5959
 3383  6011
 3386  8214
 3389  5984
 3393  5982
 3396  6009
 3400  5980
 3443  6036
 3464  6059
 3469  6630
 3491  6065
 3492  6033
 3515  6080
 3587  5314
 3592  6075
 3595  5314
 3596  6082
 3661  6122
 3702  6103
 3711  6183
 3720  6197
 3726  6148
 3727  6189
 3728  5880
 3742  6167
 3743  6211
 3770  8069
 3793  6208
 3794  6227
 3801 17212
 3824  6182
 3846  6254
 3847  6275
 3854  6292
 3855  6272
 3866  6306
 3877  5435
 3883  4751
 3884  6349
 3886  6321
 3887  6329
 3888  6332
 3892  6324
 3919  6368
 3922 13821
 3923  6639
 3925  6355
 3928  6374
 3941  6458
 3944  6406
 3947  6389
 3952  6684
 3953  6462
 3956  6433
 3959  6248
 3974  6500
 3977  8593
 3983  6371
 3984  6405
 3990  6392
 3995  6465
 3997  6639
 4001  6418
 4004  6554
 4005  6459
 4015  6545
 4016 13685
 4019  6547
 4022  6393
 4024  6564
 4028  6438
 4034  6435
 4034  7553
 4037  6435
 4048  6595
 4051  6472
 4059 18503
 4061 15751
 4069 14343
 4070  6602
 4071  6594
 4073  6605
 4077  6451
 4089  6464
 4091  6608
 4096  6635
 4098  6631
 4103  6688
 4108  6499
 4112  6570
 4113  6543
 4118  6657
 4121  6666
 4142  6715
 4144  6521
 4163  6758
 4164  6606
 4171  6740
 4180  6762
 4186  6759
 4192  6707
 4216  6781
 4220  6646
 4228  6718
 4231  6714
 4240  6764
 4242  6667
 4253  6794
 4263  9642
 4267  6761
 4272  1980
 4280 18287
 4322  6903
 4347  6956
 4348  6979
 4355    16
 4393  6953
 4407  6960
 4413  2489
 4416  6971
 4426  6915
 4430  6822
 4432  6973
 4452  6991
 4478  6987
 4501  9681
 4501 10270
 4503  7079
 4505  6918
 4506  7087
 4513  7050
 4514  7058
 4529  7031
 4530  7098
 4535  7062
 4538  7063
 4541  7120
 4544  7120
 4545  7123
 4547  7057
 4548  7065
 4562  7127
 4565  7068
 4568  7002
 4575  8260
 4609  7133
 4619  7158
 4640  7181
 4642  7146
 4668  7182
 4672  7221
 4673  7186
 4689  7230
 4704  7196
 4709  7213
 4710  7203
 4716  7268
 4732  7269
 4745  7125
 4757  7238
 4761  7247
 4779  7261
 4782  7245
 4791  7237
 4797  7338
 4800  7241
 4801  7302
 4804  7270
 4819  6097
 4824  7292
 4829  7289
 4837  7272
 4844  7314
 4849  7337
 4867  7383
 4872  5510
 4886  5525
 4901  7346
 4902  7411
 4907  7339
 4910  3939
 4911  7305
 4913  7341
 4915  3055
 4915 10410
 4937  7361
 4938  7446
 4946  3965
 4949  7453
 4953  7451
 4958  7445
 4961  7407
 4967 12161
 4973  7452
 4976  7372
 4980  7378
 4983  7459
 4990  7387
 4996  5599
 5002  7457
 5003  7466
 5004  7470
 5012  7484
 5021  7475
 5034  7473
 5037  7461
 5047  7572
 5053  7481
 5056  7534
 5057  7486
 5059 14896
 5063  7492
 5072  7520
 5086  7512
 5091  7521
 5094  7522
 5098  7662
 5104  7601
 5109  6182
 5111  7688
 5113  7536
 5114  7515
 5131  7671
 5132  7553
 5143  7431
 5146  7569
 5151  7730
 5152  7561
 5160  7614
 5165  7571
 5171  7657
 5180  7651
 5190  7751
 5202  7708
 5211  7755
 5213  7643
 5216  7566
 5220  7665
 5224  7642
 5226  7573
 5233  7755
 5245  7683
 5250  7501
 5253  7710
 5254  7776
 5258  7783
 5260  7687
 5262  7758
 5269  7776
 5270  7711
 5279  7760
 5284  7604
 5287  7615
 5288  7720
 5290  7607
 5292  7743
 5293  7707
 5294  7774
 5299  7791
 5302  2587
 5304  7791
 5306  7742
 5315  7794
 5319  7724
 5322  7802
 5327  7734
 5337  7828
 5339  7732
 5342  7767
 5350  7788
 5358  9544
 5364  7826
 5366  7819
 5371  7777
 5373  6627
 5382  7861
 5384  7856
 5388  7869
 5395  7892
 5410  7929
 5415  7921
 5417  7862
 5425  7907
 5429  9211
 5443  3096
 5450 12255
 5465  5115
 5472  7884
 5479  7891
 5488  7912
 5502  7917
 5508  7934
 5512  7936
 5518  7917
 5520  4233
 5528  8049
 5536  8105
 5544  7957
 5554  7961
 5560  7976
 5582  7980
 5584  8088
 5587  8097
 5592  8110
 5601  8108
 5607  8120
 5630  8000
 5637  8162
 5644  8158
 5646  8074
 5658  8128
 5659  8138
 5662  8105
 5668  5407
 5672  8114
 5674  8212
 5686  8047
 5687  8248
 5688  8036
 5690  8149
 5696  7875
 5697  8167
 5700  8211
 5712  8264
 5713  8175
 5717  8171
 5726  8171
 5728  8199
 5730  8185
 5734  8215
 5738  8218
 5752  8238
 5757  8297
 5763  8283
 5764  8309
 5767  8261
 5772  8314
 5778  8226
 5781 11046
 5783  8240
 5796  8252
 5801  8102
 5804  8090
 5807  8344
 5809  8346
 5811  8109
 5836  8277
 5839  8289
 5841  8345
 5848  8373
 5873  8399
 5875  8419
 5876  8409
 5878  8401
 5881  9830
 5885  8413
 5886  8335
 5888  8133
 5895  9835
 5914  8447
 5930  8466
 5931  8421
 5935  8521
 5938 11283
 5941  8467
 5948  8515
 5952  8418
 5954  8395
 5955  8486
 5971 11312
 5974  8356
 5981 11324
 5984  8436
 5996  8487
 6005  8483
 6020  8441
 6023  8426
 6025  8431
 6039  8518
 6046  8514
 6047  8524
 6049  8533
 6050  8520
 6051  8516
 6057  8531
 6076  8477
 6082  2010
 6085  8553
 6103  8559
 6112 10303
 6123 16569
 6131  6015
 6134  8550
 6143  8605
 6154  8540
 6162  3033
 6163  8547
 6165  8555
 6172  8461
 6179  8589
 6192  5971
 6195  8593
 6198  5971
 6199  8724
 6202  8578
 6204  8573
 6205    17
 6217  8082
 6218  8628
 6227  8770
 6238  8751
 6249  8842
 6250  8782
 6251  8769
 6255  8775
 6257  8779
 6259  8774
 6260  8776
 6260  8779
 6262  8776
 6262  8779
 6272  8677
 6275  8781
 6292  8779
 6293  8546
 6297  8844
 6298  8881
 6303  8727
 6305  8822
 6314  8786
 6316  8832
 6317  8874
 6318  8785
 6321  8887
 6336  8849
 6338  8830
 6345  8778
 6346  8860
 6350  8921
 6351  8822
 6354  8881
 6358  8762
 6367  8828
 6372  8883
 6379  8877
 6384  8881
 6387  8773
 6390  8888
 6392  8955
 6393  8848
 6401  8819
 6402  8906
 6405  7805
 6406  8872
 6408  8935
 6412  8828
 6414  8906
 6417  8881
 6423  8840
 6431  8798
 6432  8850
 6434  8919
 6441  8818
 6444  8881
 6447  8859
 6449  8901
 6451  8847
 6454  8233
 6460  8875
 6462  8825
 6464  8810
 6475  8919
 6481  8889
 6485  8954
 6492  9119
 6493  8966
 6498  8931
 6499  8931
 6505  8960
 6518  8981
 6524  8973
 6526  9002
 6558  9164
 6565  9011
 6571  9029
 6572  9078
 6583  8350
 6584  9328
 6592  9332
 6594  9352
 6601  9079
 6602  8729
 6612  8672
 6616  9030
 6620  9411
 6624  9068
 6628  8809
 6637  9286
 6644  9543
 6652  9444
 6658  2885
 6663 10667
 6678  8948
 6685  8956
 6710  8917
 6734  9132
 6736  9135
 6755  9151
 6766 12229
 6776  9158
 6785  8512
 6790  9193
 6818  8937
 6822  9634
 6830  8979
 6833  9103
 6839  9607
 6848  9637
 6852  9062
 6856  9600
 6857  9602
 6859  9080
 6861  8993
 6868  9650
 6871  4736
 6889  9672
 6895  6934
 6903  8970
 6909  9607
 6912  4394
 6927  9318
 6937  9282
 6940  9043
 6959 10610
 6972  9230
 6973  9364
 7001  9382
 7004  9392
 7010  9408
 7013  9255
 7028  9258
 7036  9246
 7040  9281
 7041  9795
 7045  9105
 7060  6593
 7068  8911
 7071  9826
 7080  9163
 7083  9846
 7087  9320
 7090  9860
 7098 10701
 7099  9383
 7106  9540
 7107  9851
 7110  9331
 7114  7368
 7120  9795
 7122  9206
 7131  9342
 7132  9860
 7154 10131
 7189  9892
 7212  9398
 7249  9615
 7254  9892
 7270  9387
 7274 10745
 7275  9628
 7290  9612
 7308  9475
 7311  8726
 7316  9654
 7334 10736
 7336 10716
 7338  9397
 7367  9518
 7377 10054
 7393  9728
 7399 10719
 7401 10527
 7404  9400
 7413  8951
 7416  9401
 7424  9585
 7429  9549
 7437 10082
 7454 10090
 7455  9000
 7456  9701
 7463  9583
 7464  9718
 7470  9418
 7472  9003
 7487  9622
 7493  9594
 7498 10072
 7499  9456
 7504  6630
 7509  9434
 7524   413
 7537  9041
 7539  9040
 7541  9646
 7544  9046
 7554  9340
 7560  9546
 7564  9527
 7575  8365
 7584  9857
 7589 10425
 7594  9652
 7599  9879
 7603  9601
 7604  6727
 7609 10157
 7615 10010
 7616  9645
 7617 10213
 7620  9865
 7624 10157
 7624 13267
 7628 10421
 7634 10534
 7648 10195
 7650  9689
 7666 18314
 7670 10567
 7672  5013
 7679  9707
 7683  9689
 7685  9761
 7694  9681
 7701  9858
 7710 10309
 7716  9688
 7723 10244
 7734  9913
 7753  9934
 7769  9945
 7773  9936
 7780  9943
 7782  9950
 7783 10062
 7785  9781
 7786  9178
 7789  9967
 7791 10291
 7797  9971
 7800 10112
 7801  9713
 7805  9959
 7815  9949
 7822  9216
 7824  9923
 7827  9997
 7832  9958
 7837  9958
 7849 10018
 7861  6221
 7864 10032
 7865 10351
 7885  9872
 7886 10051
 7891  9681
 7895  9291
 7901  9828
 7922 10392
 7932 10035
 7934  9703
 7935  6873
 7936  3660
 7938  9750
 7942 10405
 7949  9912
 7954 10570
 7956 10198
 7975 10198
 7977  9789
 7980 10008
 7988  9788
 8002  9765
 8016  9385
 8019 10104
 8023 10111
 8023 10611
 8030  9901
 8031  9847
 8043 10401
 8067 10128
 8068 10559
 8078  9650
 8081 10519
 8084 10011
 8091  9442
 8094 10144
 8104 10444
 8107 10492
 8108  9650
 8111 10230
 8112 10199
 8117 10496
 8120 10492
 8122 10494
 8129 10492
 8134 10584
 8153  8874
 8154 10472
 8162  5701
 8164   255
 8166 10065
 8169  9918
 8181 10069
 8193 12131
 8197 10589
 8207  9559
 8218 10198
 8225 10308
 8228 10576
 8231 10101
 8244 10678
 8266  9571
 8274 10632
 8275 10647
 8280 10306
 8281 10325
 8288 10687
 8291 10653
 8302 10632
 8312 10366
 8314 10671
 8317 10659
 8319 10348
 8321 10318
 8326 10754
 8334 10750
 8359 10764
 8365 10750
 8371 10764
 8376 10362
 8387 10775
 8395 10693
 8405 10611
 8429 10396
 8433 10282
 8450  7037
 8454 10134
 8472 10947
 8475 10315
 8478 10834
 8481 10442
 8482 10446
 8483 10544
 8484 10551
 8500  2422
 8522 10346
 8525 10522
 8526 10345
 8527 10354
 8529 10349
 8580 10808
 8608 10808
 8611 10808
 8612 10319
 8638 10611
 8648 10710
 8681 10667
 8683  5750
 8712 10648
 8720 12553
 8738 10642
 8778 10730
 8830 10781
 8843 10810
 8849 10787
 8873 10803
 8885 10716
 8894 10534
 8902 10716
 8923 10833
 8929 10939
 8943 10818
 8966 10832
 8983  3001
 9008 10830
 9077 10922
 9097  9146
 9100 10924
 9104  7205
 9113 10929
 9125 10927
 9133 11337
 9136 14012
 9143 10855
 9149 10934
 9170  3734
 9174 10688
 9186 17510
 9191  3789
 9192  3584
 9194  3789
 9211  3734
 9219 10952
 9226  6387
 9238 10975
 9239 10979
 9255 10988
 9279  8891
 9290 10033
 9330  8778
 9334 11022
 9335 10861
 9342 11023
 9344 10267
 9356 11028
 9367 11033
 9372 11053
 9378 11074
 9386 11080
 9389 11050
 9395 11042
 9398 11044
 9414 11069
 9415 11071
 9417 11072
 9425 11068
 9428 11089
 9429 11090
 9431 10997
 9446 11095
 9450 11094
 9451 10313
 9456 10798
 9479 11130
 9480 11131
 9481 11132
 9482 11128
 9491 11062
 9499 11145
 9507 11134
 9508 11191
 9513 11151
 9520 10352
 9521 11162
 9521 11165
 9528 11105
 9531  9066
 9532 11169
 9537 11173
 9539 11195
 9548 10374
 9559 11208
 9561 11206
 9564 11227
 9573 11102
 9578 11230
 9579 11215
 9587 11248
 9590 11240
 9593 11166
 9599 11236
 9604 11259
 9613 11043
 9618 11201
 9619 11270
 9620 11269
 9621 11143
 9631 11216
 9632 11223
 9634 10463
 9635 11202
 9637 11294
 9643 11310
 9645 11258
 9661 11235
 9667 11329
 9670 11338
 9671 11344
 9672 11344
 9674 11342
 9678 11305
 9680 10539
 9685 11358
 9686 11361
 9689 11364
 9695 11360
 9699 11363
 9700 11274
 9707 11373
 9711 11311
 9718 11375
 9720 11384
 9721 11307
 9729 11326
 9731 11129
 9735 11315
 9736 11392
 9744 11104
 9747 11183
 9757 11419
 9758 11352
 9760 11432
 9764 11122
 9765 11418
 9768 11184
 9769 11335
 9778 11367
 9779 11439
 9794 11452
 9795 11453
 9798 11449
 9801 11462
 9802 11463
 9805 11460
 9808 11465
 9813 11430
 9816  4909
 9821 11476
 9822 11220
 9823 11247
 9824 11233
 9827 11427
 9837 11450
 9845 11447
 9854 11442
 9855 11516
 9856 11565
 9857 11492
 9859 11409
 9865 11505
 9867  1097
 9870 11510
 9872 11457
 9878 11509
 9885 11538
 9886 11494
 9888 11536
 9894 11552
 9896  9154
 9896 11557
 9897 10765
 9900 11436
 9902 11573
 9906 10765
 9908 10773
 9912 10774
 9913 11291
 9917 11612
 9920 11575
 9922 11374
 9927 11586
 9928 11629
 9930 11551
 9935 11597
 9944 11526
 9946 11336
 9947 11624
 9963 11417
 9975 11641
 9982 11421
 9984 11663
10011 11691
10017 11695
10019 11681
10033 11519
10035 11687
10063 11721
10064 11713
10070  3390
10072 10917
10079 11472
10083  3390
10087  3390
10095 11918
10098 11737
10100 11776
10102 11918
10104 11737
10111 11741
10113 11446
10122 11755
10123 11895
10128 11857
10130 11761
10140  5327
10182 12005
10186 11902
10189 11954
10190 11989
10216 11523
10236 12073
10238 11946
10246 11945
10247 11946
10251 12059
10255 11577
10257 11546
10259 12061
10265 12061
10273 11704
10280 12043
10283 12096
10293 11622
10294 12084
10295 12058
10296 12069
10298 11595
10299 11615
10309 12112
10314  6070
10316 12118
10320 11665
10324 11635
10328 12128
10332 12140
10335  3727
10338 12147
10340 12124
10343 11683
10344 12131
10352 12156
10354 12156
10355 12159
10358 11700
10373 12172
10376 12183
10382 12052
10385 12191
10386 12189
10388 12184
10391 12200
10396 12195
10401 12198
10403 12190
10405 12203
10408 12201
10410 12091
10415 12038
10420 12091
10421 12186
10423 12091
10427  1963
10434 12225
10435 12228
10440 12234
10446 12223
10450 12218
10454 12216
10458 12248
10469 10854
10477 12258
10481 12238
10489 12268
10490 12269
10492 12261
10496 12266
10504 12274
10509 12280
10512 12282
10526 12290
10544 12307
10547 12297
10551 12315
10555 12317
10567 12320
10571 12330
10575 12333
10577 12334
10588 12343
10589 12322
10590 12352
10591 12347
10598 12366
10599 12350
10602 12358
10607 12339
10608 12342
10612 12369
10613 12377
10614 12316
10619 12363
10633 12129
10644 12149
10646 12367
10650 13200
10651 12146
10653 12408
10671 12542
10684 12490
10685 12484
10690 12504
10694 12477
10708 12546
10713 12570
10716 12516
10729 12590
10743 14955
10758 12623
10767 12399
10774 12402
10804 12392
10817 12453
10824 12485
10832 12642
10833 12442
10834 12496
10839 12489
10844 12493
10847 12494
10852 12876
10858 12509
10861 12507
10866 12665
10868 12733
10870 12751
10871 12498
10875 12511
10877 12508
10885 12519
10894 12765
10896 12544
10904 12543
10906 12541
10908 12559
10915 12559
10919 12558
10921 12547
10923 12542
10926 12663
10930 12574
10932 12135
10936 12573
10938 12582
10939 12602
10944 12577
10951 12595
10958 12611
10963 12606
10966 12608
10967 12612
10968 12628
10974 12616
10975 12631
10976 12619
10979 12620
10980 12621
10982 12617
10985 12625
10998 12633
11003 12639
11016 12648
11017 12649
11023 12654
11024 12755
11025 12657
11028 12666
11029 12656
11031 17651
11040 12681
11041 12678
11042 12674
11050 16917
11053 12703
11055 17557
11058 12682
11060 12689
11066 12695
11067 12710
11085 12707
11099 12800
11101 12729
11121 12978
11138 12759
11155 12762
11170 12787
11196 12804
11197 12916
11199 12814
11201 12804
11202 12810
11207 12812
11209 12816
11213 12821
11214 12822
11216 12820
11222 12867
11236 13020
11243 12845
11251 13021
11253 12851
11254 12848
11265 13025
11272 13071
11273 13041
11275 12869
11289 12894
11291 12900
11295 13068
11297 13051
11299 13054
11301 13083
11307 13102
11310 12935
11316 13039
11321 12955
11326 12948
11327 12965
11329 12984
11334 13121
11335 12988
11339 12988
11341 13005
11344 13187
11345 13018
11354 13101
11363 13175
11372 13038
11374 13065
11377 13056
11378 13066
11379 13058
11391 13075
11393 13226
11397 13224
11407 13250
11408 11857
11412 13094
11413 13222
11417 13220
11419 13257
11420 13248
11424 13234
11435 10375
11436 13135
11437 13118
11439 13122
11443   787
11448 13273
11453 13088
11472  4810
11481 13174
11488 12986
11495 13293
11500 13313
11502 13340
11507 13317
11513 13335
11516 13183
11529 13362
11537 13408
11538 13201
11539 13338
11551 13336
11559 13378
11569 13249
11574 13369
11577 13251
11578 13412
11579 13245
11581 13259
11583 13240
11587 13384
11591 13261
11592 13346
11603 13445
11611 13287
11613 13286
11626 13568
11631 13295
11642 13298
11651 13330
11652 13334
11658 13504
11664 13351
11673 16576
11678 13363
11681 13385
11688 13387
11689 13560
11695 13398
11696 13404
11704 13417
11711 13543
11719 13428
11722 13598
11725 13463
11730 13447
11731 13432
11738 13475
11739 13457
11740 13617
11741 13467
11744 13474
11746 13490
11748 13491
11753 13652
11759 13509
11762 13517
11763 13526
11764 13593
11766 13523
11767 13518
11768 13508
11780 13533
11781 13540
11784 13549
11787 13546
11788 13690
11792 13715
11793 13726
11796 13569
11800 13576
11806 13580
11808 13588
11809 13599
11812 13597
11814 13668
11815 13709
11816 13604
11819 13737
11822 13607
11823 13615
11826 13613
11828 13622
11832 13628
11833 13632
11837 13633
11840 13639
11844 13788
11847 13663
11855 13658
11858 13657
11864 13660
11868 13677
11870 13799
11873 13693
11877 13816
11881 13694
11882 13786
11884 13789
11894 13815
11898 13758
11902 13719
11905 13723
11912 13854
11913 13728
11920 12747
11925 13752
11929 13757
11931 13764
11935 13818
11936 13765
11937 13760
11938 13766
11943 13896
11944 13772
11945 13885
11948 13873
11949 13784
11954 13910
11957 13870
11958 13852
11971 13904
11973 13814
11975 13927
11981 13942
11983 13882
11985 13829
11994 12371
11997 13879
12000 13843
12001 13952
12003 13954
12006 13973
12008 13840
12011 13981
12018 13850
12019 13067
12022  2862
12027 13845
12036 13878
12037 13887
12038 14005
12039 13997
12044 13894
12048 14028
12053 17132
12055 13897
12057 14001
12064 13919
12066 14040
12068 14027
12069 13917
12088 14050
12090 13962
12091 13961
12094 13941
12097 14062
12098 13970
12100 13959
12101 14104
12103 12466
12114 14133
12116 14109
12118 13992
12120 13995
12126 14137
12133 14175
12136 14156
12139 14174
12146 14029
12148 14009
12152 14037
12153 12085
12160 14214
12162 14169
12167 14049
12168 14061
12170 14076
12173 14082
12174 14230
12177 14045
12178 14071
12179 14066
12182 14085
12188 14247
12192 14113
12194 14252
12197 14099
12198 14120
12201 14124
12205 14092
12207 14127
12208 14251
12211 14281
12217 14150
12221 14145
12223 14149
12224 14323
12225 14148
12226 14320
12227 14334
12229 14126
12234 14338
12235 14170
12240 14179
12245 14157
12247 14208
12250 14193
12251 14336
12253 14356
12259 14379
12260 14241
12263 14240
12266 14359
12270 14406
12271 14254
12274 14359
12277 14249
12279 14225
12280 14416
12284 14373
12286 16834
12288  3537
12292 14386
12293 14233
12295 14282
12299 14353
12305 14451
12306 14243
12307 14436
12309 14407
12310 14278
12312 14393
12317 14394
12321 14296
12325 14430
12328 14464
12329 14316
12331 14440
12339 14490
12344 14456
12354 14326
12355 14459
12374 14487
12379 14369
12384 14529
12389 14384
12394 14538
12396 12105
12399 14398
12400 14565
12401 14576
12402 14402
12403 14555
12405 14578
12406 14399
12407 14535
12414 14427
12415 14437
12416 14577
12420 14409
12433 14423
12438 14566
12448 14408
12449 14580
12451 14417
12458 14626
12459 14617
12460 14450
12462 14403
12464  8866
12469 14609
12475 14444
12477 14632
12478 14642
12484 14644
12486 14629
12488 14625
12490 14647
12491 14652
12492 14488
12496 14473
12497 14660
12502 14648
12508 14676
12509 14483
12517 14495
12518 14522
12528 14675
12529 14678
12532 14689
12533 14611
12540 14518
12542 14728
12545 14534
12550 14537
12552 14539
12555 14707
12558 14680
12564 14753
12565 14740
12566 14584
12570 14547
12573 14568
12576 14592
12578 14784
12584 14726
12587 14590
12588 14758
12590 14595
12599 14791
12607 14853
12614 14810
12619 14638
12621 14819
12624 14785
12627 14666
12635 14814
12644 14616
12648 14823
12652 14857
12657 14870
12659 14693
12660 14843
12665 14869
12666 14667
12669 17431
12672 14697
12673 14893
12675 14699
12679 14828
12680 14900
12682 14716
12684 14872
12694 14743
12698 14748
12700 14913
12702 14760
12703 14918
12705 14754
12706 14766
12711 14915
12712 14948
12713 14952
12714 14922
12715 14749
12717 14883
12725 14950
12730 14802
12737 14807
12744 14971
12750 14829
12751 14925
12754 14832
12756 14860
12758 14837
12759 14994
12762 14954
12765 14851
12775 14961
12778 14887
12780 14842
12782 14850
12784 15025
12787 14993
12790 15028
12794 15037
12801 14985
12802 15038
12804 14930
12805 14924
12809 14932
12815 15034
12830 15086
12832 15078
12839 14964
12840 15104
12842 14933
12849 15093
12852 15042
12853 14967
12858 14979
12859 15092
12860 15115
12866 14998
12871  9250
12872 15148
12875 14969
12879 15132
12880 15129
12881 15159
12882 15120
12883 15129
12887 15188
12892 15156
12893 15143
12896 15161
12897 15169
12899 15179
12904 15192
12905 15207
12908 15185
12910 15178
12912 15157
12913 15228
12915 15170
12916 15162
12919 15197
12922 15241
12924 15230
12925 15184
12928 15235
12930 15010
12932 15203
12935 15046
12936 15176
12943 15222
12951 15262
12954 15096
12960  9662
12962 15276
12969 15290
12973 15107
12977 15118
12980 15265
12981 15267
12982 15133
12983 15298
12991 15306
12995 15323
12997 15301
13004 15354
13007 15182
13014 15381
13020 15366
13023 15357
13026 15349
13030 15199
13036 15231
13040 15315
13044 15248
13045 15392
13050 15414
13056 15428
13058 15440
13059 15271
13063 15473
13065 15278
13067 15449
13073 15472
13074 15470
13078 15460
13079 15491
13084 15491
13085 15524
13087 15501
13089 15506
13091 18090
13092 15502
13095 15543
13097 15521
13106 15492
13108 15303
13109 15540
13114 15546
13118 15559
13124 15314
13128 15347
13141 15280
13145 15280
13153 15598
13159 15578
13161  5365
13162 15380
13163 15590
13165 15633
13166 15393
13168 15396
13169 15387
13171 15597
13177 15405
13181 15596
13182 15607
13185 15415
13187 15603
13188 15402
13191 15604
13194 15592
13195 15433
13202 15614
13205 15446
13215 15631
13218 15430
13220 15616
13221 15653
13222 15669
13225 15645
13226 15438
13228 15625
13229 15462
13233 15621
13235 15439
13241 15618
13243 15682
13244 15658
13248 15593
13254 15516
13255 15508
13256 15496
13259 15617
13262 15719
13269 15500
13270 15723
13272 15551
13273 15700
13283 15568
13285 15420
13286 15742
13290 15668
13292 15759
13297 15745
13299 15756
13300 15760
13301 15568
13303  4829
13304 15724
13305 15571
13306 15564
13308 15782
13310 15765
13316 15781
13320 15741
13331 15712
13336 15792
13338 15801
13340 15591
13363 15819
13372 15627
13373 15798
13378 15634
13379 15835
13381 15652
13382 15859
13385 15857
13386 15857
13387 15671
13388 15883
13411 15807
13413 15815
13414 15905
13419 15906
13422 15862
13427 15876
13429 15708
13432 15925
13435 15925
13441 15715
13443 15726
13445 15702
13446 15953
13450 15701
13458 15944
13459 15967
13463 15973
13468 15955
13481 15961
13482 15978
13486 15910
13495 15977
13500 16004
13508 15818
13514 16036
13518 16029
13519 15778
13520 16017
13521 16005
13527 16030
13538 16056
13539 16065
13540 16039
13541 16041
13555 16079
13561 16078
13562 15911
13564 16077
13567 16054
13570 16083
13572 15939
13573 16097
13579 16072
13588 15945
13596 16051
13597 16130
13606 16136
13607 16096
13617 16113
13618 16159
13635 16173
13636 16098
13640 15870
13647 16210
13655 16019
13658 16249
13659 16035
13665 15947
13673 16256
13677 16245
13678 16044
13679 16218
13681 16265
13686 16076
13687 16049
13701 16252
13702 16320
13707 16202
13708 16326
13712 16116
13713 16272
13717 16119
13722 16114
13726 18698
13731 16336
13734 16351
13746  8085
13749 16284
13750 16363
13751 16377
13754 16150
13760 16396
13761 16152
13765 16155
13767 16168
13769 16398
13770 16161
13777 16405
13781 16166
13783 16174
13784 16170
13799 16188
13804 16215
13806 16204
13810 16219
13827 16242
13831 16236
13832 16257
13835 16483
13851 16278
13857 16293
13858 16301
13869 16307
13898 16346
13903 16358
13915 16364
13946 16406
13978 16450
13979 16453
13982 16453
14026 16478
14039 16495
14046 16479
14049 18450
14051 16509
14097 16558
14101 16567
14115 16744
14138 16614
14161 16648
14163 16644
14168 16651
14217 16702
14237   944
14250  3456
14255 16705
14332 16793
14375 16817
14389 16830
14391  2479
14394 16813
14430 16849
14469 16887
14475 16867
14502 16898
14503 16917
14517 16918
14551 16949
14567 16964
14579 16981
14592 16987
14603 16980
14627 16978
14639 17011
14658  7205
14666 14153
14667 17044
14676 17007
14692 17051
14693 15668
14753  4330
14755 17057
14785 17095
14808 17133
14810 17129
14862 17170
14877 18049
14898 17167
14928 18388
14932 17220
14951 11408
15023  5733
15095 18685
15154 17314
15303  5825
15327 12533
15457  9733
15499 18333
15613  4548
15769  1684
15813 18477
15823 14290
16131 10282
16144  5485
16149  1135
16428 12949
16592   505
16810 11174
16989  3376
17322 15546
17344 10114
17419  8248
17438  6495
17439 12474
17538 17234
17563 16669
17596    66
17610  7282
18065  3759
18384   635
18471 10246
18508  9726
18569  5806
18726 11089
18741 17132
19141  5161
19182 11590
19283  4298
19283 11700
19420  9425
19424 13422
19456 15550
19486    46
19623 18729
19677  3218
19696 17822
19723  6146
19828  8045
19942 10204
19983 11675
20307 17592
20390  4160
20408 16694
20429 17929
20504 12055
20508    42
