    1 27859
    6 27875
    8  1819
   20 27859
   22 27804
   41 27859
   45    13
   53  1819
   92  5504
   95  1983
  110  5987
  122 25194
  132  5504
  147 16222
  162 25136
  201  4686
  213  4572
  214  6235
  222 26056
  275 27769
  335  5537
  348 20152
  370  6571
  397  2091
  418   947
  480  2301
  514  3090
  568  8222
  581 26360
  583  5674
  589  8817
  602  7497
  647  7881
  671  5127
  733  6094
  777 27542
  792  5674
  816 27368
  873  8289
  899 20501
  907 25782
  910 19410
  961  7460
  971 27860
 1005 14900
 1018  8959
 1024  8959
 1030 17054
 1034 17054
 1065  4077
 1102  5113
 1105 27215
 1145  2041
 1149  6193
 1182 14624
 1204 20758
 1219  7239
 1227 25626
 1232 26539
 1376  1415
 1382 13707
 1428 23101
 1448 23991
 1469 25040
 1474 21038
 1562   419
 1566  2865
 1623 17137
 1658  4216
 1698  7077
 1723  5114
 1770  5871
 1794 26352
 1995 11421
 2300  1605
 2459  2346
 2475 27023
 2725 15082
 2746  7833
 2779  4688
 2782 20744
 2807  7242
 2875  5840
 2894  9508
 2909  5068
 2937 27014
 2969  3976
 2982 23612
 2986 24200
 3028 16199
 3035  5645
 3075  6313
 3104  8512
 3148 13281
 3196 14077
 3223  5671
 3232  5776
 3258 25072
 3269 12962
 3307 18510
 3316 13102
 3322  5167
 3383  7827
 3392 23138
 3446  2386
 3472  6766
 3473  5552
 3556  1329
 3561  3795
 3585  6745
 3613  5698
 3661  4803
 3733 16450
 3780  7508
 3785 26126
 3805  5012
 3829 27350
 3842  8552
 3848 23138
 3903  2703
 3945 13621
 3998  4335
 4019 27524
 4040  8724
 4105  2315
 4163  1568
 4235  1176
 4322  6603
 4339 27524
 4536 13011
 4574  3486
 4644  9918
 4717 27284
 4810  8439
 4899  8946
 5003  5137
 5013  4153
 5030  2009
 5032  8551
 5043 21524
 5136   887
 5169  5829
 5198  4588
 5203  4611
 5263  4041
 5273 18381
 5288  4588
 5312  4588
 5327  5088
 5347  3139
 5365  8895
 5365  8932
 5369  1525
 5382  1568
 5454  6571
 5465 17071
 5480 18928
 5505  3972
 5506  9367
 5521  2793
 5574  1820
 5591  1301
 5597  2963
 5611  2428
 5767  3306
 5792  2894
 5805 25136
 5828  1228
 5843   620
 5877  3656
 5906  7412
 5915  3782
 5916  3782
 5923  3790
 5927  3161
 5935  3812
 5962  3204
 5973  4739
 5984 26056
 6015 26662
 6020  3387
 6025  7382
 6046  3520
 6070 16087
 6075  4292
 6082  4261
 6090  4311
 6103  4225
 6200   443
 6216  4085
 6386  7501
 6390  6837
 6393  1669
 6426 21579
 6478  3974
 6547   996
 6694  4087
 6780  5211
 6790  7126
 6805  7126
 6908 22038
 6909 14016
 6945  4120
 6950 26489
 6956  2957
 6995 27846
 7031 25626
 7044  2393
 7117 18848
 7181   876
 7231 12474
 7238  4740
 7289  4786
 7292  4781
 7307  4453
 7338  4090
 7339  4827
 7346  4836
 7361  4847
 7367  4868
 7382  7543
 7438  2709
 7441  8614
 7447  4589
 7473  4086
 7620  8315
 7649  6236
 7671  1338
 7706  8315
 7723  8421
 7724  5829
 7767 22077
 7771  4295
 7773  2123
 7816  5012
 7851  5552
 7971  1995
 7976  7862
 8004  2066
 8029   652
 8036  5457
 8065  1724
 8084  5377
 8102  5547
 8120  5415
 8133 22905
 8162  5449
 8164  5452
 8178  5620
 8181  4803
 8192   956
 8197  8962
 8199  4803
 8211  1432
 8227  5479
 8248  5490
 8257  5502
 8264  5468
 8277  5378
 8280  5528
 8284  5529
 8297  5541
 8314  5553
 8333  5585
 8344  5550
 8346  5549
 8349  5556
 8373  5617
 8380  5481
 8381 13055
 8383  5622
 8392  5625
 8399  5601
 8401  5604
 8402  5628
 8413  5644
 8427  5662
 8430  5666
 8434  5520
 8446  9353
 8463  5538
 8467  5669
 8485  5573
 8513 23286
 8518  5752
 8548  5773
 8584  5292
 8586   203
 8593  3006
 8636  8596
 8673  5937
 8689  1269
 8743  5620
 8755  5953
 8783  3097
 8837  4154
 8893  7321
 8955  7238
 8960  7236
 9003  7354
 9057  1854
 9079  5762
 9122  6360
 9156  6513
 9171  7270
 9215    16
 9304  7331
 9326  5816
 9342 26777
 9353  5583
 9393 10965
 9410 26222
 9434  6905
 9462   851
 9528  6104
 9528  6409
 9585  6642
 9607  6467
 9612  6321
 9634 15292
 9692  5962
 9703  7098
 9704  7098
 9707  6719
 9718  6451
 9761  6883
 9826  4117
 9829  6539
 9838  9301
 9895  4225
 9943 14004
 9980  5962
10013  8439
10062  6491
10069  7000
10138 22106
10149  6009
10159 13281
10182  5676
10191  6039
10282 22949
10318  5838
10318  6746
10327  5962
10363  7069
10375  2009
10413  6102
10420  6102
10484  6009
10502 11748
10545  6060
10576  6408
10588  8429
10640  7190
10668  6459
10693  6518
10706  5638
10716  6530
10717 13281
10730  7126
10772  5797
10877  5317
10912 20712
10953  7584
10957  6382
10960 13281
10975  7593
11014  5339
11023  7588
11031  7578
11045  7571
11051 17508
11053  7619
11078  5679
11079  7642
11098 27524
11132  7675
11133  7746
11134  7616
11135  5214
11151  7686
11152  7557
11162  7696
11165  7696
11178     8
11184  7903
11195  7708
11208  7671
11230  7727
11233  7874
11256  5544
11259  7733
11265  7742
11272  7722
11293  2065
11310  7763
11311  7612
11336 23061
11338  7726
11370  7812
11373  7801
11374  7928
11379  7802
11401  7902
11406  7825
11407  7830
11416  6367
11434  7861
11439  7840
11481  7904
11507  7916
11536  7933
11564  8677
11598 10313
11649  1316
11678 24521
11687  5928
11700  5248
11703  8063
11752  5216
11819  7158
11846 22304
11895  7833
11963 27215
12010 17137
12058  7914
12069  7914
12112   876
12145 12343
12166  4855
12314  8011
12330  8074
12363  8047
12363  8436
12367  8062
12408  8082
12422 22919
12427 26472
12492  8118
12543  8668
12612  8683
12623  8124
12733  3204
12792  8939
12816  8751
12845 16516
12903  8775
12926  4252
12935  8779
13087  8125
13248  8656
13447  4437
13491  8909
13505   723
13631  6500
13687  3899
13726  8761
13820 12864
13916 18205
14096  8574
14144  6802
14153  9108
14159   447
14286 23979
14359  8906
14460  6834
14466  8946
14481  8946
14493  8947
14522  9327
14554  9384
14625  9007
14666  9457
14704  9064
14771  9188
14841  8281
14980  9653
15009  9181
15097 22592
15126 20007
15349  9286
15365 18593
15491  3520
15552 10275
15751 17214
15771   319
15836  4981
15885 20098
15942  1212
15961 14589
16030  9633
16056  2946
16059  6821
16593  4911
16635  7209
16729 20138
16916  4503
16976  7516
17104  9713
17141  6600
17155  6854
17316 16427
17401 27860
17403  5679
17434 11665
17448  2645
17588  4538
17591 26474
17601  8613
17650  5260
17672  6639
17704  5368
17778  1735
17789 22269
17799  8934
17817  5981
17884  5091
17891 22346
17900  5141
17905   408
17915  6978
17925  1253
17964  7039
17999   231
18023 22306
18044  1202
18110  1565
18121 26974
18129 13540
18136  2485
18170  1329
18185 24320
18204  2485
18297  8512
18301  4154
18301 18604
18324 16627
18331 16458
18405  9286
18418  1426
18430 22488
18444  8409
18483 25094
18503 21481
18513  2283
18581 22541
18591 24245
18607 14714
18615 26425
18632  3795
18644  5073
18662  8439
18664  5139
18694 27821
18712  4086
18713 19558
18716 12344
