    0    11
    6    11
   30     3
   40 27421
   41  6306
   44 27405
   45     5
   46 27432
   59 27417
   64 15779
   67  9531
   71  7285
   87 15779
  121  9926
  129 27376
  219 10708
  222  5929
  271  3106
  282  9651
  293  9453
  306  2076
  311 14484
  370   646
  428  6680
  453  9650
  474  6124
  503 27156
  507  6553
  569 13872
  582  8496
  602 13407
  643 13407
  650  3106
  656  8526
  744  4284
  753 25394
  803  3106
  819  1043
  821 26152
  842 13506
  850 13907
  887  4766
  891 13876
  938 24336
 1043  2713
 1064 20742
 1097 23361
 1102 10865
 1132  3857
 1155 20896
 1227  1450
 1237 19891
 1262 10858
 1264 20191
 1278 14889
 1334   939
 1439 11592
 1480  2760
 1507   485
 1552  8109
 1560  1954
 1560 25436
 1587  8969
 1593  6548
 1634  7147
 1778 18466
 1833 14689
 1898  7718
 1910  7426
 1928  1390
 2041 18858
 2211 16029
 2239  4425
 2265  2207
 2266 22970
 2274 22970
 2296 13256
 2300   314
 2303  1829
 2329  7825
 2360  1404
 2370  5230
 2390 11799
 2459 10707
 2479  3937
 2557 26162
 2587 11248
 2589 27048
 2607  6203
 2648  3696
 2648  3854
 2656  9145
 2668  3854
 2760 18752
 2795 13005
 2820 19002
 2951  6843
 2988  7024
 3006 10240
 3027 26078
 3128 17277
 3150  3134
 3170 17741
 3228 10249
 3232  1089
 3269  5918
 3272  9789
 3304 19723
 3358  7485
 3386  9245
 3427  2292
 3446  4897
 3510  4125
 3524  5438
 3555 22531
 3606  6149
 3653 26457
 3661 13220
 3663 10786
 3727  3500
 3729 16546
 3789   335
 3826 12030
 3906  4502
 3943  9047
 4094  6329
 4236  4716
 4315 10508
 4343 23860
 4382 10290
 4403  5120
 4451 20824
 4474  1456
 4518 21871
 4574  2318
 4608 14159
 4706  9252
 4779 26814
 4803  3072
 4846 11092
 4883 19100
 4915  7472
 4958   483
 4975 16850
 4977 16850
 5001  3472
 5013  6870
 5033 10152
 5135  3009
 5135 11351
 5162  5455
 5195 18244
 5198 17811
 5235 16211
 5261  6999
 5263 10037
 5312  4463
 5330  3347
 5347  1916
 5351 20864
 5363   825
 5372   750
 5377  3082
 5399   171
 5405  3226
 5419   982
 5435  7579
 5448   156
 5453  3241
 5454  7181
 5454  7459
 5480 18719
 5501  4322
 5543   827
 5591  4710
 5630 10127
 5677   646
 5720  1408
 5727 12921
 5788 14211
 5811 23458
 5857 19723
 5868   156
 5931  8812
 5935  2551
 5952  7789
 5958  2016
 5959  2611
 5979   453
 5984  5929
 6048  6341
 6065  2571
 6107  2690
 6374 17705
 6431   679
 6451  6721
 6459  1519
 6474  7147
 6476 23811
 6533   334
 6689    54
 6700 17352
 6760 19832
 6790 15218
 6820 23289
 6931 26670
 6999 15801
 7050  4054
 7121  3836
 7161 21110
 7187  4369
 7243  3938
 7247  4522
 7250 22559
 7270  4633
 7297 10335
 7302  4212
 7307  6449
 7339  4730
 7360  4755
 7361  4759
 7367  4800
 7373  4779
 7441 10249
 7490  4719
 7494  9178
 7517 16029
 7643 10015
 7660 21112
 7677  8639
 7683  4872
 7688 20028
 7735  1194
 7742 14625
 7767  4676
 7825  9755
 7842   257
 7856  4791
 7868 26624
 7928  4962
 8000  5582
 8002 21864
 8018 14159
 8036  5611
 8047  5592
 8049 11174
 8069  6140
 8072 17384
 8085  9178
 8102  5708
 8119  9224
 8120  5590
 8142  2389
 8164  5632
 8171  5484
 8215 11039
 8218 11039
 8243 20643
 8248  5681
 8277  5600
 8280  5713
 8309  5723
 8310  5745
 8314  5746
 8318  5813
 8329  7899
 8344  5751
 8373  5804
 8392  5825
 8402  2557
 8410  5840
 8413  5842
 8447  5862
 8461  6089
 8478  3461
 8518  5979
 8548  6058
 8662   526
 8692 18603
 8755  6319
 8798  5940
 8837 11102
 8860  5639
 8891  8456
 8894  9325
 8937  6800
 8955  8405
 8960  8405
 8993  6891
 9015  6955
 9030  6201
 9062  8280
 9079  6091
 9097  7655
 9142  7093
 9155  6150
 9163  7137
 9206  7138
 9213  6397
 9229   924
 9238  7446
 9243  8500
 9252  8280
 9274  8291
 9326  6345
 9374  6141
 9383  6945
 9385 22149
 9408  6622
 9428 19919
 9521  6757
 9528  6514
 9535 23132
 9538 20538
 9541 16029
 9554  7596
 9564 18889
 9578 26048
 9585  7257
 9591  7650
 9608 15183
 9628 14818
 9646  7364
 9652  7534
 9707  7419
 9713  7545
 9717  7095
 9718  7097
 9721  9422
 9749  6397
 9750  7850
 9763 13149
 9766  7497
 9786  7490
 9835  5787
 9847  7921
 9930  7818
 9946  7241
 9947  6499
 9949  6456
 9950  7255
 9959  7319
 9962  9526
 9975  7237
10008  7241
10018  7079
10030 18002
10062  7228
10069  7866
10121  6779
10129  7313
10138  5016
10144  7655
10191  6894
10195  7276
10196  5510
10213  7276
10214  7964
10303  5902
10318  7671
10359 23331
10360  7873
10362  7872
10377  7646
10410  7818
10417  1827
10446  7957
10466  7226
10483  7227
10494  6857
10496  6832
10507   485
10525  5740
10562   933
10589  7356
10631  8292
10635  9252
10669  7576
10693  7479
10719  6583
10730  8196
10752  7951
10775  7512
10780 13287
10799 19143
10839 26134
10888  8490
10921  3241
10927  8817
10939 17135
10945  8656
10975  8846
10979  8847
10983  4896
10988  8860
11005  8875
11008  8882
11023  8844
11045  8834
11050  8868
11059    25
11068  8912
11071  8914
11072  8913
11079  8914
11085  8924
11086  8879
11116  8949
11127   431
11130  8967
11131  8973
11132  8974
11133  9055
11134  8902
11136  8801
11143  8903
11145  8983
11152  8838
11162  9006
11165  9006
11172  9018
11176  9019
11190  1908
11195  9029
11196  8865
11203  8851
11205 18646
11208  8992
11212  8989
11220  9170
11227  9060
11230  9052
11233  9181
11236  9058
11237  9067
11249 24578
11259  9075
11265  9092
11272  9042
11307  8931
11311  8925
11319  8955
11323  6021
11326  8947
11329  9097
11333  9070
11338  9087
11342  9130
11344  9127
11349  1288
11353  9096
11358  9141
11360  9121
11363  9149
11374  9286
11379  9159
11384  9161
11392  9175
11406  9184
11410  9184
11421  9346
11430  9039
11439  9214
11449  9250
11453  9256
11463  9267
11465  9243
11466  9196
11481  9289
11504 14611
11505  9272
11507  9316
11509  9319
11525 12030
11536  9344
11550  3089
11586  9377
11587  3215
11593  3984
11609  9383
11656  5117
11668 11248
11670  9411
11683 26013
11699  5366
11701 10249
11755  1521
11776 25642
11960 12000
11989  9528
12137   565
12156  9367
12184  9390
12221  9390
12234  9487
12251  9238
12261  9478
12274  9501
12280  9496
12282  9523
12290  9515
12291  9511
12314  9520
12334  9567
12340  9531
12347  9574
12352  9577
12367  9573
12369  9579
12423  8367
12440  7941
12471  8900
12533  2953
12543 10239
12568 10250
12570  9649
12582 10257
12611 10275
12612 10277
12616 10282
12619 10284
12631 10297
12665  9738
12671   813
12674 10312
12678 10316
12681 10328
12733  2018
12748 20766
12760  9748
12787 10357
12804 10356
12805 11307
12810 10362
12814 10364
12816 10370
12820 10365
12822 10372
12888 27230
12890 10391
12892  8634
12926  4638
12935 10403
12964 10406
12997 10390
13018 10408
13021 10228
13116  9432
13152 10234
13161 10449
13162 10449
13227  6306
13229  5473
13235 10323
13239 10475
13264 17635
13351 10511
13384   855
13424 10141
13436 10371
13526 10551
13529 24949
13533  2338
13561 10567
13568 10225
13726 10446
13758 10564
13760 10659
13787  5637
13788 10479
13814 10671
13824 10670
13827  1771
13878 10696
13894 10685
13898 10712
13923  2937
13941 10724
14017  6539
14018 10764
14085 10796
14113 10784
14149 10817
14159  5177
14334 10663
14359 10665
14374 20146
14398 10915
14403 10811
14427 10910
14437 10972
14451 10694
14464 10699
14466 10708
14481 10708
14493 10714
14495 10962
14518 11094
14522 10988
14527 11011
14534 11011
14554 11018
14584 10825
14616 10906
14617 10755
14630 11100
14646 10766
14666 11162
14693 11168
14728 10793
14842 11015
14850 11015
14868 10848
14875 10964
14932 11375
14971 10890
15000 10899
15009 10938
15038 10924
15042 11196
15046 11194
15129 10986
15133 11481
15184 11017
15241 11082
15280 11498
15291 11600
15303 11417
15349 11138
15372 11507
15397 11200
15423 11804
15438 11915
15461 11256
15479 11867
15516 11794
15637 10327
15661 19656
15679   520
15816 12156
15859  3754
15927 22559
15988 11594
16030 11620
16083 11674
16159 11745
16231 15443
16236 15673
16368 27391
16445  7257
16484  9400
16555 12820
16566  9240
16569  6935
16581  7939
16625  7509
16687 12944
16692 12949
16702 12949
16717  7328
16896 16678
16960 14557
17203 18967
17413  3388
17509  5981
17618  5275
17618 23048
17619  7548
17640 12210
17785 24683
17988 22914
18038 13287
18049 26455
18058 15984
18063 10022
18068 10922
18111 25198
18129 13767
18145 10109
18152 10041
18187  1678
18211 22978
18227   819
18301 23827
18335 11090
18336 17983
18356 17590
18396   334
18426  2059
18457 12588
18505 13553
18578 10003
18615  3643
18649 27421
18654    11
18685 27433
18691  9830
18698  3798
18700  3798
18704    11
18705 27433
18710 18736
18714     0
18720 27434
18721 20824
18725 27402
18733 20302
