    3    20
    9 19340
  325 13410
  423   876
  545  6069
  574  1683
  633  1896
  772  9511
  773  1476
  898 13959
  910  2585
 1006 19933
 1072  8662
 1174 17781
 1194 10912
 1206  2832
 1245  2894
 1301  3645
 1349  2993
 1416   398
 1425  3037
 1449  2963
 1455  2976
 1476  1066
 1481  3009
 1483  3543
 1511  3164
 1518 16698
 1525  3146
 1526  3164
 1537  3035
 1548  3163
 1549  9344
 1575  3092
 1589  3372
 1598 15368
 1599  3135
 1608  3085
 1621  9344
 1742  3317
 1848  1963
 1857 17268
 1862  1430
 1997  3605
 2004  6058
 2022 10444
 2041  4290
 2064  2812
 2068  4487
 2103  3167
 2279  2348
 2334 16580
 2365  3835
 2420  1333
 2428  3664
 2476  3424
 2487  3460
 2490  3412
 2494  3412
 2525  1248
 2587  3513
 2603   867
 2623 12720
 2633  3538
 2674  3854
 2686  3928
 2721  3528
 2735  2231
 2743  3545
 2770  3558
 2793  3641
 2818  6216
 2835  3681
 2882  4409
 2885 11506
 2892  3993
 2894  3993
 2914  3738
 2923  2804
 2946  4140
 2948  4065
 2963  3766
 2964  3766
 3001  3820
 3004  4075
 3008  4103
 3059  3782
 3093  3823
 3098 11155
 3126  3927
 3127  4192
 3139  4204
 3150  3876
 3161  4269
 3168  3938
 3180  5765
 3184  3886
 3186 18052
 3260  4394
 3276  4296
 3292  4045
 3308  4429
 3329 11110
 3358  4420
 3373  4020
 3383  4354
 3398 10035
 3400  4123
 3423  4083
 3442  4068
 3447  4086
 3480  4162
 3483  4455
 3486  4749
 3496  4162
 3505  4406
 3513  4113
 3515  4113
 3556  4151
 3571  4237
 3635  4197
 3638  4202
 3640  4219
 3643  4212
 3651  4213
 3656  4230
 3718  3611
 3750  4285
 3782  4303
 3790  4322
 3796  4641
 3806  4043
 3814  4309
 3826  4366
 3829  4610
 3845  4376
 3848  4376
 3854  4627
 3862  4675
 3883  4687
 3917  4702
 3918  4386
 4021  4784
 4031  4727
 4078  4754
 4081  4780
 4088  4775
 4111  4507
 4116  4565
 4125  1229
 4157  8175
 4180  4132
 4256  4598
 4261  4611
 4282  5748
 4283  6250
 4292  4595
 4297  6265
 4311  4629
 4331  6268
 4363 17358
 4383 10439
 4394  5804
 4407  4682
 4407 18916
 4442  2956
 4470  4712
 4484  4662
 4488  4756
 4588  5908
 4651 10399
 4690  5733
 4719  5795
 4728  5763
 4735  5267
 4737  6418
 4740  5785
 4743  5778
 4755  5794
 4770  5813
 4778  5843
 4781  5845
 4786  5852
 4794  5864
 4797  5870
 4802  5881
 4812  5891
 4827  5923
 4832 19319
 4836  5912
 4842  5934
 4847  5950
 4852  5941
 4859  6496
 4866  5974
 4868  5966
 4870  5961
 4879  6003
 4888  8668
 4922  6513
 4941  6779
 4942  6535
 4954  2295
 4970  6543
 4996  6539
 5002   680
 5013   891
 5025 17991
 5061  4361
 5065  6337
 5088 10824
 5124 11779
 5137 13484
 5204  3025
 5299  5716
 5321  1251
 5338 11930
 5343  6671
 5358  6691
 5360  6901
 5372  6609
 5377  6632
 5380  6905
 5385  6883
 5404  6655
 5415  6654
 5419  6657
 5447  6695
 5449  6695
 5452  6693
 5457  6793
 5463  8804
 5468  6755
 5476  6706
 5479  6717
 5490  6731
 5494  7017
 5496 19859
 5501  6750
 5505  6750
 5510  7047
 5519 10201
 5528  6753
 5531  7036
 5539 15417
 5541  6776
 5547  6894
 5549  6829
 5550  6828
 5550  6831
 5551  6168
 5553  6782
 5556  6835
 5568  6834
 5585  6817
 5596 18317
 5597  6888
 5617  6861
 5618  7057
 5620  6958
 5625  6887
 5630  7004
 5634  7144
 5638  3375
 5644  6898
 5668  2710
 5692  3904
 5711  6964
 5718 12971
 5733  9796
 5752  7055
 5758  9347
 5812  8285
 5815  7633
 5817  9214
 5835 12158
 5849  7249
 5854  9285
 5855  9474
 5868  9516
 5875  9225
 5897 15467
 5928 10732
 5930  8341
 5932  8341
 5933  8341
 5937  7598
 5966  8427
 5967  9772
 6009  8896
 6024  8992
 6030  8612
 6132  3212
 6143  7634
 6158  8904
 6165 20107
 6263 13539
 6284   876
 6315  8626
 6316  8259
 6321  8256
 6377 16829
 6382  9105
 6409  7971
 6417  8980
 6422 12931
 6435  4002
 6451  8426
 6468  9228
 6472  9228
 6491  8709
 6502  9567
 6506 17702
 6523  9207
 6571  9536
 6595  2239
 6601  9836
 6605 14956
 6637  9238
 6645  9019
 6719  8661
 6791  8408
 6798  8633
 6802 12151
 6807  3745
 6820  9554
 6866 11020
 6868 11020
 6883 17175
 6988  9415
 6993  2699
 7000  9129
 7022 10194
 7040  6268
 7071  8878
 7075  8927
 7126  9660
 7128  6360
 7149 11013
 7179  8350
 7235  9970
 7251  9036
 7278  9036
 7354 13034
 7382  6516
 7440 17094
 7445 12382
 7473  4856
 7484  4025
 7524  9816
 7534  8692
 7566  9871
 7579  9973
 7588 10083
 7593  9974
 7612 10455
 7613 10101
 7653  1482
 7675 10223
 7696 10252
 7700 10268
 7708 10263
 7718   734
 7719  2855
 7722 10341
 7723  1288
 7726 10383
 7733 10327
 7735 10317
 7746 10473
 7763 10360
 7772  6934
 7777 10450
 7784 10476
 7801 10419
 7806 10732
 7810  6805
 7840 10480
 7862  6659
 7867 10534
 7874 10531
 7918 10562
 7926 10659
 7928 10621
 7933 10577
 7973  1616
 7998 10189
 8027 11190
 8040 12328
 8052 11187
 8056 11236
 8062 11290
 8074 11208
 8081  6405
 8082 11298
 8088  6147
 8118 11321
 8122 11272
 8127 11261
 8180 11352
 8185  5799
 8188  7522
 8193 11353
 8202 11438
 8229 11588
 8236  6356
 8242 12871
 8243  4351
 8251  5233
 8337 17916
 8372 10535
 8542    17
 8574 20162
 8578  6012
 8589  7061
 8640  3625
 8686 11672
 8719 11934
 8742 19407
 8779 11996
 8788 12497
 8848 13489
 8884 12811
 8906 12834
 8930 13757
 8946 12903
 8949 13383
 8952 13757
 8975 12582
 8986  5822
 8991 12806
 8995 13051
 9007 13003
 9012 13073
 9016  4207
 9050  5180
 9085 13167
 9097 13241
 9374 14733
 9384 13094
 9457 13168
 9633 13911
 9653 13349
 9697 16286
 9720 14016
 9782 14045
 9823 18697
 9842 13852
 9903   540
10039 17522
10267 14585
10465 13948
10521    67
10531 13400
10798  2925
10814 15003
10923 17479
10979 15773
11245  9302
11410 16058
11818  7384
11895  6862
11923 19686
11956 18636
12104  2669
12202 12509
12230 19232
12262 13294
12279  8753
12312 15808
12420 19314
12433 11501
12672  2949
12877  3634
12927  8367
12995  4723
13192  9469
13192 18941
13442  4113
13515  3860
13541  4061
13741 18638
14004 18930
14043  3139
14186 16910
14287 11297
15135 17142
15305  3579
15321 13971
15593 16183
15621 20131
15633 10893
15723  4189
15786  5516
15793    40
15794  8052
15843  9165
15869 18516
16040 14641
16125  2869
16128 14623
16243 16405
16338  9118
16454 17235
16611  9882
16615  9688
16688 13500
16703  8200
16713 10636
16736 10428
17004  5430
17228 15355
17242 12981
17345 18443
17396  9776
17564 19378
17952 17175
18038  9340
18302  3957
18307  3957
18373 19508
18525  5056
18800 19508
18802  2238
18873 17180
18932 18051
18949  5139
19440 14863
19442 16567
19533 20256
19584 17817
19671 20109
19747  2983
20523   807
20590 16345
20758  7385
21004 17943
21239 18785
21330 15715
21387  6168
21675 19410
21703   104
21783  5649
21841 13311
21879 17186
21896 17206
22002 19317
22270 10362
22292  2518
22472  7701
22479  8670
22681  8325
22819 18777
22870 10986
22980 17114
23116  6749
23168  7523
23360 11999
23538 15164
23547 14736
23604  2582
23616 13876
23757  1549
23788 11583
23794  6369
23861  4634
23887 11837
24026  3792
24039  3792
24211  5163
24268 18932
24277  9673
24389 18055
24566 10727
24694 18705
24773 10145
24844   552
25144  4305
25521 14014
25607  2563
25623   337
25678  1102
25757  2234
25768   104
25796 16665
25807 19247
25813 14297
25828 18110
25890 16898
25916  1216
25996 15221
26056  4487
26186  6001
26190  5005
26222  4062
26359 18649
26430 15855
26482  4167
26673   637
26777  8119
26806  7708
26841 20294
26863  5284
26974  5163
27236  5163
27395  5293
27630  6087
27633  8397
27656 17891
27658   439
27727  5539
27744  4100
27847 20299
27861    38
27882 20285
