    6 27432
   11     2
   12 27432
   13     5
   18   962
   21  9531
   76 16548
  303 26134
  443  1324
  786  4471
  898 15432
  911  4308
  914  3263
  937  4335
 1179  4537
 1185 20021
 1220 18836
 1233  3500
 1264  4668
 1301  4710
 1318  1514
 1342    50
 1345 16364
 1352  4778
 1353    52
 1355    24
 1359    60
 1373    48
 1391  4825
 1393    39
 1395    32
 1396    33
 1401    54
 1403    36
 1408    46
 1410 10508
 1419    53
 1423    55
 1426  4867
 1433    61
 1441    96
 1443    62
 1449    71
 1451  4886
 1455    76
 1476  3652
 1478    89
 1485   117
 1502   103
 1504   125
 1505   107
 1507   108
 1512   109
 1517 25743
 1518   120
 1520   142
 1523   122
 1539   143
 1540   136
 1547   140
 1549   451
 1561   170
 1564   166
 1569   185
 1573   179
 1575   193
 1578   208
 1584   198
 1586   199
 1590   207
 1592   201
 1595   229
 1599   227
 1601   214
 1603   321
 1605   314
 1606   226
 1607   242
 1608  1167
 1612   318
 1621   334
 1622   265
 1623   247
 1625   341
 1629   251
 1631   266
 1632   259
 1635   355
 1636   322
 1638   333
 1640   277
 1645   294
 1650  3417
 1652   327
 1655   340
 1659   273
 1664   190
 1668   293
 1669   400
 1676   328
 1683 19389
 1685   313
 1686   325
 1689   323
 1690   335
 1693   365
 1700   381
 1703   354
 1705   361
 1707   359
 1710   376
 1720   377
 1721   380
 1722   375
 1723   378
 1727   404
 1730   387
 1739   393
 1740   397
 1744   405
 1747   411
 1753   419
 1760   421
 1762   443
 1768   441
 1776   438
 1779   453
 1780   488
 1782   454
 1783   444
 1784   449
 1786   509
 1792   503
 1795   473
 1796  1407
 1797   506
 1798   464
 1800   469
 1803   481
 1806   478
 1816   511
 1817   519
 1819   545
 1820   550
 1823   505
 1827   538
 1828   480
 1830   492
 1831   512
 1832   536
 1842   548
 1844   516
 1849   551
 1850   518
 1852   523
 1854   501
 1861   563
 1866   553
 1871  9675
 1872   565
 1880   577
 1885   562
 1888   585
 1890   599
 1894   591
 1914   662
 1921  8239
 1927   653
 1930   643
 1941   682
 1942   699
 1944   688
 1947   706
 1964  9730
 1966  5221
 1967   759
 1968   727
 1974   733
 1976  5163
 1998   800
 2008   766
 2012   775
 2026   777
 2042   805
 2052   811
 2053   976
 2068   982
 2080   617
 2089 11341
 2093   635
 2101   636
 2103   634
 2106  9731
 2117 17752
 2119   801
 2132   665
 2137   675
 2156   945
 2158   694
 2167   984
 2169 10015
 2173 17292
 2179   887
 2197 17092
 2205 10029
 2212  9918
 2216 10009
 2221 25209
 2231   744
 2243   751
 2245   752
 2248   758
 2276   861
 2282 10009
 2297   877
 2303   796
 2304   787
 2307   799
 2309   797
 2314 25603
 2315   891
 2316   807
 2321   812
 2326   935
 2351   833
 2360   823
 2368  1033
 2378   843
 2380  1049
 2385   872
 2390  1096
 2391  1079
 2395  1071
 2403  1073
 2404   865
 2406  1069
 2416 18053
 2418  1153
 2419  1151
 2425 16229
 2428  1080
 2434  1088
 2435  1106
 2437   889
 2442  1118
 2445   873
 2448   908
 2449   903
 2451  1142
 2452  1124
 2455   874
 2465  1149
 2469  1137
 2474  1178
 2476   923
 2479  1150
 2480   948
 2481   898
 2487   947
 2488  1169
 2490   942
 2491   958
 2494   942
 2499  1184
 2502  1196
 2508 10005
 2525  1156
 2530  1245
 2534  1011
 2539  1228
 2542  1236
 2543  1229
 2564  1285
 2587  1095
 2590  1098
 2597  9871
 2614  1097
 2617  1108
 2625  1334
 2633  1136
 2638  1339
 2642  1323
 2644  1330
 2645  1324
 2652 10035
 2655  9949
 2673  1371
 2674  1366
 2679  1381
 2686  1383
 2694  1220
 2707  1397
 2708  1192
 2709  1233
 2714  1581
 2715  1210
 2716  1416
 2722  1224
 2729  1432
 2733  1242
 2735  1238
 2737  1267
 2743  1250
 2748  1255
 2750  1643
 2758  1300
 2765  1480
 2766  1287
 2770  1294
 2772  1304
 2780  1509
 2793  1350
 2797  1503
 2804  1342
 2815 22975
 2832  1558
 2840  1407
 2847  1399
 2851  1645
 2851 10493
 2861  1538
 2889  1622
 2892  1602
 2893  1634
 2900  1472
 2902  1654
 2903  1659
 2914  1500
 2917  1667
 2925  1684
 2929  1533
 2935  1516
 2943  1697
 2946  1726
 2948  1635
 2949  1723
 2975  1730
 2980  1737
 3000  1595
 3001  1614
 3008  1764
 3014  1771
 3034  1625
 3035  1776
 3059  1658
 3061  1681
 3067  1826
 3070  1656
 3079  1823
 3091  1716
 3093  1694
 3095  1850
 3114  1872
 3116  1886
 3119  1876
 3124 24333
 3126  1765
 3127  1891
 3131  1891
 3138  1753
 3139  1916
 3150  1772
 3156  1919
 3159  1925
 3161  1945
 3162  1926
 3166  1974
 3168  1814
 3177  1946
 3183  1809
 3186  1832
 3188  1832
 3193  1988
 3198  1991
 3200  1977
 3204  2018
 3210  2024
 3230  2054
 3231  2036
 3240  2020
 3245  2072
 3246  1884
 3247  2039
 3248  2050
 3250  1890
 3257  1896
 3260  2097
 3263  2067
 3268  1907
 3270  2075
 3276  2078
 3284  2092
 3295  2095
 3302 14479
 3308  2137
 3309  2301
 3319  2124
 3322  2130
 3327  2133
 3331  2118
 3333  2120
 3334  2143
 3338  2121
 3340  2152
 3344  2126
 3349  2149
 3353  2148
 3354  2136
 3358  2163
 3359  2138
 3364  2171
 3373  1973
 3378  1982
 3380  1979
 3384  1987
 3387  2177
 3392  2001
 3404  2037
 3406  2198
 3411  2213
 3413  2211
 3416  2200
 3419  2010
 3420 18775
 3422  2233
 3431  2032
 3433  2228
 3436  2046
 3439  2241
 3442  2044
 3443  2257
 3447  2061
 3454  2264
 3455  2247
 3469  2082
 3475  2274
 3479  2324
 3483  2332
 3486  2318
 3488  2300
 3494  2316
 3495  2112
 3496  2145
 3502  2310
 3505  2329
 3510  2345
 3514  2356
 3515  2134
 3517  2339
 3520  2358
 3527  2780
 3534  2169
 3555  2398
 3556  2204
 3559  2210
 3578  2437
 3580  2439
 3589  2229
 3592  2454
 3593  2434
 3595  2432
 3610  2495
 3612  2498
 3619  2482
 3630  2290
 3633  2526
 3635  2309
 3638  2307
 3642  2535
 3644  2287
 3645  2541
 3646  2543
 3647  2521
 3648  2540
 3649  2548
 3650  2548
 3651  2319
 3659  2538
 3663  2567
 3677  2571
 3684  2595
 3685  2593
 3691  2596
 3692  2598
 3693  2605
 3694  2602
 3701  2383
 3706  2623
 3716  4430
 3719  2636
 3723  2635
 3737  2645
 3753  2682
 3755  6886
 3760  2683
 3771  2703
 3782  2510
 3784  2726
 3787  2733
 3788  2497
 3790  2522
 3794  2743
 3796  2742
 3802  2529
 3803  2738
 3805  2753
 3812  2551
 3814  2550
 3826  2581
 3831  2785
 3835  2587
 3844  2811
 3845  2619
 3848  2619
 3852  2624
 3859  2626
 3862  2823
 3864  3028
 3867  2829
 3868  2813
 3869  2822
 3882  2846
 3883  2847
 3884  2842
 3891  2854
 3897  9245
 3910  2876
 3918  2691
 3927  2902
 3946  2919
 3948  2927
 3952  2930
 3954  2995
 3955  2737
 3956  2716
 3974  2937
 3980  2949
 3991  2970
 4000  2974
 4001   458
 4005  3733
 4021  3047
 4031  3023
 4036  3036
 4046  3087
 4052  3080
 4058  3088
 4059  3118
 4061  3123
 4066  3143
 4081  3155
 4090  3121
 4105  3228
 4111  2945
 4119  3211
 4122  3233
 4124  3237
 4139  3265
 4140  3268
 4141  3253
 4159   177
 4161 25773
 4163  3299
 4181  3306
 4197 24878
 4201  4152
 4218  3777
 4225  3202
 4229  4152
 4234 11625
 4267  3385
 4273  4053
 4275   846
 4283  4214
 4295  3406
 4297  4220
 4299  3406
 4326  3250
 4327  4101
 4328  4102
 4337  3486
 4381 23180
 4399  3944
 4402  4195
 4407  3396
 4411  3944
 4413  3452
 4415  4217
 4416  3914
 4424  4230
 4429  4227
 4435  4237
 4439  4243
 4444  3510
 4446  9178
 4453  4990
 4463  4260
 4466  4271
 4471  4282
 4473 20077
 4477  4022
 4481  8754
 4484  3484
 4497  4328
 4511  1963
 4525  4382
 4537  4393
 4560   459
 4579  4456
 4582  9143
 4585  4464
 4587  3695
 4588  4463
 4594  4485
 4595  4520
 4652  9318
 4680  4433
 4690  4449
 4719  4522
 4728  4521
 4729  3298
 4737  4791
 4738  4791
 4743  4550
 4763  4861
 4769  4696
 4770  4629
 4771  4630
 4779  7050
 4780  4861
 4781  4646
 4783  4838
 4786  4650
 4787  4680
 4792  4737
 4813  4697
 4820  4127
 4836  4740
 4847  4759
 4855 19891
 4859  4956
 4861  4783
 4866  4794
 4868  4800
 4879  4828
 4887  4989
 4894  6665
 4906  4856
 4943  5061
 4963  5045
 4974  5098
 4981  5116
 4992 22656
 4996  5121
 4999  5180
 5002  5119
 5005  5184
 5012  5195
 5028  5189
 5029  5168
 5038  5184
 5042  5188
 5048  5181
 5053  5245
 5054  5214
 5065  5205
 5068 18659
 5072   583
 5090  5220
 5099  5281
 5113  5252
 5114  6958
 5119  5292
 5121  5290
 5124  5289
 5131  5316
 5139  4392
 5143  5359
 5148  6880
 5154  3697
 5157  5358
 5168  5396
 5170  5353
 5179  5350
 5188  5369
 5196  3944
 5201  3238
 5204  5455
 5213  5431
 5214  9414
 5215  5466
 5219  5377
 5227  5275
 5248  5227
 5250  5465
 5251 10175
 5265  5549
 5273  5484
 5275  5271
 5293  5495
 5296  8769
 5301  5497
 5303  5417
 5307  5423
 5310  5385
 5315  5430
 5321  8807
 5323  5489
 5325  5444
 5327  5461
 5334 25781
 5335  5387
 5336  5555
 5341  5535
 5342  5405
 5343  5513
 5345  5533
 5347  5545
 5348  5567
 5349  5557
 5356  5563
 5358  5422
 5360  5574
 5361  5579
 5364  5577
 5366  5583
 5370  5572
 5371  5580
 5372  5515
 5376  5579
 5378  5600
 5381  5536
 5382  5542
 5383  5607
 5395  5511
 5399  5630
 5404  5575
 5406  5609
 5415  5590
 5416  5578
 5419  5593
 5425  5592
 5427  5652
 5432  5677
 5442  5678
 5444  5660
 5453  5615
 5455  5717
 5457  5611
 5468  5661
 5481  5720
 5485  5728
 5489  5736
 5490  5681
 5494  5755
 5495  5744
 5509  5763
 5526  5777
 5528  5713
 5531  5768
 5545 13945
 5547  5708
 5549  5753
 5550  5751
 5553  5746
 5556  5764
 5566  5807
 5569  5817
 5573  5815
 5584  5799
 5585  5781
 5588  7090
 5589 26545
 5590  5829
 5597  5797
 5601  5798
 5617  5804
 5624  5789
 5625  5825
 5629  6079
 5637  5880
 5643  6293
 5644  5842
 5646 11550
 5651  5882
 5659  9164
 5661  9164
 5665  5892
 5673  5932
 5674  6152
 5675  6154
 5676  6153
 5687  5873
 5698  6138
 5711  5890
 5725  6376
 5739  6249
 5752  5979
 5753  6005
 5762  6091
 5772  6065
 5773  6058
 5787  6191
 5799  6072
 5801  6076
 5811  6541
 5815  6221
 5819  6567
 5825 22570
 5828  6608
 5835  6574
 5845  6184
 5850  6563
 5853  6135
 5863  7239
 5864  6137
 5868  6585
 5873  6093
 5878  6438
 5884  6140
 5888  6642
 5889  6651
 5889  6656
 5902  6657
 5913  6470
 5915  6675
 5916  6692
 5922 19100
 5928  6335
 5930  6687
 5932  6693
 5937  6279
 5953  6319
 5954  6737
 5960  6752
 5962  6494
 5969  6621
 5980  6780
 5986  6404
 6001  6670
 6023  6836
 6029  6883
 6035  6894
 6037  6450
 6051  6889
 6060  6901
 6060  7276
 6063  6915
 6066  7754
 6074  6705
 6079  6922
 6082  6928
 6086  6729
 6087  6928
 6090  6928
 6107  6949
 6111  6667
 6127  6488
 6136   986
 6143  6397
 6145  6799
 6147  6503
 6156  6292
 6175  7033
 6179  6623
 6187  6931
 6189  7044
 6208  6582
 6218  6980
 6220  7075
 6226  6958
 6230  6990
 6235  7076
 6242  6995
 6245  7028
 6248  6660
 6256  7052
 6259  6907
 6279  6333
 6282  6333
 6288  6726
 6294  7079
 6297  7079
 6299  7199
 6307  6907
 6309  7096
 6320  6864
 6328  7224
 6339  6610
 6348  7114
 6372  7296
 6374  7292
 6376  6410
 6384  7338
 6388  3854
 6390  6831
 6403  7342
 6407  7356
 6408  7350
 6410  9509
 6416  7106
 6424  7365
 6428  6886
 6434  7188
 6440  7390
 6451  7097
 6461  7404
 6465  7002
 6467  7390
 6468  7442
 6472  7442
 6473  7421
 6476  7446
 6479  7357
 6481  6976
 6487  7454
 6490  7355
 6491  7228
 6505  7064
 6506 23957
 6510  7473
 6514  7482
 6515  7006
 6518  7479
 6523  7485
 6529  7084
 6530  6173
 6536  7376
 6547  6968
 6559  7571
 6562  7255
 6569  7017
 6573 27236
 6582  7319
 6583  7246
 6586  7005
 6596  7853
 6598  7611
 6607  7135
 6613  7158
 6614  7155
 6616  7717
 6624  7499
 6637  7513
 6642  7257
 6648  7539
 6658  7090
 6675  7252
 6683  7165
 6705  7370
 6710  7197
 6719  7419
 6759  7573
 6767  7518
 6769  7888
 6772  7920
 6777  7491
 6779  7505
 6781  7954
 6782  7922
 6788  7711
 6792  7415
 6793  7966
 6798  7534
 6803  7979
 6806  7966
 6812  7794
 6821  7537
 6825  7605
 6827  7493
 6830  7510
 6835  7607
 6838  7807
 6844 26545
 6849  7526
 6856  7511
 6866  7552
 6868  7551
 6869  7807
 6872  7818
 6885  7664
 6890  7694
 6901  7924
 6904  8092
 6913  7927
 6916  7916
 6921  7722
 6925  7612
 6936  7652
 6937  7963
 6939  8136
 6945  7969
 6950  7958
 6952  8015
 6955  8016
 6958  8009
 6967  8041
 6973  7822
 6986  7841
 6988  7957
 6989  8057
 6992  7848
 7000  7866
 7002  8066
 7005  8215
 7017  8080
 7019  8095
 7024  8520
 7027  7900
 7031  8108
 7040  8218
 7041  8121
 7043  8119
 7048  8131
 7050  8117
 7054  7946
 7056  8257
 7068  8158
 7069  8160
 7071  7850
 7073  7863
 7075  7877
 7077  8167
 7079  7973
 7084  8175
 7086  8026
 7088  8184
 7089  8186
 7093  8030
 7094  8220
 7095  8191
 7099  8058
 7100  8094
 7103  8056
 7113  8087
 7115  7863
 7120  7949
 7126  8196
 7127  8079
 7128  8279
 7129  8245
 7136  8287
 7149  8063
 7153  8319
 7158  8274
 7159  8307
 7169  8308
 7177  8321
 7180  8312
 7190  8200
 7196  8243
 7202  8377
 7204  8341
 7207  8344
 7208  8347
 7212  8353
 7213  8352
 7216  8327
 7224  8337
 7226  8383
 7228  8388
 7229  8328
 7234  8384
 7235  8363
 7236  8388
 7238  8389
 7238  8405
 7241  8397
 7242  7998
 7247  8402
 7251  8401
 7252  8387
 7253  8415
 7273  8416
 7276  8455
 7283  8455
 7286  8448
 7287 14138
 7308  8479
 7331  8641
 7335  8529
 7359  8567
 7362  8551
 7365  8580
 7373  8598
 7379  8592
 7382  8595
 7392  8565
 7405    12
 7436  8650
 7441  8675
 7456  8656
 7457  8720
 7458  8665
 7459  8662
 7481  8700
 7491  8778
 7492  8736
 7493  8733
 7494  8745
 7498  8743
 7504  8724
 7505  8725
 7506  8618
 7516  9596
 7517  8776
 7521  8763
 7524  8646
 7533  9531
 7539  8768
 7541  8781
 7542  8791
 7548  8789
 7549  8777
 7554  7262
 7555  8806
 7557  8838
 7561  8852
 7562  8804
 7566  8809
 7571  8834
 7574  8859
 7575  8865
 7578  8832
 7579  8825
 7587  8904
 7588  8844
 7589  8909
 7600  8868
 7603  8863
 7612  8925
 7613  8880
 7616  8902
 7619  8897
 7623  8947
 7637  8966
 7638  8911
 7642  8914
 7644 15727
 7650  8984
 7657  8936
 7660  3232
 7665    95
 7671  8992
 7672  9037
 7675  8974
 7681  8976
 7686  8995
 7689  9074
 7696  9006
 7701  9082
 7702  8294
 7704  8938
 7705  9024
 7708  9029
 7714  9128
 7715  9007
 7715  9113
 7722  9042
 7727  9052
 7730  9133
 7732  9115
 7733  9075
 7742  9092
 7746  9055
 7747  9126
 7761  6460
 7772  9113
 7777  9095
 7782  9217
 7784  9153
 7796  9245
 7800  9219
 7805  9247
 7806  9242
 7812  9155
 7817  9201
 7840  9214
 7851  9212
 7856  9282
 7860  9185
 7862  9148
 7863  9283
 7867  9195
 7869  9311
 7874  9181
 7875  9311
 7877  9272
 7895  9531
 7896  9379
 7902  9387
 7904  9289
 7916  9316
 7926  9291
 7928  9286
 7941  3868
 7963  6070
 7973  3723
 7983  9479
 7985  9376
 7987  9479
 7991  9366
 8008  9421
 8011  9520
 8018  9437
 8027  9508
 8028  9426
 8046  9464
 8049  9475
 8052  9544
 8054  9476
 8056  9559
 8062  9573
 8063  9481
 8110  9591
 8114  9582
 8122  9600
 8125  9510
 8132  9635
 8135  9626
 8139  9634
 8146  9635
 8152  9631
 8154  9649
 8162  4676
 8167  9655
 8170  9648
 8172  9645
 8176  9687
 8180  9663
 8185  9665
 8198  9683
 8202  9673
 8206  9702
 8208  9689
 8211  9730
 8213 11768
 8215  9745
 8216  9708
 8218  9741
 8223  9734
 8225  9745
 8228  9759
 8229  9736
 8230  9789
 8233  9692
 8236  9755
 8242  9738
 8249  9737
 8250  5122
 8253  9790
 8256  9788
 8260  5122
 8265  9903
 8284  9817
 8285  9824
 8291  9949
 8292  9903
 8294  9847
 8296  9870
 8298  9873
 8302  9851
 8313  9862
 8314  9875
 8315  9914
 8323  9949
 8325  9991
 8332  9958
 8341  9914
 8345  9980
 8354  9991
 8355  9992
 8357  9991
 8364  9852
 8367  9855
 8371  3842
 8373  9920
 8376  9848
 8379  3842
 8383 10005
 8384  9930
 8394  9884
 8397 10027
 8399  9893
 8401  9971
 8403 10011
 8414  9844
 8418  9944
 8424  9881
 8428 10058
 8433  9947
 8436 10063
 8441 10090
 8442 10039
 8444 10117
 8450 10015
 8453  9901
 8454 10009
 8459  9997
 8466 26319
 8467 10128
 8471  9907
 8477 10023
 8478 11574
 8480  9928
 8485 10047
 8487  5589
 8489 10057
 8490  9940
 8502  9953
 8506 10105
 8508  9912
 8509  9918
 8510 10109
 8512 10099
 8516 10086
 8531  8781
 8532 10197
 8539  9962
 8542 10144
 8544 10154
 8548 10146
 8551 10175
 8552 10231
 8557  9860
 8561 10186
 8566 10042
 8569 10165
 8571 10046
 8573 10067
 8579 10205
 8584 10192
 8589 10201
 8590 10191
 8592 10078
 8594 10215
 8597 10202
 8599 10073
 8602 10137
 8604 10234
 8613  1260
 8613 10222
 8614 10249
 8619 10255
 8621 10256
 8627 10160
 8632 10153
 8633 22330
 8634 10178
 8637 10188
 8658 10429
 8668 10239
 8669 10253
 8679  9688
 8683 10277
 8686 10282
 8689 10281
 8711 10316
 8712 10319
 8727 10345
 8741  6341
 8750 10372
 8751 10370
 8757 10493
 8760 10349
 8761 10446
 8763 10390
 8766 10413
 8767 18529
 8770 23395
 8778 21559
 8785 10507
 8787 10563
 8788 10479
 8835 10576
 8839 10573
 8844 10491
 8849 10697
 8856 10530
 8858 10522
 8861 10614
 8879 10582
 8882 10614
 8884 10663
 8885 10732
 8887 10800
 8889 10660
 8892 10666
 8895 10816
 8906 10665
 8909 10577
 8915 10828
 8916 10667
 8918 10677
 8920 10843
 8921 10740
 8929 10694
 8932 10833
 8941 10885
 8946 10708
 8947 10714
 8960 10664
 8975 10672
 8980 10768
 8982 10763
 8983 10771
 8991 10716
 9003 10696
 9005 10582
 9007 10779
 9012 10793
 9025 10724
 9033 10731
 9045 10830
 9050   149
 9073 10765
 9079 10848
 9085 10865
 9097 10890
 9100 10825
 9110 10895
 9118 10796
 9181 10938
 9182 10842
 9184 16439
 9198 10986
 9286 11138
 9292 11043
 9301 10962
 9327 10988
 9339 11008
 9345 11008
 9347 11106
 9363 11011
 9378 11250
 9384 11018
 9400 11196
 9432 11413
 9457 11162
 9488 25762
 9539 11502
 9546 11325
 9571 11378
 9579 26933
 9586 12930
 9623 11517
 9628 11375
 9633 11620
 9640 11505
 9675 11683
 9686 11478
 9720 11745
 9848 12489
 9970 11867
10021 11953
10058 12016
10063 11500
10175 18492
10469 12676
10487  9761
10532 12805
10644  4617
10664 13150
10695 23860
10819 12224
10972 10209
11022 23848
11163 27040
11440 20030
11713 26461
11796 14075
11870 23823
12190 25578
12325 13647
12328  5039
12521 22873
12577 19143
12798 19919
12873 12242
13192  6796
13192  7459
13243 10701
13315 20190
13365 20284
13434  9160
13488 20464
13505 20503
13727 20121
13845  2064
13851 24977
13875 24952
14023 24992
14029 24992
14127 26152
14202 25578
14437  7747
14442 17020
14452 14881
14506 21034
14587  5337
14782  4702
14785 27251
14845  4546
14965  5156
14975 26222
14984  9136
14999 21973
15013 23735
15328 24634
15370  9337
15538 19639
15838  1784
15846 25911
15852 19239
15869 23410
16055 25881
16559 17449
16627 25139
16797 21696
16916 25911
16943 12384
17057 13078
17329  1791
17589  4643
17599 20926
17635  3393
17713  4382
17988  1521
18140 17189
18268 12136
18334  7840
18465  2635
18670 20116
18734  1111
18740 18880
18809 22759
18836  2149
18840 26291
18873 11268
18893 10929
18997 26072
19280 18426
19321 24070
19495  6451
19506 16269
19622 25783
19710 27160
19757  8410
19761 19597
19792 25464
19793 22672
19809 11075
19860 27076
20152 25945
20222 26609
20339  9832
20547 10595
20586 21395
20609  7683
20649  6728
20712  9118
20936 16915
21051  7206
21142  8926
21448  3179
21766 18220
21995 14971
22046 25927
22059 25911
22123 10022
22340 16681
22666 27298
22679 27298
22805  8811
22977 16284
22983 22600
23061 14407
23146 26680
23150 24886
23176  3136
23278 12889
23432  8703
23569 24583
23655 25076
23737 15686
23757 20000
23969 17942
24039   340
24058   340
24126 15263
24351  6286
24390 26898
24501  3112
24756 14973
24795 19591
24933 23050
25032  8896
25101 20896
25136 19300
25217 27112
25527  6870
25566  2633
25597 23354
25622  6679
25651  1325
25738 11426
25783 17045
25813  1758
25880  1096
25902  9528
25989 25161
25999 13687
26108 12686
26149 13183
26161 23116
26287 14750
26297 10880
26395 13578
26399 19432
26563  7544
26991 26152
26996  1109
27025 13696
27035 24394
27091 25504
27129 10823
27215  5981
27524  7422
27542  7313
27611 27432
27653  6194
27856 27376
27860  4867
27875    12
