    5    23
   11    25
  132  4907
  140 14371
  156  5439
  262 12785
  326   937
  337 10923
  358 13327
  371  8079
  376 12547
  410 13282
  426  7191
  520 13508
  523  2714
  532  5112
  548 10644
  550  5112
  562  6590
  584  4779
  672 15421
  730 17162
  788 15652
  824  7158
  883  2164
  961  7299
  977 16688
  989  1363
 1153 14025
 1158 16238
 1163 15249
 1190  1269
 1233  6583
 1260 11229
 1450  1107
 1455  5675
 1466 11597
 1519  5955
 1521 11099
 1606 16238
 1679 10632
 1726  8531
 1787  7769
 1883   758
 1916  4867
 2018  5483
 2074 13399
 2112  1952
 2140 17315
 2157 11836
 2158  5247
 2173   320
 2181 17041
 2197  7990
 2208  3818
 2238  6071
 2270  3003
 2325  8149
 2384  6499
 2468 13069
 2475  5262
 2550  5354
 2551  5387
 2621 16405
 2626 14644
 2738  5609
 2833   637
 2850  8069
 3037  9436
 3049   796
 3072  4277
 3081 10724
 3082  5066
 3172  5146
 3174  1855
 3174 10359
 3197 15816
 3214 15786
 3430  1323
 3715  6106
 3832  6368
 3938  6596
 3992  6232
 4027  6416
 4097  6267
 4123 11714
 4253  6307
 4284   771
 4346  6591
 4356  6333
 4434  5078
 4436  5078
 4488 15609
 4646  6441
 4676  6881
 4699  6926
 4710  5237
 4719  6611
 4740  6475
 4753  6938
 4755  6490
 4759  6492
 4760  5483
 4791  6933
 4867 16351
 4874  5112
 4949  1849
 5009  8588
 5014  2058
 5053  7067
 5086 15464
 5132 11572
 5142 15494
 5181  6884
 5239  8453
 5257 15397
 5337  3145
 5388 10454
 5393 15097
 5447   427
 5485 16575
 5575  7110
 5590  7109
 5592  7211
 5611  7203
 5681  7160
 5684 13270
 5708  7270
 5713  7177
 5730 12374
 5741  2751
 5746  7198
 5751  7231
 5762  7456
 5765  7237
 5775  7432
 5781  7215
 5798  7284
 5804  7249
 5815  7460
 5862  7306
 5931 10589
 5965  7772
 5972  7847
 5979  7398
 5987  5876
 6000  3626
 6009  4080
 6028  7835
 6068  7894
 6087  1214
 6091  8000
 6105 15249
 6117  9467
 6135  9765
 6173  9405
 6176  9400
 6183  9344
 6194 11725
 6201  7986
 6249  8191
 6273  8967
 6275 11874
 6310  9410
 6341 12374
 6360  3749
 6367  9405
 6390 16487
 6396  9620
 6401  3749
 6402  8037
 6487  6167
 6492  2509
 6539  9863
 6575  9405
 6576  9179
 6577  9405
 6622  8248
 6630  9347
 6642  9715
 6700  8708
 6735  8622
 6738  9130
 6748  7161
 6756  8727
 6772 10749
 6787  9339
 6802  8901
 6805  9295
 6814 14768
 6825  8800
 6830  9177
 6832  9179
 6837  9177
 6838  6105
 6840  9177
 6848  9188
 6857  9179
 6859  8917
 6862  9177
 6863  9179
 6869  9177
 6883  6105
 6886 15640
 6891  8043
 6913  9196
 6919  8785
 6957  9247
 6968  8045
 7024  8806
 7028  2078
 7090  3756
 7093  9987
 7097  8525
 7104 12099
 7106 15515
 7136 12500
 7144  9544
 7153  8951
 7197  8184
 7226  9614
 7228  8766
 7233  9620
 7255  8728
 7256  9111
 7260  9379
 7291  9163
 7315  9247
 7323  8851
 7338  9247
 7350  9282
 7364  8490
 7365  9165
 7373 15521
 7376  9237
 7410  9297
 7411  9319
 7417  9058
 7419  8567
 7436  5931
 7441  6989
 7449  9244
 7454  9449
 7465  9421
 7490  8596
 7503  9405
 7505 14662
 7512  9416
 7528  9353
 7534  8531
 7545  8577
 7570  9856
 7585   697
 7596  8452
 7641 11184
 7650  8511
 7655  8967
 7726  9179
 7744  8453
 7750  9111
 7759 17041
 7788  8829
 7789  1842
 7810 13097
 7918 16421
 7939  8453
 7951  9094
 7957  9258
 7982  8684
 7990 16935
 8015  6963
 8065  9353
 8075  1874
 8172  2426
 8291  8219
 8309  9714
 8310  5540
 8323 11453
 8335  6495
 8434  7129
 8480  8257
 8487  7765
 8492  7765
 8540  4846
 8631 13182
 8712  9736
 8739  2313
 8768  9512
 8774  9507
 8801  9853
 8803  9490
 8814  9494
 8816  9501
 8817  9488
 8819  9494
 8825  9550
 8832  9635
 8834  9629
 8836  9537
 8838  9741
 8840  9527
 8844  9592
 8845  9541
 8846  9538
 8847  9544
 8853  5348
 8856  9725
 8865  9800
 8879  7237
 8880  9582
 8889  9570
 8893  9575
 8898  9584
 8900  2822
 8900  9571
 8902  9721
 8903  9939
 8913  9615
 8914  9625
 8924  9617
 8925 10043
 8926  9622
 8930  9740
 8931 10034
 8940 15464
 8947 10029
 8949  9661
 8953  9679
 8955 10022
 8962 10002
 8967  9663
 8973  9665
 8974  9666
 8975  9698
 8983  9684
 8989  9801
 8994  9807
 9006  9705
 9011  9737
 9018  9720
 9022 10057
 9024  9748
 9026  9832
 9029  9728
 9031  9954
 9036  5966
 9039 10105
 9042  9837
 9052  9781
 9055  9956
 9058  9795
 9060  9763
 9071  9956
 9075  9802
 9079  9817
 9085  9896
 9087  9896
 9092  9813
 9094  9825
 9096  9910
 9100  9809
 9103  9834
 9127  9869
 9129  9866
 9130  9873
 9135  6673
 9153  9971
 9159  9906
 9161  9909
 9170 10037
 9172  9916
 9175  9921
 9181 10031
 9184  9925
 9186  9903
 9192  4625
 9195 10039
 9205  9942
 9212  9955
 9214  9946
 9216  9919
 9223   546
 9224  6889
 9225  1029
 9238  7230
 9252  7265
 9253  9968
 9256  9970
 9261  9967
 9285 10003
 9286 10111
 9289 10004
 9316 10027
 9319 10048
 9344 10062
 9354 10066
 9367 10652
 9370 10076
 9377 10088
 9390 10700
 9392 10117
 9404 10142
 9418 10736
 9427 10268
 9472 15249
 9473  3666
 9474 14947
 9480 10768
 9487 10696
 9495 10728
 9496  8043
 9497 10818
 9501 10756
 9520 10861
 9531 10910
 9544 10793
 9573 11012
 9574 10843
 9577 10848
 9579 10907
 9583 10874
 9592 10881
 9629  9166
 9636 15758
 9649 11134
 9706  7377
 9711 11299
 9738 11273
 9740   186
 9748 11282
 9755  6884
 9769  2424
 9929  7049
 9935 15663
 9936  3209
10017   356
10022 15801
10128   774
10155  9715
10163 11439
10181 12620
10203 11096
10222 11229
10225 12019
10228 11469
10239 11050
10257 11087
10260 11133
10262 11091
10275 11106
10277 11117
10282 11120
10284 11127
10287 11137
10297 11109
10300   955
10309 11215
10316 11190
10322 11683
10333 11226
10336 11226
10344  7416
10351 11261
10364 11271
10365 11277
10370 11276
10372 11278
10390 11393
10391 11314
10397 11322
10403 11332
10415 11430
10436 11990
10446 12024
10449 11502
10456 11526
10463 11543
10477 11582
10482 11594
10511 11671
10531 11760
10577 11723
10602 11862
10659 12011
10663 12435
10670 12068
10672 12055
10674 12080
10681 12510
10685 12113
10691 12571
10694 12524
10699 12565
10708 12615
10712 12110
10718 12575
10724 12144
10763 12669
10765 12245
10767 12675
10768 12680
10786  1743
10793 12761
10796 12241
10806   930
10811 12588
10811 12589
10812 12351
10817 12286
10823 16424
10825 12713
10881  5288
10890 12950
10891 15701
10902 12445
10918 13030
10929 16879
10938 12966
10947 13066
10950   127
10964 12837
10980 13046
10988 12539
11017 13156
11018 12574
11019 12590
11080 12479
11082 13130
11094 12490
11100 12609
11101 13216
11138 13276
11162 12617
11168 12643
11194 13053
11204 12810
11250 13376
11256 13365
11260 13402
11265  9324
11295 13491
11352 12903
11375 12845
11417 13281
11434 12811
11475 13573
11481 13008
11498 13264
11532  4239
11535 16138
11620 13769
11674 13824
11678  7483
11695 14752
11745 13928
11779 13634
11794 13288
11842 13942
11867 13252
11910 13277
11915 13208
11988 11587
12000  2809
12026 13289
12156 13477
12219    39
12290  7343
12324 16176
12459  1774
12543 13639
12561  8182
12614  9970
12659 15421
12736 16736
12772 13995
12921  6898
12949 14216
13078 14241
13080  6485
13266 14415
13287 15769
13375   305
13405 11179
13506 16619
13542 14392
13566 14518
13641  2981
13717  8790
13876   792
14216 11236
14221 14504
14470  7107
14476 14362
14479 15355
14930 16548
14965 13097
15017 14172
15038 12423
15117   589
15257 16074
15386 16986
15432  8384
15673 13777
15685 16505
15828  6643
15938  4722
15950  4046
16009  2413
16055 14144
16090  6714
16395  6962
16445  8296
16499  8224
16505 12229
16505 15738
16507  6879
16591  1337
16607  7391
17160  2950
17160  3119
17319 15599
17412 15541
17536   275
17543  5200
17590 16074
17634  1834
17795  7937
18033  7453
18069  8860
18136 16781
18136 16948
18579  9534
18602 16907
18813  6879
18849 10909
19002 17184
19027 11603
19100 14183
19100 16911
19102 14457
19128  4341
19354  5746
19416  2670
19487 12007
19578 11919
19746 12019
19786  2949
19822 11942
19877  1055
19919 16607
19958   329
20093  2800
20108 16074
20191  9944
20218  9559
20245  3531
20262  7896
20266 14982
20277  3531
20280 14829
20298 14494
20429  9534
20794 10369
20805 14127
20815   601
20836 10369
20864  5096
21111  7221
21376 16781
21441  6193
21486  3252
21643 14598
21695 12939
21849  3143
21873 16420
21979 11701
22048  4943
22239 13297
22373 12137
22590  5999
22896 11997
22984 10978
23005  5902
23047 16607
23048 15141
23160 16287
23210 12407
23342 16839
23373 13391
23425 10840
23446  7076
23494 11612
23622 13118
23687  2460
23785  3141
23793 11029
23801  2856
23815  2706
23869  8276
23957  1811
23957 16801
24019 16402
24109  3262
24119  5271
24171 16198
24177 15707
24220 11206
24478  3432
24496 16282
24514  4625
24537  6786
24637 14531
24725  3575
24776 16345
24810  9448
24894  7096
24920 11666
24932 14930
24939 10079
25060  3997
25103 14811
25151  5221
25312  8556
25567 15748
25591  5360
25686 12522
25876 16725
25878  4433
25921  7537
26000  5206
26087  9674
26096  2192
26103 12676
26106 16882
26181 12778
26245  2284
26315  2856
26378 10811
26491  3442
26594 15367
26604 15367
26674 13701
26689  6628
26744  3531
26768   754
27085 13176
27093  8235
27223  8384
27316  4943
27356 17383
27421 14874
27426 17412
27432    54
