   11  5489
   38  2911
   71  2963
   76  2980
   99  1805
  102 14971
  110  3090
  156  3454
  167  3068
  193  3092
  227  3135
  240  3102
  277 11175
  358   627
  426 20054
  494 10669
  495  8656
  532  3527
  542  4211
  599  3596
  604  3591
  634  3167
  659  4084
  668  6779
  712  3229
  778 11451
  788  3543
  794 11695
  808  8105
  815  3605
  835 11591
  840 11591
  861 11644
  870   296
  872  3494
  873  3369
  877 11693
  908  3462
  923  3424
  942  3412
  947  3460
  950 12018
  982  4487
  997  4664
 1080  3664
 1095  3513
 1141  3863
 1153  3863
 1156  1248
 1175  3552
 1225  2256
 1234 11926
 1240 19473
 1250  3545
 1261 13386
 1294  3558
 1366  3854
 1373  4121
 1383  3928
 1399  3623
 1408  3857
 1429 17188
 1459 12224
 1464  9299
 1486 12074
 1500  3738
 1506 12114
 1514  3935
 1534 12191
 1536 12181
 1549 12224
 1550 12157
 1575 17842
 1576 12140
 1602  3993
 1607  3993
 1628   709
 1635  4065
 1658  3782
 1661  4043
 1677  4351
 1690  4106
 1694  3823
 1716  3870
 1726  4140
 1733  4082
 1765  3927
 1814  3938
 1884  4024
 1891  4192
 1916  4204
 1943  4064
 1974  4349
 1980  4268
 2020  4279
 2028  4298
 2044  4068
 2057   386
 2097  4394
 2112 17967
 2114 12313
 2122 12313
 2122 12317
 2134  4113
 2137  4429
 2145  4162
 2148  4411
 2163  4420
 2204  4151
 2241  4430
 2254  4237
 2291  4262
 2309  4197
 2311 15809
 2318  4749
 2319  4213
 2329  4406
 2331  4439
 2332  4455
 2338  4230
 2346 13981
 2367  4454
 2450  7156
 2468  8230
 2510  4303
 2522  4322
 2523 13279
 2531  2268
 2550  4309
 2571  4511
 2581  4366
 2602 13656
 2611  4373
 2619  4376
 2689  4612
 2691  4386
 2708  1951
 2716  4425
 2737  4412
 2742  4641
 2769  4652
 2770  4653
 2773  4610
 2890  4685
 3023  4727
 3030  4734
 3040  4548
 3047  4784
 3048  4784
 3061  6464
 3087  4781
 3089 13758
 3097  6784
 3105 13771
 3106 13507
 3119  2138
 3149  5076
 3155  4780
 3160  4754
 3176  6784
 3185   244
 3261   573
 3267  4055
 3289 14223
 3290  4868
 3441  4706
 3472  4894
 3493  6599
 3520  5474
 3548  2119
 3596 12203
 3643 19916
 3699  8765
 3715  5242
 3743  5516
 3744  5520
 3753  5519
 3759 17188
 3762 12502
 3789  5825
 3823  5586
 3829  5565
 3831  5573
 3832  5645
 3836  5565
 3837  4093
 3841  5582
 3845  5570
 3855  5596
 3861  5597
 3877  5415
 3921  5643
 3973  5453
 3975 20062
 3992  5466
 4027  5718
 4054  5515
 4120  5600
 4131  5774
 4175  5752
 4182  5635
 4194  5615
 4203 12256
 4212  5888
 4213  5631
 4214  6250
 4217  5824
 4252  5664
 4253  5666
 4282  5884
 4303  5690
 4327  5691
 4337  5823
 4344  2262
 4346  5975
 4364  5699
 4365  5708
 4369  5714
 4379  5735
 4402 15811
 4423  5944
 4433  5741
 4439  5921
 4440  5734
 4445  5930
 4449  5733
 4463  5908
 4472  5968
 4479  5758
 4521  5763
 4522  5795
 4550  5778
 4571 10855
 4644  5839
 4650  5852
 4674  5866
 4676  6369
 4699  6402
 4704  5910
 4710  3645
 4712   244
 4723  5901
 4740  5912
 4747  5934
 4753  6405
 4754  5942
 4759  5950
 4760  6405
 4760 11280
 4765  5941
 4779  5990
 4783  5952
 4789  5962
 4794  5974
 4800  5966
 4814  5972
 4821  3288
 4867 20211
 4883 11110
 4894  6497
 4896  9988
 4956  6496
 4974 10577
 4989  6519
 5044  6491
 5053  6532
 5061  6557
 5098 14116
 5103  6536
 5106  6574
 5121  6539
 5155 17983
 5190  9764
 5193  1675
 5196  9255
 5204  1077
 5238 14491
 5256 12158
 5259 12126
 5277 20113
 5289 11779
 5341  9673
 5384  6572
 5388  6752
 5422  6691
 5455  3025
 5465  6779
 5474 19862
 5480  6604
 5495  6797
 5511  6736
 5513  6671
 5515  6609
 5522  7756
 5530  6632
 5536  6637
 5538  6735
 5541 11917
 5567  6892
 5574  6901
 5575  6655
 5587  6884
 5590  6654
 5592  6794
 5593  6657
 5601  6667
 5611  6793
 5615  6684
 5632  6693
 5634  6704
 5637  6727
 5640  6706
 5656  6823
 5660  6928
 5661  6755
 5681  6731
 5681 18862
 5686  6719
 5701  6744
 5708  6894
 5713  6753
 5723  6788
 5738  7029
 5745  6785
 5746  6782
 5751  6828
 5753  6829
 5755  7017
 5762  7031
 5764  6835
 5765  6837
 5768  7036
 5771  7003
 5775  7034
 5781  6817
 5785  7016
 5787  7004
 5796  6854
 5797  6888
 5800  6857
 5804  6861
 5808  7103
 5813  7004
 5815  7041
 5825  6887
 5835  7088
 5842  6898
 5862  6927
 5868  6962
 5877  7071
 5878 17104
 5885  1562
 5890  6964
 5930  7286
 5949  7416
 5951  7528
 5959  7529
 5965  7456
 5972  7527
 5979  7055
 5996  9939
 6045  5079
 6089  7249
 6091  7658
 6103  7781
 6107  7779
 6124  3873
 6125  7147
 6135 14228
 6155   242
 6158 20002
 6183  8246
 6187   709
 6188  9293
 6199  7685
 6201  7682
 6205  9570
 6213  7330
 6221  7633
 6240  7706
 6249  7888
 6273  7734
 6279  7598
 6281  8205
 6319  7669
 6333 16123
 6336 17248
 6349  7853
 6351  7785
 6357  7705
 6361 11144
 6369  8596
 6379  7983
 6381  9754
 6386  7984
 6388  9323
 6397  7634
 6411  7818
 6456  8752
 6469  8135
 6472  8040
 6483  8205
 6490  8239
 6494  9189
 6514  7971
 6520  5841
 6538  8262
 6556  8364
 6570  8302
 6574 12158
 6576  8371
 6584 18319
 6585  9516
 6590  8328
 6591  9317
 6605  8688
 6614  9266
 6622  7997
 6688  8412
 6693  8341
 6695  8437
 6697  9340
 6700  8391
 6707  7768
 6726 13107
 6733  8455
 6735  8319
 6754  8427
 6756  8427
 6757  8120
 6759  8427
 6780  8565
 6801  8550
 6803  8550
 6806  8626
 6848  9067
 6857  9032
 6864  8692
 6891  7895
 6899  8572
 6907  9232
 6931  8700
 6942  8641
 6945  8092
 6946  9094
 6955  7926
 6980  8727
 7002  8125
 7014  8754
 7017  7977
 7024  8689
 7046 17767
 7047  8518
 7079  8822
 7095  8424
 7097  8426
 7103  8251
 7111  8726
 7116  3053
 7137  8105
 7138  8127
 7172 13494
 7175  9447
 7200 19917
 7224  9657
 7228  8709
 7229  8129
 7233  9503
 7242  7853
 7243  9503
 7255  8738
 7257  8397
 7276  8935
 7292  8958
 7311  9105
 7315  9105
 7319  8734
 7323  7696
 7336  9088
 7345  9090
 7350  9146
 7356  9059
 7357  8760
 7364  8488
 7365  9059
 7367  8615
 7371  9567
 7373  8516
 7375  8345
 7376  9170
 7382  8534
 7399  9228
 7406  9149
 7409  9007
 7418  8666
 7419  8661
 7422  8408
 7430  8803
 7442  9228
 7448  8701
 7449  9136
 7454  9305
 7456  9265
 7462  9279
 7465  9213
 7465  9254
 7472 10563
 7475  9229
 7490  8750
 7493  8525
 7506  8539
 7509  8539
 7512  9277
 7516  8747
 7519  8758
 7528  8867
 7529  8553
 7534  8633
 7545  8793
 7556  5028
 7566  9864
 7569  8475
 7571  9312
 7574  6527
 7577  9401
 7578 13411
 7596  8628
 7597  9275
 7624  9363
 7627  8205
 7629  9456
 7632 12603
 7659  9430
 7663  9359
 7671  9283
 7673  8862
 7688  8787
 7693  8872
 7742  9548
 7749 17048
 7771  9474
 7774  5489
 7800  7479
 7819  9109
 7832  7686
 7850  8878
 7853  9620
 7866  9129
 7872  9316
 7877  8927
 7888  9666
 7892  7619
 7896  3780
 7900  9177
 7921  9018
 7922  9603
 7935  9470
 7936  9474
 7949  9037
 7957  9415
 7964  6464
 7978 12151
 7985  9470
 8000 10750
 8044  9392
 8060  9427
 8063 11013
 8065  9490
 8067  8761
 8069  9737
 8079  9371
 8096  9764
 8123  9817
 8160 16957
 8165  8897
 8178  9864
 8191  9880
 8193 10102
 8196  9660
 8201  9905
 8269 10621
 8287  9888
 8291  8102
 8307  6662
 8308  2467
 8309  9859
 8327  9884
 8328  9865
 8337   560
 8356  9785
 8363  9970
 8368 10037
 8370 10102
 8435  7255
 8446  7825
 8478 10748
 8481  2861
 8486  6752
 8496  7945
 8618  8947
 8625  4274
 8646  9816
 8662 10170
 8668  9863
 8694 19559
 8712 10184
 8740  2752
 8789  9906
 8801 10269
 8802  9862
 8809  9871
 8813 10205
 8813 12133
 8816  9900
 8817  9891
 8825  9973
 8832 10054
 8840  9926
 8844 10083
 8846  9974
 8847  9977
 8849  9988
 8852 10348
 8858 10374
 8860  9999
 8868 10133
 8879  6837
 8880 10101
 8883 10076
 8884 10368
 8889 10081
 8913 10163
 8920  5389
 8924 10171
 8925 10455
 8930 10247
 8936 10196
 8947 10439
 8955 10447
 8961 10442
 8967 10221
 8974 10223
 8983 10228
 8989 10297
 8995 10244
 9001 10243
 9006 10252
 9015 10300
 9019 10268
 9029 10263
 9035  9307
 9039 10516
 9042 10341
 9052 10307
 9055 10473
 9060 10295
 9061  9836
 9067 10320
 9071 10473
 9075 10327
 9078 16995
 9082 10572
 9085 10383
 9087 10383
 9095 10450
 9097 10380
 9103 10357
 9121 10415
 9127 10384
 9130 10388
 9141 10401
 9148  6659
 9149 10418
 9153 10476
 9155 10404
 9161 10428
 9163 13110
 9170 10544
 9175 10453
 9181 10531
 9192 10486
 9195 10534
 9205 10468
 9212 10481
 9214 10480
 9219  3543
 9230 10732
 9242 10732
 9243 10512
 9250 10499
 9252 10581
 9253 10498
 9256 10503
 9267 10507
 9272 10552
 9273  9181
 9277   573
 9283 10863
 9286 10621
 9291 10659
 9315  6394
 9319 10567
 9322 10555
 9323 10562
 9324  2858
 9331  6663
 9344 10577
 9346 10682
 9356 11046
 9359  1418
 9361 11079
 9367 11024
 9377 10617
 9381 10625
 9383 10637
 9390 11058
 9399  9391
 9406 11043
 9407 10672
 9418 11105
 9427 10888
 9432 11118
 9435 10783
 9440  8644
 9463   575
 9480 11142
 9487 11098
 9496 11159
 9497  6779
 9501 11147
 9508 11190
 9515 11173
 9520 11207
 9536 11174
 9544 11187
 9546 11237
 9548  5980
 9557 11231
 9559 11236
 9566 11225
 9567 11228
 9572 11258
 9573 11290
 9576 11245
 9577 11232
 9590 11251
 9591 11259
 9600 11272
 9604 11268
 9612 11287
 9631 11289
 9643 11315
 9645 11306
 9648 11305
 9649 11390
 9655 11320
 9656 11340
 9663 11352
 9669 11386
 9673 11438
 9675    85
 9680 11353
 9685 11357
 9691 11394
 9710 11488
 9713 11507
 9719 10283
 9736 11588
 9738 11553
 9745  2466
 9746 11528
 9755  6356
 9766 10362
 9788 11619
 9789 11899
 9797  3888
 9820 11692
 9822 11741
 9826 11738
 9939 12117
 9944  3775
 9946 12117
 9967 10598
 9989 12297
10053  3835
10094  8534
10164 11534
10185  1155
10203 11618
10213 11944
10225 12289
10228 11931
10230 11581
10238  2444
10239 11611
10253 11655
10257 11637
10275 11657
10277 11666
10281 11641
10282 11672
10284 11678
10296 11927
10297 11677
10299 12072
10312 11733
10315 11710
10316 11740
10322 12115
10356 11876
10365 11892
10370 11893
10372 11897
10385 12154
10390 12007
10391 11963
10403 11996
10446 12435
10449 12173
10452 12193
10456 12197
10467 12561
10479 12497
10482 12275
10483 12499
10511  5362
10533 12576
10551 12404
10564 12516
10567 12425
10577 12395
10582 12622
10630 12555
10647 12554
10663 12811
10665 12834
10669 12572
10670 12590
10671 12588
10672 12582
10676 12751
10694 12860
10696 12637
10699 12882
10708 12903
10714 12908
10716 12806
10763 12986
10768 13005
10779 13003
10793 13073
10796 12767
10802 13100
10816 13573
10817 12803
10818 13140
10825 13072
10841 13573
10860  6773
10865 13167
10867 13113
10881 20153
10890 13241
10906 13150
10931 10604
10962 13050
10968  6773
10988 13067
11015 13260
11018 13094
11071 13410
11074 13436
11082 13414
11097 13278
11100 13146
11119 13470
11162 13168
11189 13399
11194 13399
11240 14982
11250 13563
11256 13565
11260 13576
11295 13643
11313 13282
11342 13658
11375 13314
11412 16821
11417 13566
11455 13404
11493 13809
11495 13449
11498 13590
11516 18014
11537 13827
11546 13841
11578  8423
11594 13885
11620 13911
11641 13937
11674 13950
11701 13631
11745 14016
11787  8379
11794 13712
11796 13852
11821 13891
11870  8388
11894  8274
11915 13708
11951 13996
12003 13803
12154 15094
12154 19508
12321 17180
12383   995
12441 10171
12515 14108
12639 12180
12857 14933
12921  3923
12949 14424
13214  2534
13234 14479
13280  7877
13414  4198
13602  5307
13629  3801
13684  3253
13809 15368
13853 15246
13953   398
13986  9735
14029 17305
14032  7523
14109 19197
14479  3133
14550 14310
14954 15486
14959 11366
15147 15593
15203  4592
15206   814
15310  5121
15532  4484
15538  9284
15538 16976
15605   104
15723 17762
15759 20009
15889  4963
15996  6002
16229 10218
16295 18641
16454  2337
16676 19055
16702  7692
16732  4580
17022  6058
17189  3209
17228 19399
17379   642
17412  4542
17515  8857
17529 10127
17543 15394
17590 12126
17852 19636
17855  5668
17960  4176
18244  3209
18388  3146
18461  7884
18516 14435
18553 13116
18636 18865
18658 15308
18715  3263
18730 18423
18839 15804
18897 11483
18924 12433
18951 11748
18983 15745
19095   651
19112 17550
19126 20297
19363 16580
19378  8174
19389  8007
19577 15161
19593 10645
19645 19346
19658  2780
19786  4405
19886 15702
19919 18731
20189 13056
20615  7159
20690  6070
20706  3519
20726  7667
20766 11816
20836 10980
21113 18241
21304 19672
21355 13020
21517   380
21574 15841
21669 13410
21814 11710
21818  5028
21855 19551
21888 12409
22167 18443
22172 11252
22222 12380
22258   354
22451  8444
22487 12277
22784 16183
22879 15716
22933  9338
22950  6381
22970  3375
22970 11262
23028 11909
23204  7222
23421 19922
23452   318
23585 17381
23694 16123
23759  7984
23793 18229
23957 18636
23978 14817
24279 14372
24298   516
24394 19485
24428  4032
24474 19165
24500 17954
24554 10944
24559 19051
24689 18252
25267 18683
25298   337
25577 20245
25597 14915
25783 16789
25932 16887
26002 13409
26044 15153
26104 11483
26116 16123
26277  5748
26364  4055
26437 13317
26638 15909
26718 10992
26811  2415
26812 17079
26887  2433
26892 18726
27096  8425
27115  5942
27160  6661
27209 11453
27253 16228
27325  4951
27366  6574
27410 15420
