246.2 100.6
191.4 242.1
187.1 225.3
 59.4 110.7
 38.0 158.1
220.9 209.4
 53.5 146.7
168.6 161.8
144.8  78.4
169.8 163.0
148.9  89.9
183.0 202.4
100.7 296.4
196.1  78.2
171.8 171.9
128.4  25.3
329.3  67.9
183.6 213.9
152.9 102.5
151.7 141.3
171.2 241.6
139.4  65.5
 70.9  62.3
356.5  68.3
141.8  69.0
182.7 202.7
124.6 180.9
431.7  78.6
134.7  47.0
157.9  15.8
157.5 271.1
144.1  82.2
295.0  77.4
148.5  96.6
171.4 168.6
124.7  15.3
 43.7  66.5
247.4 146.9
114.4 196.1
143.7  83.7
220.4 219.1
186.0 223.4
370.6  35.2
154.9 117.3
147.3  92.1
405.0  38.4
390.9 119.8
314.6 238.9
109.6 233.7
193.2 235.0
400.9  29.6
133.3  47.0
124.0  13.7
418.2 214.5
 88.5 267.3
334.4 131.7
187.8  90.4
270.9  29.0
294.3 245.3
 26.9 256.7
 34.2 126.9
350.6   8.6
113.0 100.2
256.0 293.6
180.8  80.7
139.3  65.1
172.5 173.2
123.7   7.6
181.8 200.8
164.4 144.3
340.7 185.3
290.8 173.6
277.2 209.6
147.7  99.3
295.1  93.3
412.1  51.2
172.2 171.6
339.2 257.8
279.9 276.1
187.9 227.3
373.9 223.2
367.9  48.4
292.1 176.9
420.3  55.4
125.3 262.8
317.7 178.5
118.7 295.2
149.2  99.2
263.4 150.0
 43.4  57.1
 19.4 144.6
211.2 213.8
319.2  71.2
 73.2  69.5
180.1 203.0
200.8 271.5
179.9 125.0
142.7  95.6
180.2 197.9
 77.0 122.6
103.0 291.9
174.5 183.3
178.6 194.5
448.3 247.6
153.6 108.2
179.4 196.1
238.9 266.0
338.1  11.3
158.2   9.2
 82.6 294.8
213.0  59.3
116.9 197.1
 50.0  51.3
407.6 113.6
155.4 118.7
154.6 119.3
242.3 129.7
155.3 116.8
152.7 107.5
197.1 256.2
202.7 197.9
228.8 127.6
 48.0  52.0
162.2 140.6
436.8  90.4
189.8  67.8
430.7 141.3
118.3 245.4
 16.1 277.0
 85.0  79.6
294.8 156.3
161.6 136.0
  5.4 150.1
175.4 168.4
237.8  21.4
357.4 204.6
 20.8 213.4
161.8 140.6
108.8 264.6
335.1 185.1
199.2  40.0
 62.4 203.9
348.7 241.0
367.8  18.1
431.9 203.7
197.4  25.7
357.8   8.8
  6.9 128.5
204.9 281.1
219.1 245.3
153.2 118.7
 35.2  25.0
139.9  64.2
 81.8   4.6
383.9 285.5
150.9 104.2
197.1 253.6
341.0 293.9
188.1 229.4
124.2 288.9
172.5 173.9
 36.5  32.3
 82.8 125.3
200.0 268.5
166.2 299.7
184.4 219.6
411.0 194.7
 14.3  78.7
378.3  32.0
193.4 247.8
152.6 108.9
406.2 199.9
351.1   9.8
145.7  85.9
382.1 129.1
128.6 183.0
146.9  95.1
 24.3  72.0
432.9 117.3
130.8  37.0
369.5  57.3
284.6 105.2
126.2  16.4
371.6 136.1
360.1 253.3
127.5  25.4
427.6 127.3
148.5  94.7
263.4 110.2
 74.5 156.5
420.3 147.0
140.7  68.9
137.9   6.8
366.4 148.3
418.2 271.9
366.6 193.3
305.4 271.5
133.3  87.1
357.7  53.6
360.0 188.4
430.3 294.5
 57.1 243.5
 84.1 278.7
 67.2  41.0
203.2 271.1
108.0 164.4
188.7 226.1
202.9 174.9
224.3 187.2
185.6 219.9
425.2 161.7
 65.2 101.8
173.1 174.6
 73.0  17.9
218.4  69.1
 37.7 155.6
156.4 127.4
171.7  78.7
227.7 274.0
108.0 294.9
412.7 271.4
 34.1  54.9
207.1 292.7
193.0 241.5
246.2  75.5
134.9  50.5
115.9 216.4
140.9  69.4
170.1 164.5
246.1 165.0
167.8 162.5
 43.9 281.7
391.2 111.7
152.9 109.6
  2.1 249.4
260.9  59.4
162.3 141.0
156.0 118.2
152.0  53.4
411.0 159.8
 76.0  36.2
344.5 240.3
310.1 216.7
 61.2  31.9
169.0 163.1
 65.5  50.2
173.7 178.5
291.5 115.4
305.9 164.0
431.8 130.7
114.8 265.6
167.7 160.0
150.5 106.6
182.0 212.6
176.5  33.3
312.7  89.0
281.5 103.2
 63.8  58.4
158.9 112.9
339.6 137.7
177.2 194.6
156.1 118.4
220.2 200.0
165.8 219.1
309.0 247.3
138.0  55.2
231.0 221.4
168.2 158.2
 68.6 240.1
351.1 175.2
201.1 178.3
434.2 176.1
336.7  45.0
199.4 263.5
247.4 144.0
 55.5 282.8
151.2  98.1
190.0 231.6
168.5 159.6
207.8 289.6
200.8 274.1
185.7 215.4
255.5 173.0
105.7 193.4
423.9 138.2
258.8  46.9
200.5 146.6
409.8 129.5
149.7 100.8
349.1 263.9
 22.3 210.3
194.1  87.6
 15.5 152.4
430.9 186.7
140.0  12.7
 58.5  50.4
147.2  90.3
209.9 298.0
229.8  93.8
202.6 277.5
