148.7 249.6
156.3  36.5
409.8  14.2
 81.3  99.5
139.3  49.6
425.5   6.5
157.0 266.3
297.3 265.2
200.4 252.1
 79.7 167.5
420.5 269.9
205.6 293.5
262.6 173.0
259.0 268.1
238.5  16.4
226.7 151.2
179.2 118.7
149.2 101.5
159.3 130.5
312.2 200.1
100.7 121.0
198.3 261.5
123.9  17.3
123.8  91.1
 39.4  80.5
152.5  85.0
221.6  97.3
444.7  90.2
202.4 275.7
185.2 283.1
297.2 147.5
184.8 200.6
  9.7 119.7
376.5 279.3
 37.2 156.4
169.1 171.6
160.4 135.8
 44.6 269.9
144.5  81.3
 82.0  61.7
 98.0 200.5
170.2 291.5
352.7 130.0
394.7 245.8
140.4  82.6
202.2  60.6
132.1  41.5
146.6  88.4
 98.0 194.0
180.4 183.3
168.1  36.6
161.3 146.3
203.6 284.3
 80.5 215.0
155.9 111.8
206.3 284.4
170.8 164.3
133.2  49.9
198.9 266.1
162.3  18.1
133.0 268.8
172.7  28.3
340.4  25.3
241.0  21.2
 62.4  57.2
 39.2 276.8
136.6  43.6
443.0  40.1
412.9 131.3
407.9 117.0
290.9 164.0
203.2  58.6
 62.0 265.9
 87.0 264.7
174.5 189.1
175.5 202.4
177.7 180.2
175.5 179.6
230.3 193.9
164.8 269.4
225.6 172.4
164.3 143.0
201.4 267.0
194.3  97.8
416.1  69.4
167.7 163.2
 94.6 268.9
403.2  85.5
365.2 214.1
186.3  49.2
180.9 209.1
 48.1 142.7
145.4  78.0
 82.8 175.9
377.0  28.6
204.6 261.8
103.7 166.1
 30.1 163.1
264.7  77.6
335.6 220.8
298.2 171.3
159.5 128.7
178.4 194.4
385.3 118.4
109.9 240.2
188.6 224.3
173.9 170.1
330.4 243.3
132.3  45.3
278.3 244.4
250.8  36.8
 62.0 151.2
125.6  24.0
 44.6 202.0
160.4 127.7
172.4 182.0
 19.9 199.3
199.3 258.5
345.1 281.8
345.1  44.7
247.2 120.0
147.0  87.1
203.1  19.4
186.0 280.1
210.1 283.4
189.5 200.1
126.3  18.0
201.7 283.1
404.6  80.7
277.8 205.9
172.5 163.5
306.1 179.3
167.8 172.0
282.3 279.0
321.1  35.1
317.0 296.4
422.7 295.4
288.1  77.4
174.3  12.7
271.2 164.7
136.6  49.1
177.6 194.5
148.3  99.8
139.7  70.7
 13.5 174.7
379.4 243.3
135.7  40.1
162.4 148.8
203.6 272.6
448.9 136.9
374.9 168.6
126.2  18.5
165.8 164.6
152.9 124.6
360.9 240.1
154.5  97.5
119.4 195.4
167.9 171.0
278.8  40.3
150.2  98.9
430.8 292.4
147.5 162.0
126.7 299.1
298.1  86.0
161.0 137.0
429.4 189.3
 61.9   5.6
162.6 145.3
150.1 115.0
156.4 110.8
398.4 168.2
196.3 250.9
214.9 235.3
280.7 264.9
141.6  66.7
149.6 100.9
220.3 183.8
111.9  13.9
326.6 202.5
375.8 154.6
220.4 228.8
304.5 168.0
347.6 122.2
159.5 248.9
202.7 272.6
328.3 259.2
320.0 154.6
 18.8  41.6
139.0 196.2
 82.0  92.3
  8.2 214.7
325.4 104.4
169.7 172.4
159.0 126.5
123.7   8.3
198.5 256.4
417.3 131.6
323.8 111.7
248.3   7.8
 45.7 208.4
378.7 186.1
122.1   3.5
176.2 184.2
166.9 165.1
240.4 141.2
360.3 102.7
152.1 100.9
108.4 130.9
257.0   5.8
326.7  21.6
283.0 149.4
346.9 227.0
126.7 184.0
265.8 129.0
 48.6 135.1
312.6  90.5
437.7   3.5
195.4 250.2
398.9 178.0
415.0 145.4
 56.1 102.8
184.8 218.1
337.4 119.4
157.1 125.3
445.1  85.8
135.6  48.5
229.6 248.0
365.9 238.4
189.0 231.7
321.8 248.0
272.2 289.1
148.9  80.1
281.1  99.2
162.7 139.1
130.6  40.3
277.4 108.7
147.6  89.7
352.3 122.0
189.1 235.7
402.5 216.3
 64.0 291.9
 56.5  62.0
 21.4  21.3
175.9 250.3
 24.6 182.9
 19.2 125.1
218.5 265.3
332.6  44.0
121.1 136.4
158.9 159.6
102.5 216.0
188.9 220.1
200.8 268.6
106.4 274.1
337.7 218.5
145.1 197.3
362.0 216.5
140.5  66.3
186.7 222.1
174.0 183.2
151.5 294.3
281.7 224.7
373.3 179.7
329.0 245.6
160.6 292.3
302.9  74.0
 11.3  56.8
437.1 254.7
154.5 123.8
166.7 108.3
161.1 140.8
448.3 281.1
156.9 120.5
 20.3  45.7
307.7 251.7
363.0 178.0
440.6 216.7
100.9 116.7
136.5  50.0
172.5 169.0
  4.4 280.1
 79.6  25.2
237.5 265.2
 14.4 257.8
164.8 146.2
162.1 148.7
443.7 263.3
142.7  69.4
176.6 189.0
150.9  91.1
262.6 134.0
328.8 112.7
159.5 234.1
248.5 285.3
421.2  73.9
207.4 294.6
125.4  27.5
167.7 160.9
199.9 269.3
422.8 236.4
