234.7 184.6
444.4 179.6
147.8  93.0
130.7  83.7
351.8   9.6
358.3 114.9
200.5  73.8
360.5  68.3
186.7 251.2
269.9  89.2
430.4 291.9
228.1 240.1
271.5  33.7
181.1 209.5
261.5 110.1
187.7 234.2
203.7 280.7
175.7 172.5
192.2 231.8
143.4  77.0
258.1 171.5
200.0 163.4
138.0  63.1
149.6  92.7
282.0 156.0
324.2 220.1
399.4  97.9
165.7 137.9
199.9  70.0
179.0  22.1
315.4 178.1
338.3 121.5
244.5   4.8
433.0  88.7
145.0  88.5
 51.3 251.4
 66.8 248.1
130.8  37.3
 38.4 181.9
190.0 247.1
202.5 279.6
170.4 167.7
 38.7 269.2
193.1 250.2
136.2  35.3
181.1   5.9
208.1 296.6
193.2  97.9
292.7 147.0
 48.8 197.0
398.0   8.8
255.2 167.4
225.2 149.9
103.4  20.6
307.4 234.8
 23.5  46.6
369.6 216.9
135.2  48.9
 26.6  39.3
 47.3 246.7
341.0 292.8
126.3  29.6
205.4 286.6
124.4  36.3
 81.0 104.0
158.7 126.1
129.6  43.0
181.1 179.5
136.7  14.3
437.5  40.8
 22.8  83.3
 13.6  76.6
103.6 292.3
217.8 195.2
260.9  59.2
206.9 120.6
432.9 122.0
130.5  37.2
143.1  85.4
284.4  73.1
192.4 232.9
 96.1 286.1
142.5  77.2
372.2 206.9
431.3 165.2
373.1  64.3
367.6  56.8
313.3 159.9
170.5 172.1
263.0 133.9
198.4 254.2
160.4 132.7
405.6 291.1
196.2 260.4
206.8  85.1
251.8 257.5
132.8  50.7
327.0 208.5
181.1 202.6
283.6 153.0
169.0  21.1
192.6 231.1
 25.2 245.1
 71.6  34.2
440.4 276.2
 48.6  27.6
 29.8 239.5
185.8 211.6
103.3 232.5
416.8  25.0
131.7  41.8
207.1 299.9
280.0 274.7
143.6  74.1
 95.6 191.4
123.6   5.8
 40.6 174.9
157.9 136.5
293.1 157.4
360.2  22.0
140.6 132.5
296.5 289.3
137.4  42.7
269.7 175.5
168.9 175.0
174.1 184.1
362.4  31.7
117.0 218.5
139.0  70.5
175.7 184.7
446.0 224.2
140.8  79.4
447.9  37.2
130.2  30.0
133.1  48.3
407.1 209.5
379.8 174.4
449.7 103.6
 91.7  78.2
283.3 256.6
151.1  99.9
176.5 180.0
158.8 121.0
192.3 246.5
423.8 172.6
226.0 207.4
343.5 246.7
315.4 161.6
214.1  57.3
203.3  12.7
  6.5  87.8
 51.3  89.8
203.4 276.0
352.5 154.7
193.5 196.5
165.5 152.5
 89.4 198.5
 98.9   0.2
173.9 184.0
174.5 186.0
104.8  96.3
276.6 272.6
334.1  84.7
433.6  99.6
100.6 238.9
392.5  84.8
432.9 128.3
196.4 242.1
243.1 281.5
195.6 245.4
289.7 236.7
137.7  54.6
293.9 140.2
175.1  10.9
160.5 134.1
396.0 238.8
181.1 208.6
382.4  92.7
  7.7 181.9
 15.9 126.2
 42.5 123.4
139.9 177.5
144.9  87.4
359.3 204.4
264.8  40.6
438.2  20.8
430.4 154.6
278.1 226.4
159.9 284.0
138.3  71.2
194.3 227.6
293.4 190.8
197.5 158.4
204.1 282.7
144.5  90.8
333.4 250.1
192.2  41.2
316.0 185.4
443.4  31.4
257.8 109.5
157.0 129.1
201.8 118.9
235.5 269.5
 30.7 153.3
153.0 122.0
180.2 228.6
146.5 275.2
192.7 244.1
171.3 172.1
312.5 246.3
373.5 139.7
146.1  82.9
159.5 147.8
355.5 261.3
316.1 268.8
446.5  44.3
123.9 150.5
139.6  71.0
124.5  25.2
 21.2 156.1
231.2  93.4
286.7 221.8
121.8  23.2
271.4  33.4
421.3 274.3
207.0 282.5
298.1 226.1
150.0 271.4
400.5  75.0
177.9  35.3
 90.0 275.4
248.0  91.9
389.1 241.4
287.6 154.9
381.9 149.5
152.0   6.2
126.8 195.2
167.3 156.6
150.2  62.1
198.3 269.3
177.1 176.5
257.5 267.0
378.5 277.8
179.0 199.4
217.5  16.2
171.0 170.4
141.2  73.8
130.5  28.3
180.8  71.4
242.4 296.8
199.0 259.9
 88.3 281.3
274.6  81.2
143.8  98.4
190.5 222.2
177.8 207.5
371.9 171.2
137.8  50.4
153.8 118.1
128.7  30.7
423.2 254.4
202.9  88.6
164.3 142.8
209.8 195.8
 26.6  80.3
167.9 161.0
171.6 172.4
152.7 104.3
172.6 155.6
132.8  36.7
106.6 238.9
197.1  45.6
 16.3  87.1
165.8  52.1
233.9 286.4
102.8  61.0
340.2 180.3
387.9 271.1
148.1 209.7
148.6 278.3
335.7  80.2
179.2 191.4
169.5 147.5
 75.9 151.4
304.1  39.5
278.9 102.0
135.7  49.3
117.3 254.0
183.5 208.2
 25.8 228.1
387.0  27.7
112.0  37.1
238.0  37.1
420.1 209.5
356.7  85.8
132.4 240.4
179.6  43.7
394.9  10.4
419.6 248.9
  2.6 235.5
